ID x y V BV pmRA pmDE
103 1220.98 1062.79 20.84 1.46 3.7465333114598565 5.514784117050837
1014 1200.78 938.09 20.87 1.48 3.608606832996588 3.6953481792611043
1015 978.93 930.42 20.46 1.54 3.8115108556509463 4.31148340709385
1019 1020.1 892.88 20.67 1.19 4.018445228563736 4.7949003269964185
1020 1032.26 1056.5 20.52 1.54 3.5843206749366128 5.0275104595584965
1023 1035.62 1185.69 20.44 1.26 4.3012943574466584 4.082703581827228
126 1010.2 1128.07 20.7 1.3 4.292362086288796 4.163413164429249
1027 1163.97 987.42 19.93 1.44 4.226493309296728 4.763959834744812
128 1027.74 946.58 20.44 0.94 3.5976215646904945 4.415165674429142
130 1173.27 1067.02 20.62 1.24 4.00737802858342 5.16295645396891
131 1028.57 1031.59 20.27 1.2 5.028672410192147 4.031621294860852
1032 1245.55 941.49 20.14 1.35 4.4928982645874145 4.168580515414689
133 1133.75 962.17 20.1 1.47 2.7569545872042696 4.363084877894324
134 960.92 1041.32 20.08 0.96 5.069992198100984 5.107835497113527
135 1128.66 878.1 20.18 0.99 5.64160299331881 3.9660705511665992
1036 1027.97 987.72 19.65 1.23 4.340582648975924 4.788101354589667
137 897.19 1051.49 19.74 0.88 3.3172339770777595 3.850733436626636
138 977.53 1030.88 19.83 0.93 3.792907345884564 4.735026835462464
139 1042.25 975.57 19.77 1.1 3.995243311434515 3.5056846606591674
1040 1004.32 1005.37 19.38 1.24 3.603031172149488 3.5008677233819916
1041 1015.96 1016.64 19.33 1.13 5.05212415573418 5.026567404609603
142 1005.3 1024.16 19.84 1.08 3.9767079308253153 4.655110763120272
1043 1087.91 989.6 18.99 0.94 4.287740052571593 4.013724767035745
1044 1076.64 1177.58 19.03 1.23 3.712102850230056 4.07736363400282
145 947.97 1036.98 19.39 1.23 3.9673139542752534 4.232292546420812
146 883.91 995.04 19.18 1.05 3.9393099004925163 4.943120118394429
1047 1001.27 1066.0 19.09 1.19 4.601651355154408 3.9259047907105895
1048 1028.95 1181.76 18.99 1.01 4.3175338734754005 4.655946680626519
149 1057.88 1025.47 19.26 1.07 4.314511741965791 4.787232391491216
1050 1086.7 982.56 18.75 1.13 4.025581268013169 4.13590966631251
1051 1018.38 1049.34 18.5 1.08 4.472655222489451 4.4550747536014335
152 1109.73 997.41 19.06 1.04 3.1514912112345064 3.879242877358985
153 1051.99 1096.73 19.04 0.97 4.1143944802236065 4.597994566214347
154 1058.68 901.9 18.86 1.06 4.074970080095045 4.544749565177961
1055 953.49 1029.34 18.36 0.83 4.874591664098244 5.082570075058585
1056 1104.45 1175.72 18.16 0.88 3.8119377737232645 5.412035880604403
157 986.51 1158.36 18.81 0.83 3.341243646609059 4.58545414038667
158 988.26 973.51 18.67 0.8 3.941877472077409 4.171297603937298
1059 994.86 982.05 18.36 1.0 4.868127036212659 5.3479927706106825
160 1100.02 1208.0 18.63 0.88 4.7184325381529195 4.1649224861498055
161 1126.12 1131.83 18.57 1.04 4.187925721268744 4.897820290274595
162 1131.8 907.23 18.47 0.91 5.105661686882538 5.361776031750418
1063 840.3 1001.69 17.73 0.95 4.024381369745405 4.37998621045369
1064 1031.65 1013.54 17.94 0.99 3.751231723994068 5.125751201079931
1065 974.98 882.78 18.02 0.82 2.978736185088499 4.927393731550757
166 948.93 935.87 18.31 0.84 3.7871353589466064 3.775575942561418
167 1047.74 1073.49 18.31 0.9 4.873854334879442 4.798018690465658
168 1008.37 1142.7 18.07 0.84 3.4912658223474327 3.621831811296984
169 924.06 1205.07 18.18 0.8 4.597085467066429 4.393041010366279
1070 986.63 1039.26 17.6 0.84 4.244088696255773 4.411958914899956
1071 1001.51 945.11 17.55 0.83 4.219436526790255 5.1773535546939
1072 873.23 1075.01 17.32 0.79 4.46361058332265 5.063405436332095
1073 1010.39 876.1 17.14 0.84 4.343178157758026 5.0489109362657665
174 1095.97 956.81 17.73 0.82 4.024153003538808 3.971985995450251
175 1148.21 1064.51 17.79 0.88 3.935581794491551 3.5689299997271644
176 881.0 1027.83 17.6 0.74 4.314216975553857 4.48412714656201
1077 1023.47 1064.12 16.8 0.67 4.278741695486263 4.628937828886233
1078 961.03 1029.47 16.95 0.78 3.537170172210639 4.284325318900304
1079 1008.62 951.29 16.77 0.82 3.7246918779883487 4.716241941595751
1080 992.47 975.39 16.73 0.7 4.49107711656925 4.6665013310118
1081 1067.23 1115.15 16.57 0.76 4.57013307433133 4.780834099302048
182 1099.04 945.62 16.8 0.64 4.477554347346779 4.456481413264161
1083 1129.56 1013.61 16.28 0.72 3.9191403551805033 4.446648247083984
184 985.38 1095.75 16.59 0.75 4.0255760298403365 4.528920306979808
1085 885.92 944.0 15.92 0.69 4.452166565255761 4.468496178280556
1086 1186.6 1048.32 15.52 0.69 4.339322162862977 4.6833134214176235
1087 979.6 1016.8 15.57 0.78 4.935017060703746 5.080074087230852
188 1197.13 924.23 15.71 0.73 3.185858478182233 3.747382708698365
189 968.43 1061.53 15.56 0.72 4.740163855064343 4.062524040227014
190 1118.89 1062.14 15.3 0.64 3.883490462172395 4.032929377896717
1091 1089.28 1139.2 14.17 0.62 3.7084079335842337 4.44680565348679
1092 983.61 955.7 13.54 0.69 3.6863586075872052 3.843132659237126
193 969.38 1101.33 12.87 0.63 5.020969188911735 4.913030653087448
194 1003.41 1091.6 13.85 0.66 4.153451988407387 4.465305042524718
20 606.6219000103538 721.1597865325034 20.459315390277787 0.6598264636104061 3.2523590245945257 5.199239781467065
21 545.7539095505003 1763.3913964497656 19.613813326431618 0.44032676517467495 4.008994713737708 2.894228029315387
22 1076.159609769636 297.8365053893706 19.87597844920031 1.5712548888555276 -1.106481536842794 7.078414527894139
23 1769.7938540438568 853.4753240313362 19.80325199313121 1.0510627964544201 -0.18428452183684474 -0.42235910613870065
24 302.12547614704204 1792.115686703507 20.57856124176811 0.6701340948117483 -0.24301155732657942 3.4434165652214204
25 741.6543121060013 776.1797086184965 20.88497347725604 1.3673161089447101 -1.944180081602278 4.974635237334747
26 1083.3061801864237 1456.1185618298584 19.213657858990395 2.804825717478244 0.9746414106586891 -2.007642309873523
27 197.31134655858273 1154.7340357290568 20.41963543815955 1.139676690819108 0.44975901502230664 1.3644079910366527
28 1257.3958782992488 1129.7868301115666 18.713727564849503 0.6616084049612186 1.9124825184036607 5.060966741956992
29 193.20713782845246 1665.0752708944385 18.019854296276524 0.9949006551157192 -0.5595202511457587 0.8838399165463475
210 861.1533082998503 1063.8450400545935 18.24831008251819 1.1712126928341968 0.05177281737903397 4.843494685118762
211 1647.6670317094492 1672.4312703883452 17.86548742795479 2.4940749142116987 0.764713622993832 4.925248547812624
212 362.2383691447328 1579.459782356412 19.162152013241332 0.5218068471723499 2.020778478929957 3.84503325208613
213 782.4606134962899 496.66847445722874 20.160711657115733 -0.3255243754118155 0.17681947311072443 3.869532151164227
214 704.8197042770903 1066.890686736562 20.269414883303256 1.4327774953653554 3.5688590183360995 6.318888051838227
215 603.306290300105 515.9252036325727 17.795012432769198 1.3471632222713263 -0.38866957258325363 2.1585671596168425
216 1954.8207539657335 1466.657460859654 19.430490699716334 1.5823022341133266 0.8676360495927575 4.203109213616289
217 508.3331009935605 1297.2864236929554 19.164094027458894 0.8907398959379235 -1.0166190970733908 2.4954110159130276
218 286.9413770984538 1135.6488138414636 20.44288876648933 0.8414432703369112 -2.926567240155689 -0.38689762314096443
219 982.8058596527874 29.05780802415802 19.63255117740279 0.4695576932270149 2.6594074561217096 2.7420225162676366
220 296.007376672736 367.22373283087836 19.02107659695867 0.16787967925979785 0.9839058847474345 2.488419101277363
221 70.85700060226827 356.00848064618276 19.749369097671078 1.3605345338529256 -0.17753006949613243 6.917810815253903
222 107.5677096417694 1896.7182662236005 20.435181915021143 0.9920177648024031 2.2506199026266462 4.338317163833552
223 932.808026889568 1696.7979006003402 17.524902859979935 0.8553359974960416 -1.5357372415111483 4.437662937372312
224 1361.4749816286173 80.792741027195 20.507395041410547 2.0229512540096706 2.394074437541256 3.224954469191982
225 566.3323774843655 747.0018542775917 19.0348776300279 0.7274403079655367 2.5521100404531714 -0.2413649765408672
226 1167.3216862959423 1473.9779372051398 18.05022162750246 0.7536388872440334 1.8658520146084507 -1.1348121212522342
227 1119.8397246994282 1118.2797703007977 20.202844826994134 1.6331029892040534 0.8459793547855122 4.094890015621001
228 1837.3505196508547 334.83629793428827 19.217458187663123 0.6930274042065058 -0.09846723709390537 2.5696071661402007
229 1135.596473655391 1078.0673294309865 16.62308738594555 0.3085429834897907 1.3757494151677836 5.26712178537079
230 632.674546327969 1263.3948425984763 20.757818547891166 1.133961342021313 2.1378888178768714 1.9844041843576963
231 1530.3005457252962 372.38035518637116 19.70870050568153 0.703199931560261 -2.269575536250837 4.045492043426493
232 1509.4911961882253 423.23008291606175 19.75939324367268 1.2039512061234268 0.20718860635410907 -1.1468095171004151
233 971.5437125389778 1115.3764480073642 19.816608336509308 1.330976531340194 -2.7615747408709193 1.3696777117513748
234 2021.2583133361768 764.0409510683583 20.43005878053139 1.8293757228022467 -2.6082209017223863 2.925717452841686
235 366.16855375370164 382.759702083466 13.74744880265831 1.6779277407425115 2.8750910093745436 7.149916897090459
236 1634.0393754986958 755.810630860756 17.809347423586146 1.0206698748952827 0.1180664104609211 2.514910938890481
237 1231.2163736206362 105.03639291030822 20.034437831684876 0.8887653871018115 -3.663672405257699 2.275218467833396
238 463.1836370634278 791.8366862163716 15.463583318747913 1.0516726511144385 2.841983982462387 2.509534310779628
239 127.23253052438577 747.2737429449371 20.397598919875236 2.4971443824657595 0.6903260392377384 -0.09831260061179137
240 1314.848095442442 843.2727450947948 20.22244810325028 0.7101424922547794 -0.22320936198791874 2.011600959993503
241 948.6552651052068 210.68519092937981 19.673264634813776 2.0824383880369006 3.128552218818609 1.0820659924108194
242 1769.1022641571083 38.102714452861846 20.610478945276782 0.7043174271259707 -0.29788638895414693 -0.7015509603780687
243 1968.6495299354078 735.7588751753865 20.01594185690041 3.0139244524786286 -2.1453880361262447 -2.266030163384227
244 1261.692376896709 10.652436952365179 20.385668243383176 0.06376453502551914 1.9941807731563057 0.7052007041604842
245 393.525637421729 1553.1320786036692 17.76296376394919 0.6986192568001047 1.3643585042452526 1.2781911516959261
246 1353.2413650971891 1741.1584998247192 16.065075385665413 1.9598523244334733 -1.2535118367126301 3.733602945234998
247 1971.012839853518 2040.8177081724662 19.20661998696207 1.3339167117411483 0.8941607776868031 4.550010673586084
248 628.4792437297126 681.2996313753874 18.23181533269798 0.7633863183529206 0.3977689977254394 3.5792636492085173
249 1242.891828144806 1672.6739782724574 20.47807696583443 1.161104711241213 -1.0194513991234921 2.546695952098747
250 1102.5711829277705 740.6343454227247 20.56969723464117 0.4800832533483539 0.23674611052924105 4.355830590631477
251 1226.0785497673012 868.1797549333801 20.246115414857783 1.6410656246345985 -2.530011022473165 3.269529887315434
252 39.26168041959454 681.4654961894353 20.262583668725394 1.8421272270607472 0.4828856493985777 1.5100425916247517
253 1714.3753916758221 550.4533275990455 17.859871908563676 1.2675480966065429 2.545944304681129 3.496663876645795
254 586.1298833326343 1261.5907838561945 20.83119908719597 0.29075306546537055 2.380252533547648 6.402488748132252
255 1716.9737339614378 1614.4714443453597 19.533875457970968 1.32650160377198 -0.3111812776322357 2.141293425324376
256 1673.202928587202 161.7535565361959 16.30946265632682 1.2143016263149538 -2.2019077675841108 4.3409235808268125
257 901.1145682171968 756.2110246683912 20.086677649366308 0.6257973450858165 -1.1722442614534947 6.301767966847384
258 937.0911630824694 1786.43693854071 19.00365131308182 2.4008974326572607 1.7627743466644648 4.3079919852650335
259 1478.1189163020967 947.9820731220225 17.611372386165282 0.6743194140315232 -1.657968440179875 5.547179826185406
260 1022.8595990481222 1391.3981256766406 19.72876567359707 1.1500871576984038 0.4876720476488166 4.137153683129048
261 1002.6264075011159 952.1943512989237 20.483599112937885 2.4145517653421726 -0.06473335926664758 2.639047509864005
262 347.73748010138524 267.5523432215682 20.180426507584013 1.0545275357112744 0.43421011419445077 5.874042442532513
263 96.10849956563675 1548.097660513654 20.08738348778745 0.5656192276016639 -2.370130362225078 6.387046582225025
264 777.1792789822857 148.2595365754819 18.4377014455238 0.6556386971401821 -3.11052543526317 3.497767705233864
265 1143.528399081908 1011.6913528537875 20.574267263046885 1.2898313833446968 -0.23075820554390897 -2.2318148596316503
266 1419.0954523451092 1025.7944583197573 19.520029106589334 1.6610100048598095 -0.16389687906004058 -0.42113846442766745
267 1059.7848685774266 1332.050499387864 20.467442300040243 1.2456342600841062 0.3702077542637282 0.12291119927435679
268 899.3300938227565 2047.425095666625 20.145003917352042 1.199425640742518 -0.6279836311441832 0.05114843208503839
269 277.3295100777914 855.4868380890346 19.151825563939255 1.4363361279182536 -3.0380382130406396 4.594273650103926
270 1699.1740024203336 1698.915497314051 19.76437026898503 1.2981784015321862 -3.748932092170925 4.855737862170914
271 1914.1248258774206 1415.777561368604 17.810709283785886 1.3177908256406958 1.6328353689381274 4.605995087510843
272 238.14990790772322 281.29320835095496 16.203348042622974 0.9228290429878542 -1.9412937972244628 2.794823690345298
273 1576.9848158700745 1661.5030832806256 18.512100768162444 0.9261334937579662 -2.713421992082411 6.667598357398859
274 643.4807662269936 60.26843859959672 19.524346770961778 1.4324874354537929 4.009109094817466 2.15079320734077
275 1921.739341875416 1041.1473557248971 20.302022269124752 1.7287021599621113 -0.28323881223621783 1.3463538791967014
276 1638.6484381989776 1003.854182353025 19.897194856386633 0.7685594961468939 0.4232663496297827 4.443389967399805
277 155.1295348175447 1531.0565212420338 20.149137070797625 1.0054535392785506 -3.8582727661630054 1.1821115589766362
278 497.9540333255975 55.13873883514634 18.137253162793957 2.0878755066519132 -3.2625633407722696 2.049136965365518
279 452.65601158112577 177.79345955352892 20.24061103019957 -0.2909805946265933 -2.6451876683376083 5.577795842083308
280 1139.9839112816078 1425.5929838836269 21.185859449672638 1.2423106117380205 1.4328311936120512 1.9829447295042648
281 1859.1227406994622 518.4829645929397 20.458676334912454 2.0374443448638813 -1.8398169459238103 5.54917022821148
282 273.81903124376345 1879.6550265738365 19.5978466569347 3.051395624665035 -0.42890983003327143 6.1655795462428
283 486.2954206830966 1679.4215223972315 20.765667980972886 1.8350778134908787 1.4376119258272289 5.0873315938992505
284 945.5947328075667 1483.009490586275 18.88343768587069 1.4685250843299351 -2.791590393867374 3.4345554621998353
285 1371.382789324106 79.62949613186106 20.24607433286668 1.4882058165915524 0.6161393861678734 2.8739300151232907
286 503.9976284943782 1984.2780145412867 20.857373693777784 0.9777222782847569 -2.6760861258270334 7.496711887211132
287 2019.7462612172494 589.0445224322771 19.323548429804333 1.1279466677905772 1.4353004090507202 3.6464563002003985
288 627.6850493992918 1164.3750953770723 21.278720535011146 1.2781708881305363 -3.1256833199055594 2.870194152296805
289 814.8239476596 1267.4095542593195 17.400339590244855 1.445972649796171 -0.4123039650688112 3.070627781876215
290 1887.0081501969044 860.0256968032054 19.420907545175798 0.6064465173404372 2.2056080804613685 1.6493651526658089
291 143.29218691168012 851.7823708929634 16.76966718189068 2.0873466618877066 -0.6828133820516105 3.503028853542398
292 1664.643577442602 1023.5716553722175 19.784696521778073 1.8546307073870663 2.558968074526038 1.5456086630390977
293 1573.9371161195306 1855.280170568258 20.14331409308125 0.7054531165114397 -2.677245402156499 1.8239950190718444
294 546.3797350100738 1653.9247387621542 20.835226264016363 1.5011828089619839 4.892633740603178 2.8055946505198492
295 250.13713033380327 642.6821318637872 19.35981657602544 1.2879447557150547 3.8137268827139317 -1.8181758910147012
296 1527.2708999013705 448.84711368445346 16.963749970476712 1.420411166857322 -7.431081778903086 0.4762553506357152
297 1887.4399718612774 820.9347727472762 19.036103778120413 1.3879235055855936 -3.496711828178876 4.080927982502386
298 439.51343279530784 1963.0361086295845 17.96938544095082 1.975586890860599 0.6301357542136039 1.5485376192327847
299 910.9749313219597 1178.0297050471777 18.483876158707815 1.5505681914489355 -0.24241426774100905 3.798863144517378
2100 411.01543765927795 83.4491775019842 19.630230137385606 2.052874430400041 -0.16581690571647945 4.596704576650676
2101 1833.0917932992388 1743.5684783085912 15.386372442345655 1.2148683329981251 -0.04330550266805255 2.3662280756647758
2102 1677.4716357219788 1427.6501999730149 17.463738058993215 1.4286616304494304 1.3963172250857485 3.8835379017217595
2103 1312.63873359901 523.9380193673733 20.20091609456556 1.1000889872444424 -0.4757810427537912 5.370025395707183
2104 1891.231497328265 647.2194391872215 17.501779510167907 1.1726480654684686 -3.9754227287161985 4.045938134974967
2105 1825.3500251439725 1998.8424993993544 19.685705453195904 -0.013228407050641211 2.6670199341473446 5.34342590392216
2106 1434.3758356864118 608.5455301660452 19.97581583526886 1.5351870647551267 4.246758139762353 2.67729843994147
2107 976.3760845863569 1325.775118734577 17.33033930791593 1.2609836986304346 4.923256866981546 1.3375102077058179
2108 366.6301872645695 826.1737635513869 15.253577415465532 1.7906763686295508 0.7131541273684489 1.688796417364696
2109 487.4305410313234 1672.6495780529633 20.267465047723682 0.6472968381445401 -0.8408402197698446 1.6407194188464158
2110 136.58307304678692 2025.3749296857468 21.03124121452081 1.3603929052105859 -1.9559973372907242 0.9657964255682843
2111 866.8055579498198 1944.7448729528794 19.345779045143882 3.076312882221809 -0.18344970062866667 4.44643803016102
2112 2044.7598887019024 358.9279850086348 19.4040457498536 0.8001650975010804 1.485594379105112 5.290664621893491
2113 1981.5470164725673 1899.7950466208033 19.77534452106955 1.8204506281942727 2.3574511052222014 6.644576712071932
2114 235.5129785043498 1974.4474470895746 14.842967872270854 0.3687173345676472 -1.620510438485003 1.84136597976501
2115 347.89617553530707 431.90966771156286 18.663282239798253 1.667561661677962 0.1914686220685907 4.083687940950647
2116 387.6525815356972 500.356610099773 19.880665330620285 1.0586755484858887 -1.844857278856443 2.0055551811348504
2117 2018.678177626004 1807.066261474057 19.776066723140936 0.9973595856403267 0.5262599545522915 4.311076500918507
2118 552.0103075643344 797.223679886172 18.462237164264568 1.3356143551755184 -0.7333249538044859 -1.7903895236725411
2119 1575.526185347553 956.4657993985381 20.374466579971475 0.6425403395839863 0.9219937781842541 1.1478855135064596
2120 1619.2144865891503 580.4831466374742 19.890782357323776 0.755439177995838 1.9917048800583117 4.914524525344843
2121 246.1597764104663 29.532775397706473 19.227049414555484 0.7699318650845547 -0.7298507426354064 1.9389493738974664
2122 577.7529993129797 1655.71904353095 20.333256498942525 0.6425339622578995 -0.7565650421805618 6.70167109404037
2123 1652.8339367932367 1995.0024184835238 19.622202302094554 0.9155688808094121 1.1354986507126008 3.323552496617805
2124 1642.4065159528297 1877.9247572390657 20.280831747561063 0.4450917324964425 -0.8792022890785285 -0.016687224027621017
2125 523.7248853803239 1369.5951996128085 20.17978991338506 0.7455915762663177 0.8864535216675722 -0.6518650397251844
2126 1909.5852341330449 1940.217229537097 19.889483412437365 0.3305912973039403 -0.5144214928441424 0.07402727988710911
2127 521.3549093019997 165.6202550926423 20.308359059554192 0.43186614657608263 -0.28428685933823467 2.8928839777513766
2128 1014.9662406953869 92.16169336508938 20.335147582429112 1.9722167502291756 3.929905643887343 3.6129013246830075
2129 1618.2025388400975 1468.0063048093507 18.709296044415577 1.6706190614815695 -0.41218733176442524 4.532104071602865
2130 1757.075441583847 1751.302547747934 18.558478848168036 1.2530988393175482 -0.16318293714363735 5.456093486466094
2131 1079.0611802610424 104.40062564727532 14.649262842979185 1.0215576841184606 1.0296472342792726 2.7852863540333037
2132 1095.254606917611 1478.4533858927086 20.41237420335788 1.0833153529355397 1.2437178460289877 0.4716495968403178
2133 1005.4056013196255 471.0279097442435 20.536216573704106 0.6332718821831177 2.801221721993344 2.380635053034378
2134 1342.842589649773 1449.8714223551524 15.23927207170445 0.3609148811687626 0.9001407292029484 5.1440079796760205
2135 1111.9506387010026 20.65710482035047 19.983448208001327 1.028079216129445 0.9415896925107269 3.643483864069794
2136 993.4463793770683 1800.707389622075 20.51547096937896 2.286446685480937 -0.5053609329544186 4.587190783220151
2137 1957.4361297141627 1400.3105807224931 21.12503875055096 2.3538721484315044 0.15771624392693717 1.241548195007561
2138 1605.2654499113687 2040.8527033203825 18.29453674083222 1.1450699825654258 -0.2773795258198193 6.202630139402572
2139 1953.3144686811643 1128.9113527103298 16.26207455949486 1.2166378066159618 -4.239368513385891 -0.4404253326925245
2140 2018.504543885974 50.710039740341244 19.44492730929106 1.2000919853877918 3.3842927300438226 2.695034252618778
2141 410.9248356234484 212.22887341338105 21.14543223301799 0.46329808068687794 -1.0289431164929872 0.843538287788077
2142 1062.9635607650087 1669.2330581822473 19.698751358143504 2.2440688950532337 2.1198718036792203 1.22287904076428
2143 1236.2627461871232 711.6478780960456 19.922257746576808 -0.30073825840673873 2.229770699841487 2.6609894439717037
2144 860.2926019923025 1190.07847296107 20.135280429180124 1.733380778456107 -2.89259478042904 2.0956441691270884
2145 1105.8498452417725 566.8805229352859 19.759769865591906 1.3058659772740369 1.7873725210985048 0.7962685535522223
2146 1722.0152684273687 1228.8558950530805 19.774709255421534 1.5911434348044138 0.20108246067020213 4.65758069981271
2147 1099.6817964506984 1693.0198863999808 20.36125781464134 1.62101453834415 -0.45014618826161956 4.752360979813515
2148 760.9653635385928 765.9726681846464 21.429555701997742 1.4427701764305092 -2.5587978861894567 4.976610712559255
2149 1775.6338517452577 862.5420438186136 20.744370742808282 0.35037458218195777 0.9784302268621509 5.952608207639075
2150 1782.729909536384 1254.2556556680868 19.10029886034675 0.24546577924311613 -1.4080384423534544 3.7396005617623915
2151 1812.4275528682958 1549.8311465283089 19.449179825626945 1.0702384209690636 -4.748630407949243 3.627409051764275
2152 1836.2962721107792 1786.5959259424196 20.477288481134902 0.15059251890324646 2.3630369440684795 4.266303347377928
2153 1022.86734779311 2028.1125639174743 20.81840550752654 0.9159986245434961 -0.6641583548274633 1.683440743310216
2154 1097.6105805632635 1436.1699839395396 20.861843094688847 2.629688086097308 -2.5145507501552693 3.6831724611382244
2155 310.18517001173063 879.9553834735493 18.072969369337052 1.9704754685239712 -4.3789614759473405 3.283113763480471
2156 1356.5680924146207 425.41112118365845 20.601797841332374 1.185316269230685 -1.4153499470724578 3.2113144274803904
2157 1814.5973465319569 403.0474212804929 19.568125365748543 0.8375430797996941 2.5551756878235787 4.179274786076386
2158 1332.1037573600274 232.04285302392736 18.09811209611373 0.13233361712327768 1.8803854130947342 1.426487060450652
2159 248.80918685464258 876.9325635807113 20.301571113153535 0.9263743006659495 -3.0506324253150163 -1.1575176044325195
2160 543.655020084339 1526.9406381801366 18.967033574040766 3.470889786056964 2.220984432528755 8.122625315908124
2161 3.7470006505930087 1349.0516049000123 19.29781164627928 0.4587355901722617 3.3590094815656713 5.822993143561755
2162 355.6142236645376 1989.1449698162214 18.919604139400345 1.344851514354275 2.1907128484092313 0.5373457070696928
2163 338.81429340522664 1830.3708266745914 20.077529001665084 0.7854859645207714 1.197152232394636 1.9674692583714286
2164 944.9172100977075 1572.301562409511 18.83953275102563 1.230351385700228 2.147237643044206 3.254123018273317
2165 518.2338377853721 825.4676504375755 17.23631540308686 -0.1425799948354532 0.7560751765589159 0.6427356033536671
2166 1261.6230104609388 43.69532713743615 18.61229347727883 2.7977014549942956 -1.7452542653764462 -0.20478972424438302
2167 1836.3213211594018 341.4782280403265 19.581393697280657 1.11804136526781 -1.9410464875934306 1.9669557794504353
2168 840.4310954796099 299.2823201686738 21.264150186606454 0.9225976596013087 -1.4393566496038164 4.422578254549498
2169 1256.216856130946 957.5408644234617 18.334726362922964 1.5688589581863366 -1.565519939759125 -0.6653044106975581
2170 166.33610316309796 1360.4173806420629 18.035518357319063 1.1741201325394366 0.5977278760100948 3.4783765189621807
2171 813.580917613237 1666.2045036990833 19.70130937550528 1.4237567196569507 2.7599044160970925 1.003342720563992
2172 754.5964745057054 1409.6279014429024 19.777579955083322 1.3810068388979648 0.2991991928635502 0.6744314168781518
2173 1652.5609811986767 1742.9257515485538 19.24442563094248 1.8857994181334907 1.2011742547471866 0.9281596706725939
2174 159.10035391832503 2009.3430409119194 19.664014682567622 0.9023625142423688 0.22213107217748423 6.6016185023548
2175 1250.78577226662 1376.819608588464 18.181811961335377 2.624013021286302 0.8745583591075006 2.2278081400478325
2176 1486.9588172686638 1439.2937947714167 18.860786717641773 2.1435249627429362 -3.3409939982474453 4.074553350228597
2177 901.5612019191674 1035.787259355405 20.27603015125542 1.4866631051757557 4.331992157662542 3.585700485997227
2178 576.666553271469 1454.0165140030128 19.809770261868245 1.0228098855731895 0.486401837276596 3.8447744971773967
2179 334.3394869656388 1403.2161650314129 19.43181074251745 0.37686373564551434 -1.5049790507509218 2.786393127815324
2180 935.9024106482689 1793.6253859909093 19.904593929363344 1.1325466878421013 -4.1517584703083905 3.8195841668826347
2181 7.183626690735764 1005.7500109613638 20.036595822716787 2.349878109871251 0.7166544959453723 1.2550160418538807
2182 1147.7805487549847 513.4831459848308 20.725720528776066 0.9148166459913175 3.6959756652861993 5.077991711997159
2183 949.5794418858682 1699.9375720525532 19.034491410728304 -0.05549105759061081 -2.8056184822248262 5.112485975509362
2184 1159.5785954171754 1161.832427309499 19.756092867764565 1.68114800317 1.323222315103808 3.0933108122923527
2185 1946.2290615037743 323.53449880951985 19.591263196202448 1.5028745288052208 0.17989581912725516 0.22040552774009603
2186 1501.2548659812446 470.7624265265654 18.01550639635724 0.2587060743676621 -1.5794232879063745 1.0311912604861555
2187 865.7665147085002 1844.551587220644 19.94632178917029 1.5732387447833798 2.76253788480277 5.848678862387679
2188 615.7656137332333 1146.1498260869553 19.282298764041762 1.7867629829428127 -0.3933338861399033 2.9736020421336775
2189 1410.985951182787 392.51055124057507 20.558990410127873 2.437538793971912 -2.5010780941857655 2.8662923310167345
2190 985.6154351305013 655.3983282925342 19.985682659691715 1.6762674586642108 -2.022795941168298 2.557082972308574
2191 40.20192773722988 925.0510784294863 18.662866294836498 0.8253464472732693 3.922515056925998 5.184521750716719
2192 1561.528003149723 583.3255652281455 12.709939035090466 0.3080509500495479 -0.3980659782413468 -0.09004796063493004
2193 1642.1158870629577 350.2867495649332 19.218930633500932 1.5815372859528338 -2.9066120558495414 3.4409866049924327
2194 1727.1443204308425 128.84850432570283 18.425585284836398 3.191808741138152 -0.08901743969238857 2.2411183206578
2195 88.61220151780503 23.257471030533452 19.189729748774287 0.19968734063238405 -1.2922274254341812 2.4815059469378196
2196 1564.2214030433051 2005.307969973744 20.59328401389731 1.2422738229058055 3.36337767017838 0.9056707518111793
2197 997.98928927321 1188.871681306501 9.895199601394847 1.4247746794109237 -0.7548129080596949 6.710322064034153
2198 883.435928558818 499.8128262443711 20.17238096092262 1.5196500104550688 3.597653322178368 1.5416757550068503
2199 2030.1250011751958 1437.798132727875 19.81491957726605 1.2724806117094163 1.5312417419059645 2.6439432417274977
2200 1984.1407705472532 1304.8065204186084 20.116547181372173 1.1116308409109945 -0.6568016641231678 2.103715535386227
2201 907.5265100758761 1192.215313857523 18.80362336570012 0.5993958123352446 -0.6494286828098726 0.1898463801699486
2202 1862.26081564219 70.59983550688435 15.615850271292885 1.4359914429059908 -0.42499087866610263 4.393846932604693
2203 77.78436508831714 639.4987468121919 20.676306001648054 1.4317131669869891 -0.4851820173488248 3.8946521531274882
2204 1783.4582407782566 2017.0319914922013 19.90442789563407 1.0899124188232145 -0.9841692263789719 1.0773622673552936
2205 732.386765874287 1033.850067342217 20.07070686053984 1.4085207856064612 -0.9272981156596707 -0.25529562341869294
2206 1737.7379143243334 406.34142431754844 21.340019016932704 0.948612207902763 1.2610814430936919 0.3694343443856387
2207 197.93244057387847 982.4527020094486 18.65419655715836 1.7661508194229623 2.3161453895133395 4.150806848943729
2208 1727.0989305439207 798.3831381641987 19.36937874657777 2.1417795018498222 4.622274709104042 5.035195496085386
2209 2031.8028035139619 940.5095996433124 18.919065015651547 0.7056728403013492 1.8647982484571601 0.8790139553827598
2210 1265.1915612516489 879.1759000538664 18.813729002656967 0.5324127181807942 -1.3676074067987494 3.159204404235045
2211 163.43116157964482 234.08136212929548 11.615837001529357 1.2292462684204375 -2.3807912315018385 3.24380378125086
2212 1150.2045582363296 1068.7995050762024 20.017563735665583 1.3174120753924092 -0.07388505041582122 1.1569259606393842
2213 1193.2493591361342 1771.9726611502665 20.013427225549894 0.9387905592223348 4.752149095726625 3.488843007032565
2214 677.0342621828597 1703.4247850267734 17.652023096642413 1.481851459076022 -0.04440210555502638 3.2262566505275885
2215 1379.4427235903775 610.5996192384819 17.93819609622431 0.9296052114676867 1.2135062632625166 2.7762744055114554
2216 1894.9439352893355 142.79860047771103 21.319507694823855 0.929781586470886 -0.8576468811249225 3.647181736122643
2217 1961.6685168043518 48.70231593779636 19.466552557395875 0.1523959895402759 -1.7073749030521403 0.7637626097557257
2218 551.4116391033631 151.61131679165578 20.758301424534086 0.5443186692241901 -1.1960085291854898 -0.15962171601052777
2219 469.50616134072175 131.27179814912324 13.95956749003121 2.9524128365193745 -1.7686321524023976 0.9102241065385008
2220 1718.7148071525428 1339.0930588621975 17.272293687020703 2.4676628862769827 -0.6398356795996415 2.8429041076341894
2221 1751.9444568814902 119.21319774261929 20.679462313294863 1.5236195444316496 -0.7000846680380095 4.094557589224207
2222 1336.5418186032903 467.86596467454 19.172726725878665 1.3155858091869352 -0.37261733755308446 3.182391443998025
2223 813.4341943537604 1170.629208621888 20.433934157454857 1.376716351752993 -2.584070746944089 2.965691883420588
2224 97.70179923981777 959.0285132384504 20.084918760011472 0.6279498506453479 3.0048688187231956 4.852308909270856
2225 886.0445161399073 20.89440620520827 19.533609642749244 -0.04980841202854133 -0.35949628665586986 0.3726919701325957
2226 694.2945723747255 2021.8749980876962 18.45136618839587 1.0287441440116913 -0.9295261519258233 2.286203941523992
2227 56.59073425328461 1966.5875626202437 16.694100023444445 -0.2372704115076644 -1.2017651613126497 2.495100023055357
2228 592.6044680140487 224.22317260380692 15.667947482773736 0.5241169768194267 -1.7187054519072198 1.8430288087170645
2229 1037.468652668821 1519.629745384324 18.403330619402855 0.7197207532692923 1.3773643892707443 -0.0390817659774636
2230 287.50493597608306 1671.138980534747 21.124998266638844 1.1600812015899167 1.9942394561705858 2.8165693071430575
2231 528.594765745924 1763.7114489353303 19.342637070939794 0.7014627433643226 -0.13825607696459752 0.5112329701531002
2232 1804.5682911222257 1938.0795145620457 18.861700156646645 1.2801230968440518 1.4994468277787194 2.4103272166234495
2233 1322.3212953443613 1521.6179202721246 19.290490520235288 1.2884218530873908 -1.604605243556362 1.6612590409365087
2234 881.7314613640049 228.75663199199835 20.610368896817725 1.8703464970442454 2.0455093364641836 4.138057789313152
2235 991.069559092859 1928.1637736784423 20.787639787620748 1.2682848199769665 -0.2815285652321357 4.824849954816271
2236 1976.924502998276 1481.063702035754 20.093699340299803 0.21256614324596668 0.4860071581241203 2.054294867380681
2237 675.6939208069691 340.76462510056535 15.464993205432538 -0.2681368954843124 3.4310771571700966 3.385411578901611
2238 958.876484409735 1258.9786721096984 19.373270006425454 0.7971758639158738 0.20444328357004016 2.3775855851596797
2239 1262.8171925846652 881.4343178051547 19.701543680977373 1.091824800547431 0.5829670818945696 4.649052609277716
2240 1451.768121860066 786.1890587512812 15.994393098583933 0.6617918884824496 -0.16173604548353415 4.1296585510768375
2241 1684.3667727339982 805.8429049548424 19.773209972467168 0.6208669351586088 4.756889838851705 0.10163879555875033
2242 58.12293959509793 380.8402366110886 20.516105375408905 1.543880095030637 -1.4977236330928196 3.944751693404245
2243 354.4566095497198 1479.6539897505438 19.751434254151096 0.9818754912602685 3.178276136471844 2.9865560017491095
2244 1243.5895307485287 252.51122795166634 20.816207833117737 0.8408588634264355 0.2605848650365006 2.406256658407636
2245 1685.0150487253932 456.8309422473469 20.76493222387695 1.4190331856865885 -3.485449022985132 2.4382981866784985
2246 34.513933688739144 735.8782863520917 19.328298600880156 2.3397812556658377 -1.5930150389483042 -0.9653379653556304
2247 1978.2328753451975 1522.900382230896 20.36399990108689 2.495834651802172 -0.11345266619795796 2.2639059487951596
2248 1173.1244070204334 1999.4254071351145 15.399415701855487 1.3207159217317914 1.9930632709494984 -0.4702608114923037
2249 1106.1539175156997 1910.5990565936272 19.758966276179887 0.7067380999749386 3.9121852460183058 4.230613699780735
2250 1470.7322677705877 1863.0390706645587 18.61295710023354 1.62541202378326 -1.3620387631124249 1.4208201243359588
2251 870.6846549578072 623.1424434452597 19.82283593509711 0.5810111732420626 4.350655463147118 0.9087123329748266
2252 1420.7739366420687 500.07175905202257 17.84258573515984 1.3752710914269908 0.4888823774143838 0.3538060765931532
2253 1801.518254990535 213.91846869232904 19.715991076166354 0.5452596365301194 -2.888871359446674 5.261475416021153
2254 1145.1634125711087 470.0958876777122 20.347399622666593 0.6092547478532557 0.6687300967802248 2.563877950278384
2255 1545.5708084250505 577.0065937914596 20.016542484138675 0.8350900377047273 2.5002423649258185 1.653233099925895
2256 335.33954682156696 404.9852240226569 20.084344984176035 2.340848863556652 0.25392215751810543 5.340467955516331
2257 798.7664273298838 1354.9557383899153 19.10444526659005 0.91803582998157 0.23556207498103915 4.1956278192770835
2258 673.154741620901 116.92021760212447 19.696862436212392 1.3334133294625878 1.2199038152342037 1.8744588598001766
2259 1811.9217582762574 196.09428910951442 20.456521067950405 0.9798604688411005 4.7187868181055785 4.356403307188047
2260 698.1297821136332 135.56202587034227 20.23921709444934 1.2488383598289967 -4.065359101311102 2.894221715282267
2261 1258.8430641353445 1516.2165489014412 19.132481457339523 1.2765629037858193 3.148493227810076 1.339254032616103
2262 654.7165641393858 1419.894217880282 17.472968219082993 0.4225254020302178 -1.833667089332991 0.8562182855885059
2263 1151.5926637072919 1127.2037825631792 18.638294656305753 1.3756370074314936 0.19389434743823197 5.03486268736788
2264 1707.9693603000321 1642.0975262495613 21.19831025675342 0.8337486975415894 -0.5254486154886298 3.210472558658655
2265 457.2734798465972 64.53734842353515 20.504202700115787 1.443629357834164 4.704970661155531 7.95900861702625
2266 686.9816071654561 1480.3907938177344 14.203498101166698 2.3037212621992316 2.779485669229678 1.9087977609687667
2267 401.89415853451624 148.46237324474464 18.10860593640733 0.7297723929243294 -1.4194941128554468 -0.1714293700076599
2268 82.97733353132844 521.0490407109526 20.025809514729197 1.278915133416561 0.7981151656680919 6.141961225890581
2269 845.6638862843724 720.4564320083798 20.312931986513245 1.0061769270251715 -1.6054333564823529 -0.3959332785426759
2270 958.9954040817145 1487.1617483272053 19.872370955304483 1.055769499070347 2.1237940144242398 1.9542582292077637
2271 493.7152737287554 1697.672230288332 17.638110880041463 0.7227949151112474 1.2122610454494795 3.727924268804654
2272 1661.1966841207584 1848.3651880951306 15.870487673714582 0.12085595881628543 -1.4876774579104906 1.8535680879555565
2273 298.4149026103794 124.22892948747494 20.134560738340454 0.6710573502812183 -0.6713875816159152 4.026551743924721
2274 388.09704521667845 875.5024565711956 19.73898086764262 0.8102085018407158 1.2660034761495054 8.128816481742724
2275 1474.1532884862816 887.0976257674747 18.998857875239093 1.4074289094740693 -3.898894820067814 7.741352646530448
2276 547.0615120202233 261.60676526704924 19.746999371909187 0.3435993909274573 1.9616269877429238 3.498293597951364
2277 1017.1410973056859 1510.502044168745 19.762962960553292 0.09665492672605486 -1.2015692439754984 2.5540537754291837
2278 1098.793382203819 25.585484652749983 19.813423280711685 2.017576105157603 -2.5021167339599724 1.9218057892564149
2279 484.58071109014645 591.8329183160813 19.069671172039225 0.22873208209995993 -1.3909667230654563 5.967583262342908
2280 837.482378875045 1279.158584878826 19.898781251822264 1.4569237329740077 1.025537136602935 2.9413197148453634
2281 1282.8393324390859 193.31423311717185 14.657267504095577 0.6455180556430582 -0.002198697229696095 2.2271734594290606
2282 908.6372111195426 1633.3733320102158 18.60842669045602 0.874455353631716 5.5467692149054395 5.8758151137252215
2283 1313.747125182384 1023.2063033216189 18.052111062812664 0.5189242695805508 -3.989189069291781 -0.2720160129076703
2284 590.3600671160714 980.0094504338815 21.266435474154584 0.37377220454667304 -0.549151852923079 2.511743445618217
2285 666.6035085269828 985.4740613718122 20.824888366971305 1.196893413759561 -0.3862288865393133 5.4152025251038305
2286 965.5525516963628 1363.453520145275 20.503776577373635 1.246230825633031 -2.11499514390579 -0.42593130529821543
2287 1128.920316464977 1796.242974663712 15.960868217908226 1.3497648156394486 2.520814105705677 3.7991902539119193
2288 857.0300831190691 1634.4645560715671 18.51441759514175 1.120146023092642 -0.24186033128224993 2.0407023567520093
2289 1964.0479171963586 828.7537113964383 19.009796935268117 -0.060725788255859586 -2.0070064060668105 0.46030477916201473
2290 94.1725587648641 1783.2786833816165 20.65744915282105 1.7043707920271831 0.8351663887635586 3.097501588682895
2291 955.2286846371085 133.19164375466107 17.56079235985076 0.05550162160326465 -1.690882573272984 5.548934338183392
2292 292.1078701899055 326.569206691667 19.17695078696685 0.7209120597964068 0.046857533097891285 2.2391637717467066
2293 693.8268460091747 1410.277052458687 20.322338841035698 0.9066182110129286 -0.8053528295978403 -0.2984750283069282
2294 1332.7870194589552 811.3433292135701 20.06934044278752 -0.28284127053358027 -1.5567173542558728 4.0009177058206244
2295 1355.178169031819 939.7964320510564 18.23774217935476 2.1760037896145064 -1.399999203075183 2.80351125401795
2296 578.1580804152502 1654.8615393732302 16.263735529502593 1.5763866427954485 -3.3407589025114546 2.5788739505623544
2297 1361.3485915001993 1230.188139526632 13.093291412797894 0.5084067837446198 -2.917963537333665 3.5355858334445927
2298 1679.0721487299181 870.5387455774858 19.229249140782244 1.4736590812102182 -1.3975669484612 4.9106664244433755
2299 1870.0540172080487 750.4476064057369 20.986820752027114 0.9640542275281623 1.8094681941159143 1.9846561913029097
2300 269.97435317556597 1002.1905871046888 19.42546928345258 1.3336864928170504 -3.403466139851673 3.8816280665637324
2301 1117.775584265985 910.0087858859424 20.430402483670502 1.2166413647955043 1.2530936056449815 2.090050178530836
2302 811.5638227931167 1316.633864084425 19.282467122817074 3.1838210352080747 -2.9578224138190135 2.536677055135205
2303 1686.2707370355097 1031.8365732425293 20.20634473704679 1.3850774315664391 -4.033617216855497 4.7657593783769805
2304 1090.0622635033117 539.1579093729999 17.41804610935124 0.9860990633505327 -1.1602184152978916 0.7492384622092683
2305 1050.5885367726287 1577.374353721621 19.77883384246852 2.229818860062437 2.079974638332824 1.1121555345773138
2306 1824.031064302458 1707.1454814293354 19.72068167701579 0.8539520754208669 3.4521169220723364 1.6879406232308445
2307 2038.595154343781 322.58328748467807 19.535197851777706 1.461054723389768 2.4497145560626095 1.749636806230763
2308 90.15774282342977 231.09393925730456 17.545656287642323 1.1451912223914904 1.893991838986565 1.772242540427153
2309 1069.9102951371028 1245.5847187016755 17.581784654186215 0.32506777202563963 -3.3827336375724677 2.6082109230903248
2310 1409.8901161071185 1168.9806320547864 20.506702203887826 3.4110693733117374 -0.28596156716176363 2.133744037366961
2311 1758.6769606557727 20.051981371926786 18.016712025333405 1.684242686196627 2.983034692363548 0.7483235159543753
2312 337.4303519946268 438.71036784249077 19.8391924084177 0.7536726538461891 2.0627746253062282 0.9835861450547492
2313 437.43286227224735 115.7817324555599 18.892152589503066 2.393462955589939 -0.9189808124014562 1.657091138276606
2314 812.7217033936863 757.4007985743149 18.37260058409179 2.3745264004163853 -1.5724610454620913 -1.1194924927552496
2315 324.1902199107012 1243.95111908222 16.90230144364914 0.9338485871849853 1.371706684700283 5.72961562305429
2316 1092.1451662525137 661.8484558032756 18.636608034134127 1.6088249637022913 0.8589312756800276 2.3215768376731543
2317 492.87369260467403 1346.3399483699156 19.939377091467787 1.2229831069418098 0.1885015295584068 3.9490065953360913
2318 708.0474527798799 1266.237643168999 17.329702436787702 3.4145461496858016 3.2531638684315736 2.2285212627739535
2319 203.514330154552 1293.8044447683926 20.1972406003413 0.992590875194211 4.116991689000512 2.77879413560266
2320 471.69291285735153 753.5388095824817 21.126517683057397 1.7931849220593592 2.1440635958189755 3.3789192736707476
2321 263.0307365725919 536.3124079008837 20.461324561516857 0.760870059847374 1.5852681820221426 2.818136390775237
2322 1492.0926470228837 1890.6185276698588 21.235575398400428 0.647972888660269 0.4720864274813607 2.0295149167520607
2323 39.890951934172335 1350.3487720960986 18.979395381294214 1.121755754296631 0.981099028018246 -0.5497069172855569
2324 399.1392500962204 589.7170346175749 20.117590554821906 0.9996152385249565 -2.477021753173108 0.6552075212339652
2325 1628.4155736157823 1609.1599524132298 19.373302371539637 0.5508580697794877 -2.8019887114702398 0.772413268580765
2326 169.71145940166025 1908.1658366561373 19.481798003820014 1.9546650792287525 -0.16357496196819687 1.4661559945027647
2327 506.1705733228257 707.273867538408 19.18009853241689 1.3803427475343863 -5.619191138364511 2.0694074327025564
2328 1398.0716152503066 64.03432507338516 18.02607145698312 2.97382876638373 -1.1945043855424595 2.727863918817646
2329 1736.1429169419187 411.6223665785915 18.549491394716213 0.8246903371692665 2.2054277430540705 1.418414892530957
2330 647.9025750283229 152.8072811897896 19.93855272684684 1.189723102593336 -0.27861223032649113 4.258027894724409
2331 1222.0901947418697 1286.3679417347123 19.34594205372535 1.5186885113723387 3.603264295076645 0.9524542326243328
2332 166.69396788690756 118.02922227597742 18.2715860828357 0.27426165335326375 2.1553720957916065 2.2354654126813958
2333 729.5821845557812 868.6908785917328 18.50866256673094 2.2004017708657484 0.5425302226749884 4.4582168069687675
2334 1331.5478019866175 77.56322506729543 19.17448318634741 1.2087743730788776 -1.502663524484689 4.050039539820439
2335 814.3856776786622 1277.6579433130125 14.075426925551012 2.028415781181721 -0.5087082194832888 3.5342869881701477
2336 1089.7682084418445 1761.019026019187 19.413548854528997 3.1765027626450117 2.090881778379914 -2.6592862473807113
2337 665.2237177237075 1332.0717906006942 19.082036002907515 1.2725112155601948 0.7013463784152985 5.487569139192544
2338 1820.4297389321177 640.0040343025562 19.513592675024558 0.9057354903060523 4.268002235124861 2.117743954503733
2339 383.2462139585716 99.57878126537639 19.79936297133425 0.06303879397562406 -1.7434312801781209 2.2517419079583947
2340 951.2188716666237 1762.0665872618827 15.775294170082894 1.7495222554077066 1.367425087412252 4.581330216701799
2341 99.54115199686566 1026.805595390505 20.66802720188551 1.2625918228236288 -3.255992213727904 2.791738747819906
2342 763.955073915273 725.0993704313626 17.520347763067996 -0.4824911182430532 0.9492505923655894 1.8962160312107605
2343 1867.8793280399307 394.5944220398999 18.024492226515097 3.573031996468154 1.4498694473876257 4.489220549704965
2344 69.35948180885907 1961.963964359893 19.236177912101752 0.2468623835511373 -3.1417614040627666 2.8435427873022987
2345 1233.9390581435769 525.7639412535098 19.48689609572859 2.1158632354097073 -3.3636202427020363 7.337578974272306
2346 1978.6273149469114 825.314621402907 18.892610800088974 0.6076782918136321 -2.1074406043414364 5.021472202201067
2347 1919.405165700841 1061.3935640178465 16.235489386051814 2.222041185364121 -0.4072188669834953 4.611170175320899
2348 708.23895014953 440.5372185865622 19.610301904440025 2.477998868526932 0.6334883569989747 7.278782270724835
2349 1740.234381069733 1730.9763394602674 16.826734833431203 1.0010537904620262 -2.5092040828946796 0.7252619506586933
2350 96.76000628206384 170.4181018109166 17.161949991832152 1.6036388202919425 2.583176023401852 2.8560947079761925
2351 981.4353312173257 1845.756369984267 20.44559141451626 0.8527540321611118 3.8135263781930475 1.8716208461516364
2352 228.50631634599426 560.8934304754882 17.270138971131644 1.1700774888948318 2.215189627712026 4.469951282324481
2353 1459.3323004615418 570.0449228431874 18.60681859180082 0.8837847298766883 1.902804428541307 3.7136492957064786
2354 1824.226030734912 70.76683082265163 16.901443397257395 0.6219505498032918 -1.3203722857799212 3.9835481269169954
2355 634.4710749513436 711.1005624077823 19.88321713847008 1.3431717106861754 -0.0470221593473617 3.3523845048459635
2356 1348.5182672724545 729.6215560115791 20.776643871944312 1.2741695448358636 0.8741045828441728 2.158112689562963
2357 725.4955586354013 1005.8322486290128 14.789415340839495 1.2162727073534867 -0.39174340991723455 3.5409833989000363
2358 55.5106846534818 1230.4890529422808 16.20857562879955 1.098648016111269 -1.5243129861536568 4.570134784908467
2359 959.5298004029275 1067.2240035181305 20.534921535991785 1.002967243982171 -3.592948953886895 3.837775260478013
2360 283.6441990762564 799.5381972306755 20.04807951860775 0.00012457025922432696 -0.5271189889146944 1.6907445103211995
2361 1103.2621544767887 1768.3342127087183 19.369459897650152 1.2418022045971104 -2.9654904349465627 2.2340846042309312
2362 1781.1731564462668 1329.4947811736924 18.04130760176181 1.0366775489075826 1.3975809685152365 3.627785449860516
2363 613.5095998564213 1539.232488932306 18.022822150989445 1.561111020201581 3.5505774900658458 0.322105354180493
2364 840.3279985217603 1511.4065754301996 20.874618509798637 1.01755392624194 0.9211653603674615 5.042606167336742
2365 1065.926361216673 876.3936732583579 15.897577567728701 1.0160014151020977 0.48251879723394675 2.0233596010219643
2366 145.94759600806674 709.2066525543958 18.959257611608162 0.9752829332952891 1.6526329973756364 0.5189287511620595
2367 1742.015483333086 1836.2046198127862 20.68723148916162 1.2125189819157973 -1.5600057627426949 3.4622687302677155
2368 1993.6250595412228 1862.6514232814845 18.4614122562951 0.5751539925388769 1.805560100519106 2.275537703195433
2369 1261.193900803095 1466.6639066586135 15.35750252428945 0.9954853695171479 0.35184447616943737 4.3861763475473134
2370 1612.7851059048864 15.553210455653698 20.69218653643707 0.9468241259901456 1.0432316259004952 2.7849949868995054
2371 154.26062771264264 588.7829826667964 19.71802495030868 1.6273148401505233 -0.6779773188918552 2.1250724973485724
2372 459.07897068037914 1604.748396702696 19.119514468293918 0.6606664672887927 -0.42593783435430765 5.693702272765082
2373 952.9402945292222 1925.4409094366486 21.05021897657284 2.4277176969805034 0.448908735474476 3.1293426564703983
2374 1926.3032455581135 443.2883427474644 18.63941979983115 1.0875306666330031 -0.7288156817130742 2.9353072953273505
2375 1328.3870894051681 278.4799387222961 20.17633461823447 1.6277800828641218 2.8153410451506797 4.515241318664548
2376 1476.4793178120456 118.17930005661105 18.96745706656894 1.3043123549477635 1.0022255698602 3.5603710283136514
2377 1718.3836768558003 1833.3044949079156 20.54542332858582 0.8001930010072144 0.9477237296568948 2.0909292285408787
2378 548.1914871907163 1676.83510488249 19.099274869196925 1.0954553997522996 -0.1331691335813343 4.352869849165119
2379 313.93258625479734 79.47723872260394 20.766074503727207 1.6627298351202882 2.286518471157954 2.865469353081248
2380 1306.4526763941776 1745.2811754161946 18.36996194694766 0.36029403568790785 0.6633121366813148 4.38025773120119
2381 729.9377029301322 1472.3879929622585 20.74911856378825 0.5770142063146755 0.5467610898226172 2.643988209532366
2382 1001.9864241758671 353.0327296360715 19.93976959067453 1.5186932270038218 -0.4700079033678968 -0.13178550908664022
2383 1763.3713808215211 822.2169253819604 20.92562471141467 1.2888744413030635 -1.996490532593004 2.2318645674325213
2384 1935.6848839346808 1244.2364970635335 19.587368425597116 1.349999908721424 -0.9801510507150037 5.011504123710152
2385 723.6838664187162 1577.742222026955 19.87219802463231 3.857967109874498 3.4966319005361512 1.767233981041218
2386 1907.289448611117 84.71464932702975 17.819684008048625 1.1808677378811043 -4.952483228193327 2.202447621288409
2387 1346.1990320698274 1544.0622011786993 19.895764666134813 0.9290530954925624 1.0339276815588996 5.655388110035502
2388 1171.5357196930413 1644.2344909052067 20.115637044136943 0.16004666725107342 1.1517140848237424 4.705734158694131
2389 82.31686794025768 349.4671637267327 19.67051498031628 0.41601549244528657 1.4322064005674702 2.8226459060489577
2390 1643.9022293428948 97.0021569116193 17.43873203758029 0.6972609584637119 1.8812925124546926 4.139070278594528
2391 623.252517513371 1555.125590256347 20.339791160745254 1.5689287005697188 -1.6431599513789463 3.5500803384576267
2392 424.09784914602756 833.7111028784309 16.73997526382253 0.3095663819698936 -0.5036771575888236 4.404381595200594
2393 1598.1619174880627 1535.3326296887756 17.64488866650029 0.11440863455437547 -2.594678248905188 4.652501355796037
2394 531.6823604647041 1832.9952372051214 17.782854793646866 2.455510952524276 -0.2364237043021351 5.905148324452291
2395 27.207336329281816 861.2287732799741 20.68526901517304 2.7119079858766084 -1.1514825137487363 2.202124251316373
2396 544.5420000454321 1758.4696471473364 20.665962103312367 1.1569620151228375 -0.5555225797376169 4.617969868742005
2397 941.9349672698866 885.9548413535492 21.14512317247605 1.3778331436747446 -0.3792887628882613 1.3285033312708154
2398 1386.9193398564564 182.0305733297498 17.91640107160982 2.6501169139437457 -1.180591559986158 1.188989562399781
2399 1771.1550845935592 2042.055061760216 20.588162868102494 0.9528376137923599 -1.2519410660839654 -0.8582023113870303
2400 673.9812874841632 251.365155955227 21.051536285379463 0.6508058434055666 -0.23938355940015937 1.623135314748112
2401 687.3879026628538 1059.797075729056 20.091311961586925 2.1691370493574804 -1.0622644668710186 0.47271257112581955
2402 87.92265327351106 963.4295341728416 18.379584402748204 1.6993607685517158 -2.5592728819201596 2.325072352683504
2403 1654.1383084619806 1342.041256262469 16.5942392363601 0.6792403607738431 -2.6550885341516337 2.871820882202786
2404 992.4229502963842 1917.0496672423112 19.56310958302992 1.4344583157978321 2.549368539703231 7.371243801576517
2405 1812.8781723895008 101.58823190743806 20.363622869992483 2.970552960258756 -0.6268662148893165 1.501747392093746
2406 1069.3106347446517 1121.3439808212645 17.772882395244295 0.143404101404633 -0.12345755408596298 1.9248601574419264
2407 1530.7550961220063 1699.370304930777 20.316407239565493 1.1844671808319949 -1.7976301194079094 0.907197437631805
2408 1601.4658796776416 1738.5104390104282 20.493397816399973 1.1519155876660525 -1.190025099232515 -1.2751860776920907
2409 721.0905675330102 344.2168355472322 17.698367262522385 1.030481095796346 0.10650448595937145 1.7388591281803545
2410 1009.9846354386675 443.75381278361533 20.350334252099447 2.148190179497794 -3.044143679274038 1.4021801511126712
2411 1170.355188904724 1188.0643357758695 20.93879690945073 2.3666412381861788 -0.05545449549116421 2.9906075982485745
2412 1729.9089409583141 1127.661629439496 16.842565517337768 1.1598547770401149 0.8716531469033195 2.110079436972762
2413 1958.2148974701279 472.557808622395 20.48161560586851 1.0924144924658699 0.5976457872540244 0.5775201733725517
2414 1670.2283168184854 1867.5347672510688 19.41701352700586 0.997951874595801 1.788036888325508 5.359435549149836
2415 917.6845015149665 752.4075444844284 18.155300273203963 1.0820617975410391 -2.9331422085369137 0.30280511417159905
2416 333.0892537696684 1686.171986507688 17.906564773873352 0.8176941992402813 0.5632379180842668 7.784747928502989
2417 474.054267192987 78.78847096069649 19.84392160052822 0.7136033314837124 1.5098807408930122 4.115432071453652
2418 151.88505842301993 28.367940465835318 19.852958601509254 1.3232899189914453 2.8844298741927448 1.6933639923621269
2419 1849.8722411089827 473.1302013737852 17.71674593500218 1.6228777083344272 -1.4815114467714425 4.152851662599665
2420 1926.8394872689025 309.9084545205453 19.215251934847572 0.7516033190373191 0.07458474971733879 3.2540124867276616
2421 1534.8029812920317 395.11943890345856 18.885673718684124 1.2050783324780778 4.084500810245802 4.593094477567832
2422 1067.3944197694755 1009.5111488769342 19.668234790296975 1.1545171011677713 -0.6294711168248317 -1.4841229871920394
2423 435.8948662496564 1480.3926503276448 20.332480765525865 0.9517741559941529 0.5002363144877042 3.4824955049843958
2424 504.334189854196 1218.376583005813 19.345310034436036 0.3646113353295889 -2.9020933016588844 3.056993688038789
2425 1288.7370444558198 1312.371877435248 21.08389968455623 1.449227306620141 1.8704658655149708 3.7739126796549614
2426 603.6367753604904 1575.115187539112 19.753070708101003 0.7031539931723071 1.028603758910096 2.19235907550163
2427 785.190026162898 380.8052486230979 20.34229844022871 1.110840703356566 1.4618016445197315 0.8516507531536495
2428 461.7961109532275 436.16960742846504 20.80689484719625 1.3455835073196918 -2.2712904570556325 3.325278960596226
2429 2025.0656031409726 957.6237218847136 18.142905178093965 1.5910984879207315 0.34509774877215893 0.05994153466379082
2430 2020.3824447327866 1969.2447365602939 16.745394845235065 1.610660695495653 1.0046155776370762 -1.4704434339515968
2431 1712.1854554046047 1504.3417909137174 19.344812237863124 -0.015114103130459938 -2.4885492766454544 1.983366854299328
2432 1542.150751656042 23.29143049247523 20.45566554448847 0.8183862515124287 2.9743171946039624 3.938458186487196
2433 1211.0654177123204 615.3118384157119 20.309693475998785 1.5676660858030969 0.45915441590357986 1.9289340192547462
2434 1222.6902462731518 1297.089360392344 20.173295104226142 1.3810071696336739 -2.1416149514933323 4.479125573721632
2435 1967.122235474872 839.3718039359892 19.67021851770493 1.7572884228001406 3.0455252359929905 2.8592339408229264
2436 1347.0712779361806 1482.1243603145397 19.82495447660792 0.5138685902575173 2.317539657458864 5.59425220192146
2437 1748.8022850571851 1401.7326812066929 20.19352110343966 1.619775063001203 -2.7066003846578095 4.759886585433313
2438 1788.1653921213683 1887.0394757147649 16.581549096853237 0.7737487045195711 -1.219472344481007 3.015864951880114
2439 1980.5547371130508 1760.9988086293176 19.11785547688611 1.0833541162513167 -1.0242402540093243 4.274757772812666
2440 1392.040990195924 1129.266021221209 14.492037838046784 2.0844104934465597 -3.1011721411264466 4.328904803344756
2441 819.6626481826866 1781.5245029891446 19.951083962528227 0.6205959126996263 0.6745345123021531 2.615790240062388
2442 488.83953028719657 1903.4367492427714 20.345438280983984 0.5513173488938906 -1.8744633919387277 0.7027311181623785
2443 1490.8960007548926 1215.6495233379515 20.928348062803714 0.6145632192377801 0.34235861179153604 1.7499171931967097
2444 594.9811442524579 1189.4030159291367 18.203716203008014 2.158331039402955 -4.092854447636039 7.865202468249322
2445 507.6600118977483 274.76855078766766 20.180252587674666 0.6842337625069869 0.7510220609483637 2.433542808896537
2446 714.2614895009722 1055.8981533024605 17.995503879266444 0.9713965868629221 -2.8215343519822147 2.1230342970262512
2447 1746.0705643333724 500.3832562790685 19.694655690633073 1.8860756490799002 2.89500730268489 0.3648079559113362
2448 735.8413267500825 680.6156094634091 18.64754063338095 0.908483907071697 0.9808448233671693 2.9908336294304365
2449 996.1530428392546 245.42286563482207 20.429474252457574 1.674838651959442 -1.8984007606219708 4.541867808386746
2450 600.33514400747 1932.1698158814602 16.714382522567536 2.399645683398157 2.5087771665056846 1.6391377634717896
2451 1280.7366911703243 1624.3442105951638 15.952949946024653 1.853035782408208 1.2393868033241244 -0.13045789062484658
2452 1266.9958466782152 1266.3638290399588 19.859646749116777 1.4746187566439324 2.927088913088154 1.0921109033993308
2453 198.72769464095427 225.6755524747914 21.14685284738895 0.9603117248997511 1.7879162136291709 4.063585585613174
2454 509.40608668963455 1560.0885181899878 19.46713912043603 0.9849894872501255 1.8850092673754097 6.539254625161626
2455 511.0972557146979 1886.9046256890922 20.92220330525056 1.145392400321488 1.2994446358154381 0.956230410430297
2456 37.11222434953652 387.15492410004754 16.708059232131124 1.837242658308841 2.3188988399558603 2.2395508455707933
2457 337.90832541563486 1333.0399963653128 20.275346194920218 1.0424461068257715 0.05561880903886657 0.9958642279689747
2458 1342.9706809759082 507.2385797966201 18.775009074565972 -0.38450983817736833 -0.583578116207723 3.5898035514261384
2459 740.8937077990026 1869.555034540103 20.480511602809088 2.1142555009431296 -0.1932228890590993 0.3249898766578809
2460 61.679331966096015 1753.2989250968337 17.856399826818823 0.6659938123197889 3.148225159292836 4.206567001824753
2461 1288.5964412609933 1331.6547047311274 18.063317332272426 0.4286194372238534 0.09059160589933693 5.549865142212404
2462 1889.233464668171 2030.3768407752154 14.402822893456372 2.1239520570583372 -0.008711962742736057 1.8410534312992468
2463 685.2132929745242 337.37908781807164 16.813840257479153 0.366501062092141 -1.3086466462224629 1.492446083117548
2464 1292.2914263812975 59.65017299858664 19.78102250027261 1.2288955010114528 1.1066947932087963 6.917522780513455
2465 1602.6747801654467 1770.0061569570576 17.35045471488506 1.2381512991884174 0.06547683355167186 3.2519280817096727
2466 1129.5623394790803 317.5480517431854 20.461762464542907 1.043699749763325 0.3822398514725176 2.8903381822852716
2467 366.26430513766263 1482.2663871627256 18.73749079760596 0.23634712949779657 1.2992697927592367 2.1856021508326906
2468 1799.6421068226632 1751.3963805041317 20.353582251303948 0.48868836458768095 2.922234016458902 2.138664832061073
2469 973.923731453511 752.8867156925546 20.900711358792496 3.093080487653661 -0.4585748956154819 0.9847267803131385
2470 1593.5267780495958 216.4387475397241 20.832524981293588 0.9690334840232828 2.810616297893573 3.284875797341289
2471 301.2257085103213 582.7557655837265 21.17661346640177 1.2395462211129733 3.8898982109185662 3.0809376960683528
2472 755.5776990157099 1745.7093082030938 19.363511877599244 0.24767842297807968 -2.1096903710129125 3.2615178089057952
2473 176.74824162119535 470.55556011014824 20.33502083632601 1.2985520165121864 -1.7164602643153393 1.5983162001774383
2474 1508.8593894016578 1313.1003879543243 20.846754939085155 0.8592784188648895 0.32630388883107575 2.112957647482451
2475 1568.848510681463 1021.1975375135978 18.26811039234722 1.600802094678172 2.8045150393136224 4.866027496528847
2476 1314.9221506222689 214.01746035141127 19.001696508182302 0.7563443813455427 -1.2816761594145427 1.6943019017512722
2477 226.3468907399672 1604.8212876957136 20.556935668064405 0.03244445662640768 1.9826173414619397 3.00882858755085
2478 1569.31598343814 1452.4243363147707 20.648613327072557 3.2227907406189438 1.9254985422070714 2.505495685043865
2479 770.5197343772722 842.6141558234945 15.347797168169851 1.345385185477587 0.6248692317371785 4.977450656248834
2480 1495.5055979605931 1647.4914104055213 20.124395479890683 1.1176305097176569 2.388474932312837 4.563736412710118
2481 1097.6454812405912 653.39042768955 19.57396281812341 0.8861261218181918 -3.3764828120774673 1.8715780319736939
2482 303.7409990821525 834.7613840177448 16.924453574113038 0.8855488780354209 -2.2186261678504726 5.274531818843789
2483 391.944279508152 1574.6438624006298 19.171193005385447 1.2621340969322916 0.701599572025318 1.3788345889720162
2484 875.4743974635583 252.79856425485627 19.368069769352417 0.9971006702258086 2.0366037114050766 0.426947117040259
2485 424.42337742056475 723.5016171837938 16.583355680684704 0.6663764243564025 -2.09167091145 6.736772783911966
2486 1359.4198086796048 1228.7224501151431 18.79464598122372 0.8531669988753252 -0.8640082279355268 5.064385928839993
2487 1361.5427070523688 2031.4774387782713 20.170144779244687 1.0112491728967268 -2.279506366148796 2.9175920474181853
2488 1683.271687849689 1926.2441201015604 13.565703379360164 1.814895762875051 0.17190632656138993 1.6959605747197803
2489 1486.747219374628 310.19487713581384 19.183992686299696 1.0478101975537135 -3.4095713006508297 2.029576329716569
2490 1233.7696557492989 876.270968195397 19.675992635368292 0.9332717631676359 -1.4543269714025282 -0.37456888600056093
2491 1093.5242199709348 606.3330565153208 19.908134001175355 -0.24403078466641015 2.787242818394255 -0.43010549664953635
2492 1139.4846251269473 1973.9521159634494 19.655771701241125 3.342995739984901 2.834771638118156 4.032876278065898
2493 1974.6757023859063 1492.9503761406681 20.00464129808677 1.8996814265449804 -1.4059759156664198 4.158513477432022
2494 1518.4419219957706 1794.5134697570418 20.59861132388318 0.45060147729592614 -1.631499399698654 1.3677590340082462
2495 1218.8387208767908 886.9575393246628 19.50344484904279 1.8251054235290936 -1.8490412944430763 5.182330322361556
2496 416.52758362662576 1184.9171074651156 18.42035306604042 0.41489899800190355 -0.19737135915815768 4.978728723699348
2497 1539.7361746412857 1468.0657822031462 19.823959367865584 2.3903612460470622 1.774753502602579 0.9097303818627667
2498 357.3447594117665 1626.3038623658006 18.001951723770286 1.0911916314701466 -1.2680533176670263 2.886343097812087
2499 335.3570539887512 1769.6620038989101 20.368167185557894 1.52535705946905 -0.3928073127992593 0.22748357028233457
2500 1143.0052558019531 122.28114012162723 19.45124837834685 1.1027416889470343 -2.240343978003362 1.9038110196029496
2501 322.4895395385745 1912.3777133299864 20.701056434687324 0.5663665607388176 -0.40045239258027177 1.7922321743649907
2502 664.4596330874115 1222.406353600601 19.150808702899116 0.26672052902772614 -2.148763889740568 0.5986770819541425
2503 596.2303055519847 1572.742439495231 19.101809939648497 2.183772289945538 2.556060312664682 0.5167705383559169
2504 179.54857975170262 1552.4760886274523 16.498819028585537 2.516155501149533 2.583637343920687 3.622170896220538
2505 635.022803646088 666.216891696293 18.052522543442166 1.1033196285998546 -4.800351863316924 6.525036287914178
2506 700.1784858876863 1722.4971325392405 20.666637138352574 0.855819214785024 2.9301279138739007 6.465453468668251
2507 1021.3944284019733 435.4749838977889 18.334586779711007 0.8595843725834128 -3.848200936932769 5.273757552839767
2508 1720.4648873098395 793.078498360956 17.086926510736188 0.6605547811147949 1.0762073729947845 0.647884870869786
2509 593.114291025496 225.237822544123 18.981799528371685 0.7401219535402733 -3.315430135159974 3.949745339781982
2510 1764.9769442589654 578.014109397162 19.469278661228046 1.0342875225738462 2.3705172339220413 2.6912943915318825
2511 1584.1556395963541 933.1719154160094 20.834919933184214 0.3014241442229724 -2.58026238102451 6.232108328525431
2512 1350.917290625622 1039.362402937261 17.253870705209746 1.037160245328804 3.3660650965994665 3.118038108210747
2513 621.7801016239141 1950.4209597831914 20.552931267948825 1.4151334471899568 -0.2316488060710169 2.0192966002605837
2514 1472.0170924091979 187.59235171333853 17.940419298517007 1.3552399115250264 2.7347424459245784 1.397413827903979
2515 1221.4774700640126 1265.0374704698218 20.746778501908892 0.2803926997346793 -2.2634769860940995 5.720362940585181
2516 1216.4749346947103 923.5050950933935 19.244554032606896 1.3039840931327187 -3.0378086817360397 0.8038088172268179
2517 941.3520895997724 105.12895507409485 16.767112968692356 -0.3798785770194348 -1.0061095066699823 3.219409926515856
2518 229.6805711730808 1979.095131371662 19.183553782875933 1.5491194879678822 -0.50477084506099 3.350091621050483
2519 2022.77946379637 1014.1222233841956 19.23590635910172 0.9451329601903906 -2.213354831152347 0.566996585887428
2520 1549.7394574536993 1839.6729966168543 19.320997561546395 0.8634603268442872 -1.0184145965808697 4.172083046154193
2521 619.5889381221657 1999.9821475543995 21.007896674952942 0.6821677115955226 -0.07936885478969613 -0.1958136937917878
2522 1616.2344672038796 1848.4322161633102 19.165868013175285 1.7346059566358276 -0.4203012784345511 -0.43002148614450064
2523 1030.9610186210462 1889.2815880155765 21.000390417296217 1.5762398781875817 -0.45017288401200717 1.3303757839667623
2524 920.659156507792 1135.38062713432 17.58915311636279 1.7372101487917258 -0.5026373986402213 1.1982261824534448
2525 233.61307943401948 1348.296159331706 18.227935290303694 0.5390141265355741 2.8493398062870305 4.865349445926357
2526 373.9418290114131 647.9977517062905 20.909368187661165 1.1651464954768658 1.7165822681068594 3.415034496189856
2527 1781.2713470172512 228.87840296142485 16.44647216954021 1.1192797594160457 -0.698012530811801 3.2019208870152123
2528 2016.1787340442922 1254.3383538657863 19.414823361625235 0.8476163634452932 2.4900029842855846 3.492864791531218
2529 640.0636476629913 1890.5866645020546 20.375248784847734 2.431403200534921 4.0157961254295005 4.381047502256158
2530 1736.425259150651 82.43396466791864 16.399441836318783 0.07711702926029573 0.30290574908739204 2.592115596274112
2531 303.4914888220758 408.73195087880936 16.733692751874308 0.7768991034732071 3.1895022494221115 5.0720208939599996
2532 1791.0845651940353 1817.7710095338823 19.64103097290994 0.8419244491234297 1.1014729895074624 4.933618091483797
2533 414.23577395802 1111.3177752432587 16.069392655949066 1.5274895296438626 -1.3886539227272274 2.0155164824902347
2534 1762.192258807541 1293.5224235482053 17.58321312351315 1.4364205685702591 -0.8508856214006455 1.4534040141415037
2535 8.557573699499471 1142.3247943007964 19.97526366823813 1.0035713360063365 -3.86118974441868 5.337146763245636
2536 1748.6594327584935 967.8668435350676 20.265308200681808 1.3232774542135308 -0.8794810436238822 -0.95250979532707
2537 1700.7682374492274 227.9565837264431 18.651746350202576 1.150390659202196 -1.937216550990167 3.490893768193218
2538 1980.956509757099 1059.2294969592617 19.9836489303307 1.5041686300133963 -1.79012693865568 2.3259751607172996
2539 1736.9326083172157 2018.137910924924 17.89886229310504 0.7163629383004171 2.0703168479724354 2.6767291685698535
2540 1071.2335378438977 539.7362086482985 20.546299377463175 2.1133755215114283 2.6025944499097773 2.7837139883512956
2541 1073.1526243948315 1255.844142336793 19.68865628946694 0.7157099500671152 -2.6300883176799106 2.023402070846699
2542 1615.7630390435763 797.3040575023774 19.993818379238228 1.738558463110808 4.218906763703527 2.4502963496066656
2543 1964.8708179447488 1690.4649914251393 19.035562045843335 2.0271840278482367 3.2980175810726844 -0.3514002302046979
2544 1870.458291926258 1652.7650864942823 18.4911311724427 0.9993198767384246 2.2263957490605635 0.672402829277142
2545 551.4332372503811 965.6410434621032 19.227875505063892 0.543024673541612 -0.5745406839847161 2.505900854052106
2546 882.0450833613113 1194.2875601672733 19.591881467235385 0.8949017227165996 0.15180716736520677 1.9816133988596956
2547 971.6307201469149 248.69119264712435 18.521759137825544 0.39306625648191623 -4.300902266881412 3.310747221534439
2548 1253.0935967801165 207.62302080860127 17.87883660261673 0.9180829846663238 1.5005042742257746 0.4633175955133795
2549 286.9376982415995 1963.2632407183703 19.318479733063807 1.0960902518786786 -1.6074533463706002 2.9491459855887716
2550 263.91512494763356 1349.1876975179969 19.419264007435224 -0.4694542225424768 -2.3258842263811896 2.403761436012876
2551 1941.1251906218158 880.8748895729568 18.75387822686536 2.171099421330742 -0.46540462481791733 5.970630931695663
2552 311.11852091131027 37.736030024159845 18.930593939725064 0.4759050232384667 1.82842326923366 3.9768749487691095
2553 1090.9175035202268 1691.0706428683416 17.961244502541703 1.2591744727874858 1.1357613686799195 0.8997113408704882
2554 2016.4958431439366 981.3092219782748 17.22461960643851 1.518326272544921 4.730774690740299 1.2520894795807709
2555 1748.6427568165193 1438.4821440971082 20.777926140881547 1.1538758697883584 2.969637946913814 -0.17695304477688678
2556 885.7709658530487 578.8507630229055 17.97527818703641 1.2970680081217925 -1.9704103762916612 1.7247039896596985
2557 392.79705595804717 40.751299579115994 18.140883120158104 0.7433511104053657 1.501848329688163 7.417559743182538
2558 1785.4780761486213 272.16178507054815 18.88009012151353 2.3226456090946996 0.05823358611187582 2.7739728776472914
2559 796.4669613887104 1486.4623954800768 19.270559744161798 1.52179222199655 1.6354305663493087 6.008759268315826
2560 1265.3348032144875 1900.1261139702838 18.500733490793245 1.3158539099664415 -2.316550713296044 4.614726044666776
2561 288.05688754402627 1824.8287531857177 19.592947022865047 1.3352627652549875 0.6880660204915559 3.1508954870484156
2562 1261.4739868572028 801.7943783892372 14.362355030313688 1.2956787304375263 0.7544958942785714 5.633511504447261
2563 1280.6851769615482 705.2383493241944 18.299660715212728 2.2930632782508913 1.904246924006276 6.902571377152254
2564 802.3559244327137 1782.7547540153994 17.69873658030876 0.9358257595382433 1.913076268988131 0.40031669067376807
2565 609.9252135364306 1028.4051597806556 18.32217512995718 4.103089730249238 -0.9170522957066527 4.089515962745083
2566 1390.5804545188573 411.89374243803627 15.90225019343941 0.712845013277091 -2.4613121248331873 0.85931822069121
2567 303.60108441818534 712.0061392155476 18.967489508146993 2.4357145388151684 -0.9257767895171023 2.8465687422871806
2568 1358.0016468126694 642.7388152701496 20.123477286932978 2.108244872033681 1.5906777065671016 5.049497042013862
2569 214.44153750856617 778.5563173513228 20.068145303996346 -0.27476740627025176 1.5947477794590055 4.712993981054773
2570 120.3860459408927 769.631578423556 19.067131122165495 1.2094018269916085 1.5428480952129127 3.561830313907593
2571 1432.796271475948 1330.277363043214 19.673184743026226 1.0106335956154249 -2.7063490018789618 1.024430841524739
2572 297.3933442094469 1894.5335684380557 15.069686040029149 1.0775159069003744 -5.011081519103328 5.143107457749837
2573 749.9285292120599 61.290947400327696 20.520013800954736 1.695558673128417 0.08099779671790576 6.1048862812347116
2574 1559.3368837760324 834.9194112693469 19.003752892593297 1.5806526831912444 1.9634341691190889 1.5696927539315417
2575 333.88456585293966 1182.8113664257721 18.044350612496 2.0644559287184996 -0.9105563430678103 2.5710854724660517
2576 686.9116268529144 96.35823595826218 20.827613590573005 2.3592194150924857 2.954711006421938 0.7877577159830542
2577 980.9741399416703 727.1825493579117 20.352405455628546 1.1591596211753912 -0.9833019492497754 3.0788199277744543
2578 506.8428442422701 702.0653810759243 19.76733475182244 1.2876465799509296 2.097153385368725 4.107791328298365
2579 895.5529850862549 1005.9585529650096 18.90923764621831 1.0377057204922022 1.9646787163633743 1.9430426191486405
2580 1707.2561501553193 8.492955811183947 14.011964494564134 0.5389909694915133 -4.587062578057475 1.989333269836938
2581 1506.6102078605759 847.740463019901 18.138398064135192 1.3070482051973003 0.5867554436689304 4.073178453221172
2582 1526.810525934669 1791.9057310549583 17.563593178829674 1.2314187890829895 -0.06465664239441293 1.4549819988208483
2583 224.58165911194124 1654.916136094353 20.186034382110474 1.578470676491987 -5.066923081419824 0.7698206190356345
2584 1373.0529324843237 1813.2785996756302 19.70521311498493 2.0684525928635127 -0.28293782146215 7.944645616057444
2585 1738.2723716108683 711.8857280315888 12.539854180395523 1.8726828531490196 -2.6574097338001867 1.604403593937837
2586 1684.6541940349234 1618.0294863571405 20.13813071860217 0.3867480543967674 3.690142012593831 1.982985950613847
2587 334.65805875563046 82.28558731364569 17.8973151380872 1.5491606773940612 1.3750579263236091 5.94723652990478
2588 1076.455936757987 1783.290259551256 18.896693744767344 1.2035433707869083 0.2507624494269005 2.8744535450821824
2589 156.00542489934605 1855.6505283599138 21.090875937281613 1.0823486983618595 3.8250917711323966 5.149315838321866
2590 1235.2008743696676 321.71879313128306 17.079289470938317 2.4392765530079594 -3.868842870713996 -0.5718588260607818
2591 1118.9975908279457 945.4031525731282 20.59987529507919 1.4208055594194413 1.6063366591592902 1.1548975705102802
2592 194.11664165423576 662.7149447394208 19.250858544110184 1.421964547320012 -1.2244450543587337 4.715554258410339
2593 1836.3228479605102 554.4958086037502 18.495495905572152 0.9047769694437967 0.7742580756153192 0.646102305454126
2594 1925.5689866006867 646.0857238195854 17.893965698149046 1.0646477821452252 0.16208585344526108 1.7522427660784927
2595 818.6825625016593 512.103435406477 20.704764653428764 -0.3907258535326146 -0.7820272717104033 0.1793166182627024
2596 884.249900878887 548.0836393855357 19.878041392255497 0.911790794146067 -1.5119721771943244 0.7035649051771999
2597 1918.9893081337123 485.24787750227415 19.01143173473466 1.515134950725689 2.190788886881162 2.346073263994585
2598 1304.9247769469498 229.685497588031 18.99360531846429 0.8461243075499417 -0.4811129873972486 0.9492596207522521
2599 1927.7149211443307 444.41001715755465 17.58865567985226 0.3075847818709752 -0.7693816203917164 1.1917362125026605
2600 616.050329384839 1986.258415672446 20.814315857884 0.5577081732208966 2.6045322790567234 2.949359734680514
2601 720.9985912409804 112.3402627419755 20.552259319827723 1.0566919430929376 1.711377786244404 4.711450852667267
2602 694.7034326830392 1952.9925477784907 19.20618960944119 1.773807968314973 0.9279717933879131 4.313182451187633
2603 828.8639599741332 930.0153194839377 18.241735354424065 1.7305197918068158 -1.4569036281127827 2.347266623559401
2604 221.81387738748958 109.84647884345645 20.93341149394505 0.9714884070907464 -2.4778733364343783 5.051298876274021
2605 833.0275538589447 983.5087896000473 19.880918451769706 0.8717790447091869 0.7295319497587424 4.87899951796408
2606 1458.107342251821 183.46587998761356 18.437039218556187 0.6883758388790863 0.47293700304049785 -2.3887754626843147
2607 236.66753105971407 2045.4780827768805 21.04920522896694 0.6080125412360362 0.7555095194994058 3.667496576910167
2608 254.1626154689734 831.2586794425576 18.417953475753503 0.7907474887846011 1.247622293127689 0.4669563503026666
2609 1882.735961882327 460.4013145365825 19.297225952790967 1.5361397613956016 2.860484765097582 1.8819998373228803
2610 1839.7068289852261 1089.238970445573 20.26910128182778 0.11060666412113336 0.024321975365027365 4.783973612980935
2611 339.0636867047042 1707.6351186315633 20.24225033190959 0.7697088024981042 -0.9158642765951459 3.715514943582991
2612 1197.7421546605085 1620.929694021262 19.792050339966675 2.244280955791608 -2.6974647478010207 -0.9453326957378199
2613 2.392640762358269 505.7182432825864 19.049042447994623 1.0147236958472488 1.9002807719711838 4.578961764715666
2614 288.35960365843516 1124.430405116694 20.47427093815908 -0.07818596468404727 -0.21418131321887962 4.137440199443639
2615 1249.76640217437 1871.1366003588796 20.53600195239539 1.342390211301367 -0.4512247538487201 2.03184349982971
2616 12.69442076247742 1057.5237396092496 19.902819551130225 0.9518458628905231 2.7652161966138036 2.141046949243268
2617 704.555181787902 1775.0286154259238 20.341369198090494 1.0197668808404243 2.6464538925893946 0.1468441025339442
2618 285.5789042913623 1333.7054544737023 17.880034022889863 0.938453256138287 1.4497291221254507 4.820184615386005
2619 1636.084153833157 1916.8992858236488 19.51960460425698 1.3510085013269029 2.6177162316566895 1.8864834163066808
2620 1236.4787627156115 717.5583290139389 21.277577009249644 0.8034110048993734 0.9137902463594473 4.85794820719977
2621 636.2450196527586 1259.378638882774 18.639331962138765 0.23788602796198818 -2.229277713618993 0.43592611523412517
2622 1955.8758330871372 845.7177160569095 11.74282691886494 1.0591746214946691 3.4686769119130387 2.84469452127244
2623 1554.9553201946364 150.5225996342549 20.000771164013948 0.7832416583736115 -1.220150736598143 -1.2537412811961337
2624 841.3885155647695 388.428702101168 19.6281803039959 0.4321314394728468 0.683025535658131 4.759962456894791
2625 451.7529442216305 883.1406766122375 19.9481135409498 2.129651556555949 1.5879656626928766 3.578636663140046
2626 618.0708592033252 1322.1492587272119 19.324769040369006 0.8234363513919856 2.4994805721274767 1.570710545089894
2627 1605.5187700024458 349.5314454065285 14.91927460228883 1.3742032727138238 -1.5447309874487096 6.7384210756823855
2628 931.1905535917535 1124.7798743162566 15.626413228835453 1.2575142177574965 3.3809073353241934 4.482993670815599
2629 1370.7593407218421 1215.4825889010606 19.624440173761638 2.3405986730769923 1.3459234124973565 4.280113185008807
2630 292.84125275143833 1504.8284086326212 19.137994484986667 1.7562685110256333 4.051948414079718 6.670803660837918
2631 431.6314772199862 237.15313176398126 20.15528942597174 0.5713252146525744 1.9242019020892245 1.9040219290830835
2632 1073.5827430724335 850.7129900927366 19.566632683879497 0.23053492379727902 -1.5784699163094018 2.86165994791412
2633 645.8415297035092 163.6917321586136 16.581255789272607 0.9070556264708836 0.9864228767745972 3.839380018855759
2634 1773.6245754428394 1082.051412969911 17.534514749404646 0.8654374925344742 -0.7471450574897847 0.6632116114492677
2635 1557.2269435537314 1431.0151150089305 19.206011293318312 2.476825407146741 -3.826912160325641 3.3036718199641952
2636 806.3769173757953 209.67946247049213 20.625204851705984 1.5397105058569995 1.9885162846770281 2.6179754999157354
2637 804.097010729128 628.4058192192558 19.02541393501685 0.7116247249710823 1.5381840224517425 4.811224674165253
2638 47.33842278316661 394.283690809365 17.87447296393389 2.417115398974343 0.6145472867215829 0.31390154614810717
2639 305.56885408460835 1111.3123138060025 16.963567183316922 1.9916302690041343 0.6220319106984198 -1.3171116313889293
2640 851.3893864101392 1013.118459709493 20.735989217391744 2.1534641278581583 4.068487724477668 3.373782568317142
2641 703.9981284703642 1017.7049408314494 19.61000104137688 1.3100480343833827 -1.8928306344592807 1.0154303826730737
2642 846.7113188152446 343.26193328364343 21.015442526208936 0.9897723975645888 -2.102013177873575 6.6873189757518565
2643 1661.8320799392613 997.2775367340944 20.907783287700376 1.4483831203806874 0.7698657524568467 8.446594017418079
2644 1446.7836564151817 185.61476780277212 19.75351503738425 -0.2580962764590227 0.8230350674983262 2.155348719108911
2645 279.92381943755936 15.566546234805855 19.04157956577211 0.2247836911541932 -0.39166780153911795 0.9947760464774136
2646 1478.8232119825304 1901.3890756322917 15.913349473944681 1.4287091705381694 -0.08704921728361209 1.1355432886356611
2647 1052.1568190867256 1698.513402878058 18.61082539266712 2.1468275311519784 2.1060990979224354 5.606603965036356
2648 1385.9948473934971 909.3460801537342 20.28128131668678 1.1733958477371897 0.8472596479524369 -0.07075877297489219
2649 924.194085991511 2029.0846829081931 20.641937592288937 0.7796384702826232 -1.3010143399722511 0.8083196496266836
2650 457.43865465029285 1252.2729261212653 18.866386556278155 1.807427592451425 1.9201274006647908 2.8209813755653617
2651 1470.2132789584325 898.4957575552316 20.606150957240995 1.5488935626377893 3.356089838456381 1.7110520977204375
2652 1687.7599005804793 488.89370908142746 20.317022303174166 1.5798045194235382 -2.9056643315704216 2.573326919500755
2653 82.58016574247722 331.55088714348904 18.556886646696675 1.4237114822160568 1.7714439409193148 4.300292113387942
2654 1973.571742660917 880.3224397732213 17.344046438955573 2.2919158771933024 0.813250351822433 -0.22524925488718228
2655 7.727240557650248 734.2807150286767 18.642466484056836 2.1017862438371595 -1.3589959339482354 -1.3821386617561968
2656 96.86635630486535 363.17781671973034 19.959841602224397 2.5105260985401956 1.1508689020326854 -1.1094254281556242
2657 971.5019506737717 1484.5010881695214 20.445716357592406 1.6769876048051782 -1.7598336651706783 0.32053241396540777
2658 1844.7097333537565 1500.8343187038283 20.854121113578913 0.9854915708854084 -1.8673588067086517 3.3442646254489854
2659 704.7421820542752 725.7108824753632 17.684173786141276 1.2511990851015948 1.2083375794126487 1.1014560492816672
2660 1443.209775347906 1786.4703084208525 19.1771065646098 0.7358498798045364 -0.6776359446036971 0.20492525005633766
2661 1492.3795764055455 1999.2937900483043 17.844902524758933 0.4197477912464109 -2.3591316818178942 3.896797301274894
2662 977.9003307134737 8.503852205157273 13.67363971916441 0.27104504277918356 -0.6851189975580358 2.8609225701716716
2663 965.8906089405955 554.2492233542212 19.846105071429854 1.2720162675522377 -1.4692726094966693 2.510420579635444
2664 223.09228067680488 901.2394333076561 21.627173032648024 2.6812244600945916 4.2971409838741845 4.931170227267233
2665 14.608669296953167 438.88280349167235 20.428590272540966 1.4739479968984561 0.13928145389103636 2.8609383881584374
2666 1690.1478900772604 1199.3967035942562 20.342084911243496 0.05116348719804627 1.9398327336552348 1.4720174129987524
2667 71.18569685912826 2039.0826326313784 21.116407759936838 1.4096182146911715 2.623222420881456 1.8299173908220099
2668 575.3550910139074 1569.008042546269 19.020460042737618 1.6292691606414555 0.704490438216849 -0.061537814083092446
2669 178.61541609501728 1627.4209455851849 17.815806486746393 1.9021176633112253 4.823885422897508 2.469095633447433
2670 1296.983913449892 1323.2127211632499 21.16712006327974 2.327481695133091 2.8983594094050242 1.2196716103687761
2671 608.6238429267819 699.0352736821601 20.155937502721084 1.692456022167142 -1.9262976443322013 6.539472840346669
2672 1347.691202438769 1709.5187458134055 19.758788368091032 1.5613954983546057 -2.3962236736168334 5.140079991052772
2673 859.321094777242 1543.9433355987933 20.63297936259295 1.0247732760411092 -1.519204084923862 5.21820537843913
2674 91.37615032459917 229.9530972409441 19.576264843795652 3.1175557711586515 -0.14026693585922972 3.438935133062885
2675 650.3259674955382 857.329969923811 20.805470839266068 0.7908834996516344 -0.9003429334442574 1.5707290929005056
2676 583.3827882562005 861.1455937257108 20.483699214929814 1.720035557998887 2.6206805196899885 4.590868967386649
2677 856.4662740697263 228.80441184723009 18.35536345086823 1.3551301895000725 0.03590323326411082 2.4782033890295456
2678 437.7405009082804 504.0043515637842 19.872103585220906 2.52325430593594 1.0632661089539033 0.03054172229101182
2679 396.2563347137643 236.2895164315221 20.474253701324155 0.5368210833934752 -2.557009227085262 2.493898633019097
2680 188.84976888531014 298.1847154032487 19.699049125222786 1.693036226573785 2.588519511155994 3.2220025747226275
2681 1704.497875568698 1061.2021293772382 20.38474745012123 2.5497761271901154 1.3360683351825844 3.1216548644428843
2682 205.87268576343058 378.2285314664264 17.3734313481381 -0.07581322229384288 2.337069310102825 4.8059996327882235
2683 339.3805148585186 696.5480074538291 20.301697666836 1.5386400345577929 3.3158572129130026 -4.0047426356459095
2684 582.3596203037994 2029.291586621335 19.020927433096023 1.5698606571602896 1.4563762882347773 -0.874637491404533
2685 674.3205024545819 731.6757533471625 16.067123525342055 3.454452003298911 0.5805032582136442 7.227623830653665
2686 1561.460034347506 363.78013939003904 19.049454845891827 2.410045237264824 2.6502171730517596 4.919133186105725
2687 717.5173404676684 2021.0083100853556 20.56375451011245 -0.05360214261190974 -0.5499525809222273 0.5901376052294682
2688 495.02639205394144 104.83851637723023 18.362445472330634 1.492183934830395 1.6049262642880666 3.2497637424747507
2689 939.3540808696762 1018.0044282513504 20.336293622136328 0.37553981993518526 1.6157673209936887 3.9151333853394243
2690 695.1569052447708 1984.9988384822277 20.59059217853376 0.5122418961400506 3.840740793605499 3.3032506544697804
2691 40.65924062527711 611.8180378747252 16.643664858650244 0.41314413155168356 -0.7042006899894394 3.5620871612972165
2692 1262.2383335046186 1003.5612148284672 19.0904346269546 1.3028348829060177 -0.5098487851905358 5.170096979793154
2693 2047.61788026297 1929.9679267324889 18.3735655348507 1.406444925131355 5.20919331993902 4.277655202079376
2694 293.2434771212047 310.20527252672196 20.01776603957956 0.6642124462663994 1.7313933002216033 5.14626088134804
2695 2003.4134846734662 1224.5442190008262 20.399345269681742 1.189934139533302 1.5539697102987942 4.626713054561002
2696 844.7795359150973 358.7351557752422 20.89199649001002 0.8640372715026079 -3.8038648544967417 2.0847770255350113
2697 1539.993255160957 180.65490835334276 19.89988342390866 1.3369595376277288 3.0667728988782526 -0.2913575298176001
2698 58.61983185507529 1058.2851704349998 20.183925334485725 0.7935403145409317 -0.8194390230215218 -0.07860669733874959
2699 400.17196333252286 939.5398531124038 18.450401262450626 1.2525307148396914 1.4758950514204359 4.1262926840862875
2700 28.575116657964145 1576.5577547901382 18.790206943955223 0.1434380963371206 0.36637853638403395 6.146478293623935
2701 662.8377623867741 1615.9669753386763 17.38444552358624 1.6127731284034286 -0.604635838360055 2.447238943565328
2702 442.0754071945846 1017.1518607055352 20.39205246480735 1.3283615385596366 -3.8330940599371353 2.6085780556305207
2703 1882.1273258249341 673.2551178818246 20.422213857189067 3.244873639215707 -4.592743486579062 4.96802364552156
2704 594.9836167297499 257.1323487299612 19.36961810217414 1.9082387148606679 -1.4551495206306353 -0.9142909517898494
2705 1541.933514958265 627.2996222256436 15.19002734657517 1.3507650909204814 0.5545762131950566 -0.010962024490202893
2706 280.100396478495 911.193637965411 20.59724196197541 0.9922399494441911 1.4531158584556552 2.4854252963920143
2707 565.7188476151364 412.3084463824771 18.653695737293084 0.8325502362639634 0.037666727665571886 3.951275397453794
2708 806.7909618748404 1779.9563869723136 20.625882523595905 0.641366814675825 -2.970740324590202 2.078579929594713
2709 625.518776516124 335.3413733077725 17.60450769818474 1.1308656486036086 -2.2543124829296435 1.5416361642499707
2710 907.282312513725 1929.563330342034 14.910953321837905 0.6622372833304198 2.4233741474480013 -1.0381081725500803
2711 38.977800844768126 1772.5930001472727 15.858487480262731 0.8428618671977124 -2.3566174949113528 2.0574845978540313
2712 1033.8093560927612 1331.4359934430197 19.142767211986317 0.36649018735505295 -1.017066410720419 2.2528524103264083
2713 1448.4573361810058 1311.535641276904 17.123826104111814 2.1897775738294936 -2.9799260325603774 1.263779621059725
2714 1630.6584371647666 883.9279163625497 20.67899186320042 1.1332925642846463 -2.8807743555956042 3.3216769271348054
2715 1113.5813623284846 1772.3370882851 14.321022538628233 1.1402662578370841 1.867189573703325 2.7336750041174005
2716 657.4494241981049 755.3617881104983 17.674578676005584 2.9065098545096193 -1.6791595775628418 3.5271838634499453
2717 300.06522318410566 164.83954388172356 20.081866688162453 1.22156271471542 -0.894736638995115 1.3171076658809582
2718 1393.9713031254112 1324.858643312858 19.723946554501325 1.8802335779328492 3.536036927897541 0.8615292082392347
2719 266.14184100688203 1847.209830756359 19.76326047747006 1.382535214450283 -3.21988573353783 2.7645121147717724
2720 308.3804092680466 1235.3538570035712 20.747456836401437 0.7149465632059062 -2.4456629265792693 1.1623588732271881
2721 620.9169450286672 2016.7876059819807 19.48901090762617 1.6689895887570307 -0.567599056678339 7.565573540752954
2722 1888.4477648228892 644.1038514711122 19.708693150752932 3.4401997938609328 1.0011831643233138 3.399787027695023
2723 821.2153892151334 1877.345710848598 19.268740185185294 1.3367834208644815 -3.051876694930138 6.270458666638579
2724 1069.2084122441963 1726.1985583018843 14.966542245986865 2.1432002216762767 2.176183710513401 1.499529323433408
2725 1369.0371052052549 1407.6354059792334 19.764145187670955 0.9300076277310914 -1.7724189417818865 1.8243977602679968
2726 218.9518069671999 1599.294646345813 15.699588011058491 0.49175098235335 0.24409727162038022 2.633811976164598
2727 1943.3035461235102 1238.141213259161 20.53675968912002 1.4176526060979915 3.013655763895589 1.9334492767074962
2728 172.4842846319773 276.3384454855109 20.169152961368773 0.08888556339743141 -1.570406796258466 2.494196376666059
2729 1859.1679216036357 393.70845878967 19.351061272545206 0.9720625091860753 -0.11334936866455031 4.2521897113242195
2730 1670.3120908197577 487.9711037417426 19.592200296859193 -0.2344576849041246 2.136560844660643 2.3860280295527683
2731 354.52399381682153 1671.7123111827225 19.38583301842973 2.1136156926029672 2.108468785786253 3.5612823684179444
2732 119.79155389311268 1011.525723059164 18.318065286556365 1.6899178136948223 -0.31042093414711713 -1.0706418426264448
2733 1609.9182593885857 1774.3829333523192 18.681005603959708 0.845771740087659 0.08582287986397377 1.5037395006251866
2734 1746.5625431724181 1722.515584212791 19.0221572298703 1.0861931316634554 0.5781040409412435 5.389417591388538
2735 878.2220279287117 404.93654426746707 18.66291654209772 1.2422012252547734 1.5134583080575574 1.2327010540675876
2736 1049.121148395769 408.45523026541673 20.345922814677547 0.5288020170624587 -0.086518592589649 0.7773772876647107
2737 262.3824130730545 1527.5863557440632 16.11337139899328 2.0433197247184602 1.6530440012274252 4.01420099954672
2738 92.47604282198927 1186.7875177578987 20.39023473645853 0.2646451170673396 1.530815604542282 5.552958713336354
2739 1003.0785021583044 585.2467235142053 20.554364822982414 0.6159874510036584 -0.22793620565686046 0.04368231126928457
