ID x y V BV pmRA pmDE
103 1220.98 1062.79 20.84 1.46 0.9548325352448925 -1.6125731150900282
1014 1200.78 938.09 20.87 1.48 0.8104496032460133 -1.3895231495680025
1015 978.93 930.42 20.46 1.54 0.8845522719331795 -1.5628989406496205
1019 1020.1 892.88 20.67 1.19 1.2842662681960668 -1.9037827818052262
1020 1032.26 1056.5 20.52 1.54 1.4577390630125069 -1.886985939543583
1023 1035.62 1185.69 20.44 1.26 1.145765040193516 -1.5330780579923773
126 1010.2 1128.07 20.7 1.3 1.0488532198889493 -1.7621086898008815
1027 1163.97 987.42 19.93 1.44 1.0678162437547574 -1.828633125452357
128 1027.74 946.58 20.44 0.94 1.2808360785203794 -1.7786427686200794
130 1173.27 1067.02 20.62 1.24 0.9846559610952548 -1.4241150521426946
131 1028.57 1031.59 20.27 1.2 1.4974434289771004 -2.139302121921302
1032 1245.55 941.49 20.14 1.35 0.9661246922294596 -0.7583251301139768
133 1133.75 962.17 20.1 1.47 0.7748744857342127 -0.7431050083515436
134 960.92 1041.32 20.08 0.96 1.3206907978724487 -2.0056458317357357
135 1128.66 878.1 20.18 0.99 1.47692440071459 -1.1869403089449841
1036 1027.97 987.72 19.65 1.23 0.5382011052311569 -1.4026697280065168
137 897.19 1051.49 19.74 0.88 0.8965296077438303 -1.8588796576890882
138 977.53 1030.88 19.83 0.93 1.2408234573540824 -1.2648056071431737
139 1042.25 975.57 19.77 1.1 0.7556410164574654 -1.6331205337602503
1040 1004.32 1005.37 19.38 1.24 1.2411546840720864 -1.5447708774302693
1041 1015.96 1016.64 19.33 1.13 1.5820999247449323 -2.01908849520407
142 1005.3 1024.16 19.84 1.08 0.8236210020403165 -0.991956406265422
1043 1087.91 989.6 18.99 0.94 1.0067208024052046 -1.0728307098347096
1044 1076.64 1177.58 19.03 1.23 1.501146558862545 -2.2702499414599133
145 947.97 1036.98 19.39 1.23 1.7714119404850517 -1.6914324690077993
146 883.91 995.04 19.18 1.05 1.2276740050452237 -1.35964864653299
1047 1001.27 1066.0 19.09 1.19 1.4919608673693954 -2.0818946742733466
1048 1028.95 1181.76 18.99 1.01 1.6916650540212024 -1.8827728820494034
149 1057.88 1025.47 19.26 1.07 0.8063963066378516 -1.3691598346997198
1050 1086.7 982.56 18.75 1.13 0.6890109131533595 -1.6990577868425805
1051 1018.38 1049.34 18.5 1.08 1.3095055326852185 -2.0969937167675936
152 1109.73 997.41 19.06 1.04 1.4958667771283412 -0.3917285605329943
153 1051.99 1096.73 19.04 0.97 0.9969713145025962 -1.1643188160526052
154 1058.68 901.9 18.86 1.06 1.32218953856535 -1.2655231720485354
1055 953.49 1029.34 18.36 0.83 1.739115334543806 -1.7064680832800034
1056 1104.45 1175.72 18.16 0.88 1.42885549604745 -2.187645435519891
157 986.51 1158.36 18.81 0.83 1.0607771232050256 -2.515445447198153
158 988.26 973.51 18.67 0.8 2.2042160688068435 -1.0662607518999603
1059 994.86 982.05 18.36 1.0 0.5064887972137422 -1.6343896758636736
160 1100.02 1208.0 18.63 0.88 1.4284975501869859 -2.122313236641357
161 1126.12 1131.83 18.57 1.04 1.0469479963410204 -1.6183811799420948
162 1131.8 907.23 18.47 0.91 1.2763486551662793 -1.8155026859359211
1063 840.3 1001.69 17.73 0.95 1.4457113755028468 -2.098055541000178
1064 1031.65 1013.54 17.94 0.99 1.3487196277633409 -2.358620007060698
1065 974.98 882.78 18.02 0.82 0.8826146788513178 -1.7210843007784147
166 948.93 935.87 18.31 0.84 1.3702829556980236 -1.7030798113762553
167 1047.74 1073.49 18.31 0.9 0.9754996558636636 -1.1427930532512813
168 1008.37 1142.7 18.07 0.84 1.2551112439079484 -2.0533748414737496
169 924.06 1205.07 18.18 0.8 1.0148009133612845 -1.5653263650267177
1070 986.63 1039.26 17.6 0.84 1.4323003444352023 -0.9908924282079582
1071 1001.51 945.11 17.55 0.83 1.0162834697970107 -1.9276835394788083
1072 873.23 1075.01 17.32 0.79 1.266555786832481 -0.9573709189214819
1073 1010.39 876.1 17.14 0.84 1.6761377772025954 -1.9137566550090332
174 1095.97 956.81 17.73 0.82 1.4362414922173485 -2.207279598975157
175 1148.21 1064.51 17.79 0.88 1.8364627107682976 -1.556853797393215
176 881.0 1027.83 17.6 0.74 -0.030202721302454272 -1.5215379471027441
1077 1023.47 1064.12 16.8 0.67 1.2972490442314852 -1.2057695661917152
1078 961.03 1029.47 16.95 0.78 0.41116128047960954 -1.9012237003200108
1079 1008.62 951.29 16.77 0.82 1.1531995123949745 -2.4270106363834505
1080 992.47 975.39 16.73 0.7 2.067164177915501 -1.0285984909539423
1081 1067.23 1115.15 16.57 0.76 0.7399863013256893 -1.381209146453838
182 1099.04 945.62 16.8 0.64 1.471312468695008 -2.7091996229439097
1083 1129.56 1013.61 16.28 0.72 1.0555323877954772 -1.7051559802646457
184 985.38 1095.75 16.59 0.75 1.4932774631161634 -0.9254552584768938
1085 885.92 944.0 15.92 0.69 1.7837629413654175 -1.3268245894187793
1086 1186.6 1048.32 15.52 0.69 1.120301511429195 -1.3648072918132488
1087 979.6 1016.8 15.57 0.78 1.1413639040100034 -1.7150687282726986
188 1197.13 924.23 15.71 0.73 1.5667766202605709 -1.0253800546495562
189 968.43 1061.53 15.56 0.72 0.49641090138836885 -1.8793085225211559
190 1118.89 1062.14 15.3 0.64 1.5863554022404498 -1.0274753568157637
1091 1089.28 1139.2 14.17 0.62 1.2169309798461911 -1.4917272038506701
1092 983.61 955.7 13.54 0.69 1.3931808871249152 -1.2754911652183125
193 969.38 1101.33 12.87 0.63 1.5761240553680127 -0.995812171476368
194 1003.41 1091.6 13.85 0.66 2.0091479062807203 -1.4219948330606726
20 1507.775333458452 1809.904722866661 16.601665102164 1.628800693227655 5.906395037011084 1.5674201065303612
21 171.2406641166026 374.2468809442066 20.42914374389768 1.351475903957815 5.348462115985728 1.1457698927306317
22 174.2185238651955 1509.9625629145842 18.33353446180064 2.3235053119021494 5.292973448476596 2.187912742626034
23 1612.2366009744853 599.1504325784831 20.660526291219586 0.8835293057646112 5.502546413075824 0.7934143411854648
24 1291.1680888706628 1587.2943413206804 19.15764021070012 0.8354026696742503 3.176267574854905 2.127909730708352
25 1789.1021551412339 256.18603015268513 18.888486807888118 1.3465524274758949 3.68676204204508 -0.30715160915030326
26 726.9142680892994 420.3977653313327 18.368607960910246 1.2939614069763818 4.210073661789718 1.1774580941162174
27 800.9112845303509 765.4578059126179 20.302888629156588 1.4941118260422661 5.30885022582651 0.18335759929612028
28 1967.9605210587356 61.175930663904865 20.329309634518214 -4.3676065175857204e-05 6.0546527420505765 0.20758123470084144
29 165.22102019341673 1037.153876756375 18.683085183546496 0.5099796785165818 4.191065064527856 -1.4007966152368851
210 1985.3052903340995 1376.8646221420086 20.398580266111573 1.5364209664762951 6.056372970746278 1.2995461085416449
211 1180.9323630209312 637.2460983106951 20.36755009032968 0.7688251930272251 1.5049934721226044 0.21994922485574842
212 714.7471176907911 976.4497356058389 19.262696555890866 1.601781415082167 4.042724396877017 1.0580829015065352
213 704.4199088838211 969.131302544333 19.870643938850204 1.445979695978901 4.793632915060688 -0.006959254253196434
214 620.3930076946795 192.06900798651327 19.370150129589423 0.5467464584310573 6.218324636275359 1.571630013556817
215 129.23307472442798 556.2938010789526 18.797328089699693 2.1320717932135302 1.777020458726168 3.941755689797945
216 578.2900952862335 1747.0181803014118 21.230552200483995 1.6643491683017724 2.393275621330198 3.0166917928373103
217 1067.2091157933012 1079.393213906806 18.060856541857458 0.5569935365984121 5.071783347364244 3.6285580618066082
218 374.74363302204165 790.9423990738885 19.70659403005332 0.6653931566865189 0.8715605038291994 2.327717234145757
219 358.75171043040973 1339.4559474149696 20.67911604637147 3.1085505506604343 5.992733634155508 3.4288131094702092
220 1539.2734082175332 99.38807243739257 20.13788588487112 1.181258110121444 6.277189003301647 1.8899352179170483
221 2002.6483728885082 1920.891693018129 15.459655033009435 0.3645731035946449 1.2699834673363921 -2.06461985316426
222 1419.3931026582195 866.747364392043 19.397599629789642 0.9475374533555616 5.5632237654281305 2.5104864147731414
223 1270.3191327332088 1575.338921123638 20.341785846572016 0.6203065071864429 5.726695286126662 1.1510975270548125
224 938.1241082670824 277.6727783562103 17.390486363969977 1.0292546715470778 7.077273368240416 -0.7238921136134462
225 957.6313962285617 621.4013905920046 16.91490167532545 0.9862073899639563 4.890937516682663 1.4035128564093016
226 809.9724119313437 627.3197245752924 15.095825958819518 1.3058042510190195 3.611596008493228 0.5319599676824115
227 2014.494754805984 707.508549917706 19.866589773593347 2.1283617365439325 3.394414065339234 0.17628619989268257
228 1119.8938548728836 1371.8087349476164 19.50043482791182 0.5086062315950621 1.2513442538016402 -2.2053275016296845
229 1490.536949756059 177.36279765903964 19.705690112515487 0.13409803533417244 1.345717129612709 0.736853800179347
230 1037.62089596963 665.3151653791413 20.294154278665488 1.5802675030026274 3.4895406692600166 3.234016450059639
231 500.6851146255758 1887.006519669364 17.693157272022344 0.5470284681605966 2.7970083081871566 -1.5945915602965632
232 66.80731209808414 1996.9737710665595 18.225614347119045 2.361567684658208 3.9277770298097767 -0.23705037515498772
233 67.88889764063697 475.31869023173044 21.39584876610791 0.5551698994448642 3.177718642443083 -3.1066754567404855
234 1925.413462499123 541.9361967399923 20.28305211878265 0.8200244717721443 7.86042132727569 0.7253622538482243
235 575.3505789884603 1828.1513230867133 19.87312002548284 0.7914659390771819 7.84539059986402 1.009010711134611
236 1601.5125743622705 1698.009493531287 19.450046358193568 2.435750311258373 4.7703348872690405 2.2473726844563053
237 412.75727679979104 0.4314894605583959 18.417654619249184 1.1511997364008686 4.712104630343777 0.14939961588322137
238 855.7081587570074 315.6914079754315 18.90675663077397 1.2017589317896753 2.5159415469660367 -0.8888928146144028
239 1981.5616526116946 1198.067169770892 18.8470753206371 1.1407313596230946 4.221601346698787 0.7059983955410594
240 576.7350992008428 503.65749021448255 19.75142090428854 0.9348315575370203 1.1284502755171033 0.4610049462420488
241 766.5158076905368 1986.1944882657035 20.211933017991313 -0.10934822129071345 2.4619275413326447 2.0342583978540496
242 1112.8365602494505 1868.8304300170596 21.359087430757064 2.2856348614607715 2.955480043845345 -0.9048437361129378
243 1475.4102390252478 2039.4530011172446 19.9866240116644 1.4835306465906257 2.8998164216842435 1.8810495392618798
244 1438.2622067163188 979.3637181650897 20.513233359315482 0.7064670520318099 3.3621817547393995 -0.05288051255345172
245 957.7727959178089 1206.968743915806 20.433934619215687 0.49893347770673296 5.161539059573804 2.5178814654276644
246 1530.206971674381 506.3836272391595 16.105017212245187 1.5147229605084924 2.7718529830866707 -0.2748294456216942
247 907.5642500544857 893.0052528172303 19.096018290401133 -0.1810949173776321 5.732270110461065 1.5270412704772856
248 503.3043352741404 1628.728934086931 18.80693417724693 0.7764411199457939 8.900813459306129 0.651498172222734
249 57.06774775160784 1740.6869156411842 16.669721199567 1.6648975846814276 5.445037623019905 0.8770807401100346
250 18.945675579913086 830.5257201402756 17.48880292345257 0.8548455054038959 6.894085966247138 1.1028442219501777
251 1210.9396311357934 286.242244429538 20.410353868474825 1.834485824701515 2.705457919291349 -1.4133560078702394
252 29.577872111405895 306.60287544978723 18.075134764429013 0.4590669112252374 7.575516001054085 -0.031686282056023085
253 1403.591296646981 682.4639179719438 17.912491233054162 1.2658013485789854 4.12012243310612 -1.620596873958025
254 2045.7695544771698 1005.5902613115443 18.771577964562784 0.5940159087838344 5.330579266696456 0.17395484802594074
255 2034.8281472427989 1002.9365247160517 19.771498946620824 1.7263473656883015 0.2399583150907061 -0.07654891348714088
256 1034.1525874182987 1031.4316525264649 20.01233408886337 1.7877908564998781 5.0242411755873695 2.845561711795755
257 1232.9983699886293 679.9276798536237 13.794045910121786 1.5316772293361112 2.955479727823346 3.688977077375059
258 953.4041534782509 649.8813171365068 20.66258836924982 1.5973169938616694 3.7463710938897443 0.3231591689298198
259 396.98445176975065 954.5173847253304 19.160287053165373 1.2756731392703429 6.4368892479040065 0.5844657922140313
260 552.8569482661678 1147.2460764323328 19.778552877831906 0.5654499925412172 4.595404698660076 -0.05437646810414165
261 802.1318104575032 661.8367722564692 19.608583631665955 1.4221250245046915 5.909679302971058 1.2644949586866678
262 479.3187199800609 1514.435689743228 14.398906120968533 1.843706003904662 3.150596145255453 -2.1561043911627027
263 429.4789569466916 1434.3637465285033 19.42905966371946 0.9216385262883643 6.0549005048112265 0.9982575030822957
264 155.94718483508018 1069.2885332021178 17.874291616823875 -0.30852528954337 2.5515291111607477 -0.6753430790571722
265 189.53440164795302 544.0785132083031 20.413649940091535 -0.567285746867319 6.615022659287284 3.274985349826503
266 90.92584391861465 694.2852660323622 19.81247019390045 1.3582816666655229 4.126802382596774 4.310573435848088
267 1098.395493231623 1042.9370413614465 19.33414163532828 1.567685753921625 3.093835284612978 5.104782321968217
268 502.162451986698 1816.9207357629953 18.44596649097371 0.8699983669345903 6.8672706327408 0.4946381185833506
269 1739.7889068180991 372.0954894349886 18.182719445684857 1.6148038453289983 1.7642350525097394 2.553627593406791
270 1600.88220870535 250.39585069357554 19.066688169256043 0.42903100436904074 5.601610295825198 0.3909555711152152
271 1667.7361919292905 341.28696313757405 19.58160873075425 0.7261712758311596 1.2961149822826816 0.5090337187266466
272 366.70992549350353 1367.9872311506895 19.81188813773788 2.5631245502603264 3.58999947590448 2.143710771722885
273 661.6699805280705 2029.8971074450667 19.179784107011983 1.1562172629735277 6.528658025069891 2.1157608322861257
274 174.2128068696952 1849.6657962279417 18.930421521647176 0.33382858955269845 5.28310269844088 3.3012127017352637
275 566.492265272959 211.0697508293531 19.590334267630848 0.9684527537491341 2.2027349692353075 4.397607119348274
276 1597.6310421563292 1633.0330550757842 20.295996085928966 1.5492942656980975 3.2497743466554585 2.132546481551841
277 744.1795274359552 1069.3929354891932 20.30171241346196 1.3121446332194782 3.968791550980261 0.1119030083638255
278 997.6769861364605 1273.629540725943 17.52517823355318 0.1849406682237168 4.43300427805879 3.0940884821876913
279 265.3094019166001 821.1206353266425 18.224703586288076 0.4305488183440335 6.2335855992604765 3.5201594592541343
280 479.28725803385555 1644.3347625942577 20.578676430100817 1.8066293721339055 4.351419127185226 0.11479059481276965
281 1323.3627008055958 1151.3511116043965 18.06272684870159 2.1836088502550717 6.308154561754028 -0.28414828944984016
282 764.1009841561845 107.8579016245285 20.09561288973675 0.3408604703794488 2.9475996126845208 1.9122910434555616
283 1775.944014212095 963.6454506269665 20.694714566873667 1.2103419810477323 5.218379475112856 -1.2620318516110087
284 660.1975439776566 457.17833884104857 19.048789063827925 1.3782401094661605 6.020662450223877 1.847143155167152
285 1664.050228828125 1933.6768152685308 17.132769597759516 1.179604461921142 4.632551830624802 2.6955752310169245
286 1462.2555942444942 1936.7537093138487 17.391131469036633 0.8657699561998213 5.836233468086208 -0.7725862030559449
287 816.4659032372813 461.4008192491915 21.269825968397864 0.45619830591432264 3.241805774294213 -1.3488482756094284
288 2034.0662501116833 888.8820615670597 16.50789168921942 -0.18008071695251507 5.367755129567121 0.9803324721863396
289 86.36197457152298 893.8789841167561 17.271752058166356 1.8480473131130464 8.076103448181392 1.2975893326803378
290 465.34311427745524 125.70007957843109 20.369332298498993 1.430408054895583 5.630547506977917 4.717162336715821
291 2034.8547115539673 282.80583132128345 20.3076153000567 1.5804205826684306 4.155726811806536 -0.762072302306839
292 1870.4274448985739 1791.3907479391285 17.866489600730805 1.689202800357282 4.621974619650061 0.2432770759095988
293 1596.0620102157593 88.9340920097327 18.994101705335982 1.6294254578561793 4.566952613490018 2.671986076392425
294 1198.6409001781099 1172.4441290278842 19.69013925773876 1.2484255784831728 2.5959075612330076 1.6580164533450537
295 1794.9673049687785 916.9836856357135 14.033876758604176 0.38962926908019735 7.274896676404026 0.5923543568326154
296 28.53702989606336 1775.3509978990826 15.13185077657702 0.6782373978423146 5.930549168638086 -0.4974150746668269
297 1210.24025537988 251.5169615565369 19.99664424443794 0.3712704515590784 6.021902761517774 1.6785501544231158
298 1292.5361106732048 160.77327210458657 18.762753774829307 2.518021072514262 4.8403713942065165 0.050697859008156154
299 1768.3782818238585 721.2029474105273 19.49955331111144 2.3490424063483584 1.240110265070467 -0.9579378076930318
2100 458.33870452282395 1717.6812294275069 19.331024607552603 0.6996051020575831 4.484081026764188 4.854649578733188
2101 1407.7025982752 343.6502877203757 16.682759107565825 0.6366518155611709 3.893940367077377 1.5805173376882728
2102 230.74104759371426 1158.8232250017725 20.016832684006626 1.4114177145355413 9.063536002159049 -2.2052296609175426
2103 1137.066429562311 321.5997540061653 19.24287257223047 0.474374873425953 4.7006035393109515 3.2229353626803867
2104 855.3592601171856 1599.2876822034552 21.18722010333418 0.9577833020462083 4.877054929477194 1.3044679848639276
2105 491.900829950044 366.05332974411317 20.95476472440352 1.3674857130379028 3.6473154049012333 1.004649887449086
2106 541.6024234091351 526.9677257442779 19.68529907462172 -0.06345886911380416 5.052047970629873 1.555339022211589
2107 519.7730430443712 21.987453497636125 19.726898470066043 1.2720929374831098 2.783479804662379 1.6515797660506237
2108 613.4349504863794 743.5800386552833 12.551231015252714 1.7602887350453642 2.7434186317154934 1.0301803756897343
2109 1969.8355235649526 302.640677741585 18.291524800392295 1.713609452091487 7.778889144833161 -1.7974264316171955
2110 1972.8864748348954 577.205313497328 19.171879579347433 1.1125167326472516 5.65561626879048 1.1041082528801822
2111 620.5375056277462 1654.1155145563885 20.980801373130276 1.0749884224455148 2.8147246087127717 4.443050951331064
2112 586.7850577137517 162.69435645586714 20.660620761970705 1.7625507875196453 4.620481806573221 1.491796620326452
2113 2041.5313183712576 293.98986275504126 19.916670339154994 1.3604203429787538 4.289573521512479 -0.45793710632679274
2114 2040.8352034413672 443.1960646652542 16.245525143896245 1.3739480413969223 4.48439157471226 1.9788085388745957
2115 185.21275239645797 369.94001095402655 18.335477218665385 0.9302013234175154 3.405500991422932 -2.237632568805401
2116 92.66759768873453 1252.915796240927 19.23609733450877 0.5812057365950106 4.355350683923152 0.02241759637576335
2117 1736.0129614265722 1708.26183490505 19.564837425168882 0.8006718760564495 3.575152984149642 0.3125612063153983
2118 940.9262358432002 180.27246826420082 18.429769643041087 2.4505631627400124 2.779257376075245 2.842882221227799
2119 1101.367874196575 1572.7953453975 19.2606769133436 1.552582332961457 4.995895548068271 2.224950460222444
2120 5.194976428570953 806.7472938441065 17.51449950143819 1.1426968570601699 6.679338158683645 1.2282574298291122
2121 380.75736238929085 1682.6330510350888 20.56250109638749 1.1697396012772292 5.757433219566676 0.4425375771254344
2122 690.1673306037928 1981.188855169688 20.15415455178322 1.4184319515877022 4.721247931987827 1.08950902448324
2123 3.865121255682425 82.40850418789705 15.748387120330158 1.7017273962264483 2.92467538716013 -0.9959016265164378
2124 1854.5039547653164 278.63235545068346 20.698935907383174 -0.08589391713910344 5.1329203204425795 5.881320676440081
2125 921.6450288516351 862.4759728571248 17.325785210012487 1.370598036831406 4.7658349756509475 2.49594701138448
2126 605.7804428969218 1490.2896350202086 17.122534664465366 0.42804391969193123 3.3861222178523502 -1.1357270115641276
2127 1413.533606587033 800.3887989834136 18.74151109009252 1.0129319913880002 7.790014422588543 3.2852766879968276
2128 291.1303964233589 29.83699013861451 20.453508812607268 1.6640225570183522 2.003991384178381 3.5499924272219063
2129 828.8350862800344 1256.9211772155159 19.573968414122298 0.7549898377608699 3.3467224970981633 4.266165328105494
2130 486.32816462025335 1683.0132339787117 18.1145196519916 1.1836008684350499 1.575190106853913 1.6928755294191964
2131 1422.8760183916613 1228.153666500148 18.93064248463117 3.1148100910118717 3.8356399666788104 1.8304274394329147
2132 1939.5489662500681 267.14699276229 21.05490648979673 0.09866681816595774 4.515552049611488 -0.6970414047523126
2133 1899.5586519488354 779.193601969399 18.923486885029842 0.9943340343020122 1.1179879928100203 0.6643771260851283
2134 1119.7592954087113 1953.80284608645 21.002093050209375 2.0224406413935623 5.811722696936756 4.262360650244712
2135 1611.1355093393272 1344.935910403314 18.72381465612759 1.1048597241991773 1.9635901413604868 1.2079702121237095
2136 8.770873706204839 25.23598978291011 20.75663181024896 2.4801699877308194 6.025526761784361 -0.6237680393036251
2137 926.7096780526529 233.60757735551215 19.70100679960459 1.0227712675806442 5.472669476399615 1.2423550310717901
2138 690.8906453138395 591.9392179680103 15.090631221690199 2.004359851137803 5.415752507823588 3.2190116483105022
2139 1073.2181131418165 1455.3134999626052 19.631680986816665 2.3391867008944445 5.59120712232214 3.4904020884119245
2140 1062.1343753537683 1838.9205762661954 19.967456247428867 -0.012355754356774995 4.8259841699268184 2.5509723417739094
2141 1143.0218737846099 1587.012854381123 20.033834305895656 0.9141169584262596 5.901816731840793 1.2051473005894322
2142 1220.0210007745245 1799.5744518638985 17.100554885963252 1.6429250274203886 3.0662046578370514 0.6999320343628529
2143 1551.179191193637 1813.0432452852067 20.319925101818804 1.6830389701095783 6.20632558242154 0.42271563467219053
2144 671.21916290933 295.39313732722553 19.28355053151775 1.1045972733617733 4.962088680443286 0.4377680821573303
2145 1123.545543920977 714.9640100323702 18.975915869643103 0.9553577465116219 5.9746382124189426 2.6092561639518284
2146 1857.6117189032952 1283.366505023298 19.725414002560473 1.052657545488479 3.5699059704532066 1.9365757129827132
2147 1758.9404815532255 1563.2192887644392 20.276484085853724 0.7753221233100693 2.468947573634661 1.4384292799401581
2148 77.74402110915935 912.2706225290087 19.053182757678105 0.7468604748012011 4.6714184974245825 1.0061831616704822
2149 1255.6095400482927 1718.9340118119005 20.571421261570492 0.3122212261371208 2.2664598118917025 1.7010693168633324
2150 23.45453333051364 257.59997502247825 18.16055729187433 0.622765294543104 3.1133946369088186 2.91324073900856
2151 1551.3906772893777 1748.250979110687 19.593656864444196 1.2597299516252547 6.486955793360831 1.3783299265371554
2152 242.9732332802223 1734.7945363116894 16.99103528415926 1.587607033056249 4.936392861834133 2.7702804411328295
2153 1861.371413636868 62.74625339646832 19.214427959542622 -0.08311890037826036 4.462552806197904 3.075553636742065
2154 929.2308732579058 1585.435066615274 19.51355352999064 0.9328230210457155 5.454263076557819 0.7893895150430534
2155 507.10417788902555 156.30086571745574 20.71047887784449 0.7361705335745374 6.193051350232909 0.3571922064451011
2156 885.8411742858902 958.6997893062444 18.1680599194484 0.8116645795287023 4.884875957773885 2.5729339828493916
2157 266.2695634981901 250.9946945847082 18.931297069858523 -0.2435667614230919 1.9773794511054672 0.04361841057341942
2158 454.80673054058207 1196.6994038799635 18.690653415309367 1.1491064500138233 4.262041224959091 3.6273569395063454
2159 991.0031269988942 1619.5918925133549 20.79616334345106 1.704102996929575 2.693285866198169 -0.3364707249618979
2160 151.58903506744423 581.6631453866682 15.445371058076818 1.3437630276749877 4.113883727250295 -0.9891954615686269
2161 976.1435607378999 1671.1713209109705 17.52854156999149 1.3473488745001612 4.267332556492622 2.058916407608006
2162 474.9709118168953 1481.2730274935313 19.518515222419417 0.40863781707871494 3.7237088454900924 2.174044834678728
2163 865.3704402766787 902.9225350439438 19.801432468128187 0.38023527852573547 6.189885541306027 3.3739957111422294
2164 231.83743555884007 17.352920531532163 17.834225236150402 1.1034961262521268 5.220226644091095 2.150110119093094
2165 1409.3362008997203 330.87578515350947 17.118936831065565 1.4488696900287872 5.559826857559094 -0.3772791536214848
2166 753.8219505576012 796.0773069805848 18.841026641948446 1.2940679603748668 1.129732532245327 1.5378177447450612
2167 1211.5792666903533 913.4780950358199 20.511276198156544 2.8296282745331327 1.5999436070374986 4.000915116523168
2168 218.49280363744083 1720.254229739665 18.83567290012861 0.6555247740502803 3.9305408382667277 6.249122279776539
2169 1065.6008972552038 1968.2898196411793 19.481281215709302 0.43221287662679714 3.729271902279078 3.1573566630315177
2170 346.39247008810116 401.2382263227057 19.312800561961637 1.3372904092331526 5.565621041677038 -0.7801500800270138
2171 1563.0325532715124 1046.6451523759506 19.374668366791884 1.2515677811019223 5.614244248442304 3.39619706615988
2172 33.417185023297634 303.9575610521929 16.01808014395947 0.9800803811474558 3.3542707699903547 1.4629792254809124
2173 459.5321193111563 863.8139528196434 17.975784528483455 1.8075574982432918 3.3761283088239002 0.3624010361986366
2174 1595.7209115915969 2034.8228240307699 20.94443482196702 0.6787835329006777 6.968332021604587 2.3111290005393426
2175 760.6304300367669 1286.5176770662376 18.851153586807143 1.4888291720502522 6.37528462548307 -1.8531576903927856
2176 536.6310279447773 168.64894782901365 20.223461763608476 1.0084869034441384 4.671031075253321 5.172542230741591
2177 780.6459126374236 1873.545774638681 13.001967417122442 1.4232993807561787 4.94315425343223 -2.7948913663299217
2178 123.75063903314708 1903.0289887435902 21.19004693986576 1.4300153802653286 3.741048875231151 2.7011646205344833
2179 2041.6108851710862 1408.256793272046 14.506736155340201 1.346444365537389 3.1581519322474403 2.6475012052290916
2180 21.074093541330058 1127.142720025106 17.153245725592136 1.1070034131511772 4.413444849082185 3.648852901759541
2181 203.72591403842648 1608.1797485403542 19.756873911470645 1.131716208960801 1.9970521873130722 0.4415567141878365
2182 1566.45174712122 1177.4100827360032 20.63445861413236 1.0672541334160572 3.0086809555325873 2.3746019696493494
2183 651.8451839336783 289.37093463275323 18.765551634251807 0.815685720825252 2.331013209791583 0.6349106709333825
2184 810.3376216402878 209.80359888974863 20.724819431264997 1.6368319634603223 6.965228707857248 1.1119993522934815
2185 343.46561801589246 682.5728394206776 19.90912890915719 0.3061654470555136 3.3780370539182574 0.7072185033909143
2186 576.5665369271212 613.7350257435712 21.10602847170812 1.0709183011198884 2.7385968735006774 1.5319403696172311
2187 1731.536854957334 1814.619568330546 19.806771607215335 1.489706348626856 6.0078209579731645 -2.5219219414861627
2188 402.46545756607657 372.26198091397623 17.587115833530802 0.9033740132662819 2.823494858202633 1.0591578536069872
2189 1419.865933820112 1762.7628365706908 19.95998609719355 2.2514167340108897 6.651768501213041 1.2866628436654937
2190 438.0112586781463 387.2086710154704 20.508060559468618 0.6162662489894428 3.143721806388827 -1.5615086722027942
2191 837.1217186004383 1732.5721870268505 19.680972920203363 0.8697748531785809 2.8344809360923637 1.4014740634328038
2192 1662.3317254643384 937.0992442858628 17.672011975101643 0.9881608903175213 5.328736549126723 2.6379442052127575
2193 889.2235323892819 761.4863055138212 20.429952367836826 1.5602722630050938 5.115068605033856 0.31060304111803894
2194 586.5831958825713 1471.5768451707802 18.9546297333041 2.2336115962834207 5.004275341652606 1.1854173745087875
2195 1987.8731163059124 883.7463195234707 17.01299521653928 1.6495520008710836 3.72889788259397 -3.4442395007505917
2196 1007.8066105058926 810.517016937876 20.057234292918164 1.0811429473866776 2.936405315921059 1.9529989152390392
2197 2013.4950142642622 1333.2853161657602 20.01816712025453 2.33609159387815 2.16253135155322 -0.361945063108702
2198 1369.3245902735353 1177.171185060592 19.903452494698396 1.9447041234493634 6.092660405199952 -0.2384619976720599
2199 1245.3075619477224 168.38761429335136 18.741644975379476 1.4130037146568089 6.272412583990436 0.2894386360307106
2200 1230.6528377811858 1642.4407442821382 19.315486516268837 1.2710573937354621 6.673460664603843 -1.070130029238479
2201 747.5471037581576 1712.619905020709 14.933918997009545 1.0503403872182844 3.0928483284898114 1.1271372706041125
2202 723.4585661120716 2037.9483574176706 19.826948648451193 0.8696301154865471 3.6889452073302715 -0.5908031961844351
2203 743.9757378206264 1017.0957259848587 12.992223651229176 1.0636426404050963 6.860716639184471 3.3863444712807147
2204 1567.6911649547678 1701.1180787617693 14.699295243261782 0.393548161050427 2.359322575444567 0.821558353872549
2205 404.264983786245 887.4710475673828 20.126577629732694 1.7799205436244143 3.875647749806261 2.6172125979767578
2206 1561.5398748047014 1787.8638549863517 19.358299237828145 0.7760488888750147 3.171600947731922 0.6544640056263488
2207 53.97776580724803 283.6940150642547 19.654286225886906 0.9969762445779253 5.069991969614179 1.1299364632702429
2208 1759.6161384943666 1361.620492591905 19.53711596962296 2.4346476067465033 6.788473265540507 1.033623735990212
2209 342.2182431348774 1436.9602822769637 20.016497631719428 0.6858312459008905 6.228513139706386 1.2259733704208413
2210 1267.0831447570295 1737.2183961614548 20.283644087049257 1.00783949134255 2.6170330662430707 1.8284911207126742
2211 322.0605827467489 1222.223647441551 19.316713714919757 2.152011709648513 6.217533910986706 2.540821003549626
2212 158.48507504353915 846.636792657061 18.474047862909245 1.0556131991353264 2.977915225621576 2.1727316253548907
2213 1929.1326241967188 1938.052090206309 20.763611502553157 0.6789374781964631 4.267244435373168 0.7537533191259029
2214 1008.4623740454997 991.1986676504764 17.625551072197602 1.8716057741676597 2.269840905805313 -0.9667516486308174
2215 1884.017815086803 830.4321801475451 19.634484939899355 1.1929006473513737 3.456243520833751 -1.1443352536050289
2216 1505.189710893349 767.299980365683 20.99419539971753 0.7240645391077573 7.357374477407845 0.1759823600843331
2217 1773.6236778732946 869.0642872739231 20.35140573709724 2.3421725412006404 3.1277904654693276 7.564999755760337
2218 641.2736787112478 1787.283634185433 18.46585381841522 0.5646913443262396 4.8811906910021765 -0.04456930796895309
2219 79.25475214654443 772.8293199741593 20.624143510499835 1.4397678146569588 4.549231067198658 -0.4810253859032765
2220 916.4348869932558 1391.336468275133 20.221315663362954 0.8659091403987966 5.480395246077429 0.0798048734268142
2221 240.41956023623538 1115.9549074965669 18.826322812038654 1.0612356765463848 7.871133221970268 -0.9658540767567438
2222 158.1306864580124 1558.235745129245 19.705168634875772 0.7704693927180516 6.431326301835533 1.6989447462928577
2223 259.089563645048 2.874879067357597 19.05393571662595 1.4168616759423887 2.3272076239023356 0.047587624517456684
2224 197.24807161618128 1086.2392545460434 19.454237501198318 1.2403898813463594 2.7258405151660474 0.7615843717739004
2225 635.7025097657861 538.5905642096618 20.579413391286298 0.43273620896469267 7.127697691500112 5.656447490118938
2226 691.0415647473462 169.23353228467863 20.80528420825831 2.07097376213709 5.776078523818249 1.9432675171075597
2227 414.33503552928755 839.8902995632641 15.356966827928176 1.8449588755944182 4.485430466224821 3.2763804527875524
2228 1979.9402012870353 1986.3958905400134 20.544838085057904 1.4317971031043832 7.972811416595296 2.425416283609767
2229 151.36567267640248 1929.735281776209 20.10243644672927 0.5188707192008362 6.735451712381311 4.386754165879595
2230 1887.572009480417 432.7365901089315 18.89749403859145 2.240396215600927 2.9573826933506577 2.1999011289976655
2231 662.8977779935153 1640.854786310428 17.706746077063727 1.8921433878828764 4.1825671163069345 1.2024870793187523
2232 1023.8266044852069 1998.7336350874473 18.853273756001144 2.014851933087465 6.506224946034571 2.0013585906202254
2233 531.8126801459096 1416.4107587296387 20.3075391828253 0.6293914406068688 3.2278980292210506 0.8529851954958971
2234 1592.92712340474 1591.2453710417549 17.89990441770798 1.7602839528301784 4.448902189491945 -0.16924355860926465
2235 1272.8370042861416 1326.1005540682177 19.666305878642795 1.8195572733018845 0.9585238998010581 1.8734689016423747
2236 405.3398367806037 1368.1259022133017 19.290274233269738 1.1787194663859637 4.44369490259855 2.995430727348155
2237 1670.017326186293 1901.0463491322944 20.96782477345053 1.294262384304385 2.4942999799019314 1.261711236031539
2238 1159.534960139035 1138.0062990054332 20.456603246886107 1.2486990156905053 4.749016797302395 0.18039179724133292
2239 1337.2009867344254 1462.361740138748 18.71839040316964 1.7597271979008096 2.565183881742769 -1.037448655296691
2240 704.3816101697278 1812.1747048458171 17.008567883914406 2.055309984254309 5.42478820556129 -0.3010681531688262
2241 278.31228797887434 1100.1309761679865 16.430252909222876 -0.11119509394406628 5.638036231742012 2.0047260533655753
2242 1265.7232002569126 981.8143027253097 17.187444393129674 1.8392547944439706 4.7714092109639585 0.30779827332437626
2243 422.73211891001597 248.43135378596457 19.893328154436773 0.24758704131333004 6.554868541293585 1.029682310136112
2244 162.3680545055945 141.89429913373488 20.00872622107211 0.1290758668397649 3.7113743753683623 2.3297212523069706
2245 79.77968531050146 690.5640740338138 21.129815691289338 2.2591553041625896 3.0373891021827992 0.6254036287803643
2246 844.7264964270598 1280.1996128199494 19.27948094323455 1.5801621747846772 1.2434683104054187 3.954783521171594
2247 1856.1577696951451 354.9138378713303 19.824499204180725 2.0978069852169208 4.461837888784748 2.216158227290206
2248 640.4209113518898 472.6932535695048 16.145489256795933 1.8558431292515025 7.282811937152793 3.780441955317089
2249 761.506191620035 792.8093836454404 18.491302945090084 0.4706275022373269 0.0007858520532293412 2.4935685203903257
2250 1782.5926720865284 1468.0489294457957 17.875616168756185 0.6600068311307016 3.23958546364744 1.0042762642932064
2251 1200.698155948766 1088.6775094389616 20.397310495907764 1.8306750392737696 3.7533837672529025 7.447198243520405
2252 328.1912356494215 1357.4879853426169 19.815519225458257 0.33234619310953534 6.834652929762546 2.0323735437023407
2253 2039.1775434955853 1612.7322275017275 14.491249212763094 1.4829960318101245 2.3473572024830993 1.21517705419564
2254 1600.7527660377816 1856.7819513387074 20.18474570963293 1.355257081607567 3.0420964820787937 1.8846744073175175
2255 918.2145346313916 1429.4639418316794 20.28528979363857 1.673111821703182 2.832295263860007 1.9624323144549258
2256 920.5984707136329 479.7314669367663 13.846248419054401 1.2427376779331383 5.985076893135735 -0.1467471320283118
2257 187.45263967245933 2007.1005107601604 19.881260087714896 1.0712838420293849 3.3165862804155126 1.257924911910179
2258 1063.3307914099075 712.3211787656517 19.759673021252407 2.5707696321318694 2.0337428385487906 0.869735170550558
2259 1455.1080764517712 723.9377935958844 19.166056853576656 1.5368817775325025 3.568029713423552 0.5900220672558351
2260 1527.3370847120912 246.58233964227588 16.088811672192676 1.7798830873860731 3.941097181877182 1.0909858313712626
2261 1796.616279822504 334.9634381511655 19.813469096710193 1.767097156456533 4.890063061081843 1.0728380475370907
2262 1884.0739960429082 1860.9934892816918 17.890808357629112 0.2550265406253315 5.591986491320392 2.273948335557032
2263 55.1523804123799 913.6126615844717 18.106813767396776 -0.5530313491235264 2.8448616911410953 -0.1662117635538174
2264 1397.8621616157236 1381.829824936894 15.21180433177342 2.4997266664621054 3.7556271513293096 4.583162563542071
2265 1206.3156316289649 908.550711745678 18.67645963044468 1.329677896741574 3.3606697410330635 1.8871197908676276
2266 749.904583496658 722.8526362670909 17.520024582492194 2.358629332719048 1.148287268301185 -3.123252208025426
2267 1491.9743065883747 516.319290191482 20.174988377332603 1.3995556758955396 3.789780543512703 0.4408255709222576
2268 1434.6137424058616 76.33912158292924 18.985751531111752 0.10073787740802376 2.5421045452584172 2.058300045031729
2269 1470.943722254987 1865.6974025340846 11.792289388131573 3.1310604072847714 3.9185341659772037 2.076592537300674
2270 260.0774695586265 791.8749833192624 9.704149691599396 1.1888356669596554 5.983357929676561 -0.5574250406738896
2271 852.0821608312594 1758.7775971640322 21.1003148416556 1.2912296971216166 5.777479374189099 -1.5248627385806937
2272 1023.9380331455068 69.95587873477257 18.364446443332767 0.8198113180157193 4.782695913203176 1.4936577808326699
2273 1952.541951395745 606.4492927043466 18.80128632537193 1.2214045454866642 5.470091851401758 4.158661565340909
2274 760.5050437000627 1125.5855872192935 19.676914888953156 0.736972784709383 6.672666831304102 0.3852586676952414
2275 1104.4899942094412 1232.2707533190985 20.09850925199871 0.7771973632546074 3.308624614092218 -0.7576293553464866
2276 380.6244254317842 983.9393704867666 19.188441656212834 0.48071805157309366 3.0627573052373913 0.40199846319679144
2277 1294.4013466391239 294.2792075582486 20.569099581607958 0.9574005989469365 4.475211960103476 -0.7216783177320159
2278 2016.2134680771144 1190.6922446913327 19.2615937606305 1.5230516341769333 2.314729300833826 -0.4919558012230931
2279 28.966845457302043 1620.9998158128867 20.022823548981087 1.7907117578272087 6.188227936750074 2.2110761207160414
2280 1050.5539614788129 979.1692431600384 19.038367750399324 -0.13903556485654361 5.792974488531709 2.1156238495393054
2281 109.3523769562621 55.48012997182968 19.726408213955807 0.44752615585785654 7.9595517459513 2.3369588332128304
2282 702.512916209769 1300.6172284594793 19.459945414535486 1.4262550443051707 5.623430365387756 1.304517848631073
2283 1419.625291775 484.87661077945927 20.14001848759138 1.549223797379962 3.3028015440337795 2.6260216153593348
2284 151.30514983393368 1031.249084913024 18.786893164597917 0.6152014167111943 4.381244110888474 0.9801983130712331
2285 1950.993686621084 890.4458410603793 18.95706388799843 1.0136164170434723 5.832656151868311 -1.2517476525311761
2286 610.4327336465155 1514.3571269346467 14.986009807111751 1.148879914250383 5.541892959193728 0.47927834802510794
2287 40.676166622399705 946.0276233915745 20.667701759281904 1.18322154811499 5.849022742211862 3.321630229882058
2288 1460.408372006785 1583.9843628205858 20.741820872534262 -0.2503485317138582 4.553295396126267 0.4170025800108803
2289 1117.3740657150036 1511.1532094801732 20.145860260600358 0.7868619571477513 3.6856756128149533 1.509648897153856
2290 923.3860196380936 1330.7807622140929 18.82580456016172 1.0870607363156481 3.4642200113378294 2.8416782286455993
2291 280.06442218524717 103.43629175864135 19.209458872897947 1.5289444594320216 3.95531310411587 4.960574347262845
2292 876.2410273603982 1458.7438631320808 20.416325976777465 0.40105278379576625 7.559022689835317 1.7613919855510771
2293 1810.7748006636386 1374.5772078563773 19.808795665897645 0.966649983849526 1.835785773018415 1.7515231772975262
2294 1856.5756724294881 1133.1657920748055 19.930875015163405 0.2233505454537794 7.66401989632279 2.255813609941435
2295 56.09102073312215 1617.1413835379342 20.633459378785968 2.238270692562302 5.852607773940141 -1.6536235091333809
2296 1899.9864005912239 979.5016854134001 16.507152799002263 0.9949635965259581 6.6723993922480895 4.507407322166195
2297 337.10017502000346 1319.3623542725843 19.75113251164785 0.4470340741474323 2.972632406003702 3.9310743877792484
2298 16.90933926009734 1548.0904681579493 20.023926885953582 0.01675755872825736 1.41083809568201 0.20646888636034588
2299 881.9086217698957 1335.935427258643 18.754259240901003 0.7060044972090811 4.600299587776197 -0.4526472108241728
2300 1033.4139808350415 118.4012132841674 20.75496361614337 0.4859164372070463 6.082560378931038 -4.646650962450006
2301 1206.0392529102674 1383.9902836966726 19.87054675374714 1.5774262152076415 2.189428310767038 1.446743664270702
2302 869.6095805757577 943.7314326686903 20.540152819858996 0.7162518038320769 6.114982146322849 3.0437035843320324
2303 781.232633008233 1563.9959331325301 19.076135859366573 1.0615782451843694 2.0607482090810403 0.8881719672763788
2304 1468.2468865032235 1309.0025980078383 18.821881498625483 0.6828122349646001 5.159900119270797 -1.4126935494322725
2305 432.5588465174808 1586.465161750878 17.815750122943633 1.6730933043305007 4.738445672071238 1.0746452794603787
2306 1619.162187577151 1861.393649722746 19.999870578402454 0.06258914552338928 4.325666583102483 1.912074171431654
2307 1521.0830707068162 145.4272311329064 19.25132601838448 1.1828711655627304 4.752071013118602 2.51415826002451
2308 859.1494850938102 1131.6441227785351 16.038666754899044 0.43787440243356657 5.574988479938608 1.7218408959977634
2309 1867.4331608553443 1869.5354467680686 17.166334753065954 0.6011130627389831 5.92946301129599 -0.8392258278578466
2310 1135.3572792989228 1179.067234596207 20.90555018931954 0.7454284640874459 5.000403293161575 1.151382153066969
2311 1552.0898906360198 14.336428761419938 19.051853329050637 0.8635876100585448 5.351324128323368 3.440560409106954
2312 652.8116505628082 610.9427063439009 17.86999196408964 1.074541653355777 2.450479718571624 2.211265306046557
2313 56.58300309180254 1452.7756314073777 20.057913717681732 0.19645903948724805 3.8640959577818 2.4362220413039277
2314 1082.101138954833 815.3219095115944 16.687119997344414 1.558268778775106 4.235754823267633 4.93779313577266
2315 919.7019828783627 287.61544495587145 20.452199651672174 0.07778691432487346 2.8383720835709374 -0.2678487493211201
2316 468.85335622447906 1837.5707735217798 19.166912984675033 0.7264960426041006 8.468864696829435 5.311478053686367
2317 1573.9529159436815 1741.8076833652124 18.463504635473495 -0.21747373400564457 6.3073860911601285 3.647000061580555
2318 713.2496042137257 1119.0287894423157 20.00724399767954 1.3973500870410835 2.3040060742875434 0.04712530233392842
2319 102.02847169933489 1771.3091573944828 20.247427184252345 2.136659476056394 1.5153616024643415 5.012391851828973
2320 987.4695970125892 1608.7632076369368 14.464518816531424 0.6697697176451148 2.54595789149452 2.4019887633623016
2321 604.3606129242814 1369.0199207633968 20.843776521176274 0.30780886331861157 3.8647629600905047 2.993112907873086
2322 722.2583214755559 574.5135275935472 20.096061332121018 1.5185177633251037 6.933715297274249 1.6152974689483193
2323 736.8385540382938 793.9484889383505 17.348531934381832 1.2175157594390675 3.842721354958921 2.1577533745608783
2324 522.0826283193185 1994.5270868320058 19.30488718991739 0.9352531204470302 1.0624629499887757 3.2863593887126994
2325 348.1771303447383 1728.7648197931237 20.28205928480599 1.7330389620613922 1.3721932153985508 -0.4765372150563021
2326 1866.184799770807 1919.3472519653594 20.60272467744427 0.6778154279086994 3.6117212678406476 1.7993596884316543
2327 1750.8554736041601 1281.9586218255158 16.641652097689757 1.5233169737100902 0.08677710951549056 -0.46577936056455616
2328 412.09236841271445 1486.8138172722709 20.056440041341425 1.3044357414342262 8.950832348542235 -2.390278698051661
2329 1365.7449508416635 469.0154129705045 18.541894441232323 0.4358268501801052 4.07679361665161 -1.7220222821318307
2330 1032.7188075185807 357.6344227244947 18.846843380870204 0.4954932903789599 5.982105698038158 -0.8404680892366598
2331 1443.0176682239503 690.668642804709 20.43523589109353 0.6042634930288058 5.857166102155689 0.9072036619170348
2332 245.6929722048228 1567.14459251374 19.61742826186926 0.46544196856620396 6.848786322930501 0.548800155005595
2333 1382.7284041243872 1876.5166434888388 20.603546004164667 0.17437623420624765 2.2299168831107057 1.8782947626396596
2334 1108.193592493185 1602.5020036533488 18.9418137858635 0.7484170582094284 0.39414283135506967 0.3967468677255427
2335 795.8633629469464 400.49279682506244 15.690907852076473 1.8840615182075116 3.7861017067427563 -0.8070367051467393
2336 468.67881980623565 1345.269865164569 20.554813824326384 1.7686133639611181 2.387976383425433 3.598819749331638
2337 1479.3261986001685 2003.08989584947 16.70427499082129 1.4904287644191536 5.300037492057645 1.1363788946444733
2338 2037.2690928764216 766.2109362724609 19.841471599474794 1.834347904960929 3.044048023970249 0.21653227178490875
2339 399.68563676341796 497.59835835131935 19.909826812165857 1.4398946972475524 4.114339726569 1.9801151457770776
2340 605.1384281045539 1217.9575588980038 18.571278857434656 -0.23551378042677132 3.905958773589102 -0.991733358973915
2341 735.8858082606607 92.00282727698755 20.999652548869715 -0.27626176257513 3.7506258102485774 -2.288100872986512
2342 1605.536893039904 1310.3833374904646 19.096816812583725 1.5412517813323394 2.53774278285479 -1.683703923163883
2343 646.2563917257839 1771.4195305012747 20.525983049370055 1.3360075940872198 6.689879038229828 2.297678280864324
2344 85.51125140488148 246.03992858095262 18.483083463380364 1.2599835327876703 2.7508493413121515 4.052250563797999
2345 1387.4881725852858 1735.0525430489556 16.95265855915054 2.079997926880801 5.953739661798673 2.3609894655516737
2346 256.835407204617 626.0221219063753 20.196742254195424 1.0127526281178978 7.6723288286868785 -0.28475127217284646
2347 104.3421834767505 1278.140499365285 20.429270250983937 0.2569526293661031 2.5065134608551696 2.258641810733711
2348 483.5560666685212 1399.6134441352692 19.971733917643096 1.1234174516211666 4.639477614210797 4.34284945397285
2349 1424.6523043527166 280.4728524753282 17.328854093318267 1.6314092684606016 1.3959922501848818 1.8278666350602495
2350 158.61133778198496 1193.7378362932009 19.468100337104882 2.550027699761878 4.676416868462102 0.032669201528263025
2351 981.9297835379243 809.380530539881 20.30684002640119 0.475682486298986 3.5198058102127687 -4.008806441316636
2352 1997.9822318325882 270.92884097667843 19.74164103291987 0.8719795511173922 0.38069246638165577 0.9093384327113102
2353 1940.9419248321137 1019.696827507295 16.399112010739454 0.4104480320818087 1.7929272336739634 -0.009826837710252834
2354 1894.6674572742543 376.3900741323696 17.263309893936665 1.660396812579358 5.626123131426849 0.34180934946457764
2355 1285.3565231726022 144.90253875761027 21.143825719669696 0.5527417806595468 5.982236898776419 1.9084761209437018
2356 331.9383212254968 1767.7967208091864 19.20442254787478 1.032245372924802 4.416177430216713 2.078184026777503
2357 953.332326551136 833.0550974342382 19.817989812052186 1.0838052587063123 3.9800635469526693 0.730876484122952
2358 1963.3465018491797 216.93483794778854 20.8166614154859 2.3426010608885144 4.64233846600219 0.219556383450894
2359 447.0200572448773 302.4673525822916 18.969266906217495 2.213713206876872 2.575579714257003 0.6673879044532445
2360 1781.1204333632681 433.2994233067893 19.902456004484304 0.5775605431563516 3.462908720708212 -0.3733936349921363
2361 1229.6199357468786 1509.0639328211926 19.177648211850073 1.3343569748312072 2.2083003142201467 1.0117487215385235
2362 231.0644927106814 66.21731332872241 17.649006250756447 2.502924287925409 5.099009911839697 1.5445017854350465
2363 1327.4568156782443 1369.3487160167474 20.65055254440483 1.0672463257235858 2.542081470936681 2.2284243024169714
2364 1223.354610743714 309.00426457899243 19.43413954747572 1.7399229794632227 4.351114997786636 -0.6702160407971325
2365 129.57499450536784 1273.7712050737332 20.469381965440302 1.0419128752717068 3.8444692551237303 0.9780486150979972
2366 1497.7248165936533 463.34079863526426 18.476785697388156 0.11674456556989674 3.5819869799038733 1.8053226179061164
2367 1700.4883961344576 1469.2752479481917 16.311661659099453 1.3008630263400833 5.5540150440476825 -0.38178196581926915
2368 1764.7501692769174 1333.1904729525706 18.318439382059466 1.0622029138360678 2.825125092902851 3.219802176773043
2369 656.024169190142 1154.654748604629 21.17194488144015 1.2461166608742342 2.179028994752653 1.0830883291751037
