#id             x        y        V       eV       UB     eUB        BV      eBV       VI      eVI       JH      eJH       HK      eHK    m_ini
103       1220.98  1062.79    20.84     0.21     0.89     0.21     1.46     0.21     1.52     0.21     0.76     0.21    -0.02     0.21   0.8619
1014      1200.78   938.09    20.87     0.20     0.28     0.20     1.48     0.20     1.85     0.20     0.60     0.20     0.20     0.20   0.8619
1015       978.93   930.42    20.46     0.22     0.36     0.22     1.54     0.22     1.83     0.22     0.86     0.22    -0.01     0.22   0.9063
1019      1020.10   892.88    20.67     0.20     0.32     0.20     1.19     0.20     1.83     0.20     0.56     0.20    -0.16     0.20   0.8619
1020      1032.26  1056.50    20.52     0.17     0.81     0.17     1.54     0.17     1.79     0.17     0.58     0.17     0.39     0.17   0.8619
1023      1035.62  1185.69    20.44     0.18     0.73     0.18     1.26     0.18     2.15     0.18     0.67     0.18     0.30     0.18   0.9631
126       1010.20  1128.07    20.70     0.21     0.35     0.21     1.30     0.21     1.49     0.21     0.49     0.21     0.22     0.21   1.0818
1027      1163.97   987.42    19.93     0.13     0.48     0.13     1.44     0.13     1.66     0.13     0.61     0.13    -0.14     0.13   1.0611
128       1027.74   946.58    20.44     0.20     0.76     0.20     0.94     0.20     1.85     0.20     0.78     0.20     0.21     0.20   1.1052
130       1173.27  1067.02    20.62     0.27     0.34     0.27     1.24     0.27     1.78     0.27     0.43     0.27     0.54     0.27   1.1385
131       1028.57  1031.59    20.27     0.15     0.62     0.15     1.20     0.15     1.63     0.15     0.56     0.15     0.53     0.15   1.1503
1032      1245.55   941.49    20.14     0.15     0.79     0.15     1.35     0.15     1.51     0.15     0.37     0.15     0.40     0.15   0.9063
133       1133.75   962.17    20.10     0.15     0.49     0.15     1.47     0.15     1.54     0.15     0.60     0.15     0.28     0.15   1.1824
134        960.92  1041.32    20.08     0.13     0.66     0.13     0.96     0.13     1.50     0.13     0.51     0.13     0.24     0.13   1.1879
135       1128.66   878.10    20.18     0.20     0.71     0.20     0.99     0.20     1.56     0.20     0.44     0.20     0.37     0.20   1.2002
1036      1027.97   987.72    19.65     0.13     0.72     0.13     1.23     0.13     1.79     0.13     0.46     0.13     0.24     0.13   1.0161
137        897.19  1051.49    19.74     0.17     0.42     0.17     0.88     0.17     1.42     0.17     0.22     0.17     0.15     0.17   1.2305
138        977.53  1030.88    19.83     0.16     0.81     0.16     0.93     0.16     1.32     0.16     0.34     0.16     0.24     0.16   1.2555
139       1042.25   975.57    19.77     0.14     0.71     0.14     1.10     0.14     1.53     0.14     0.18     0.14     0.21     0.14   1.2616
1040      1004.32  1005.37    19.38     0.12     0.66     0.12     1.24     0.12     1.44     0.12     0.33     0.12     0.25     0.12   1.1824
1041      1015.96  1016.64    19.33     0.14     0.75     0.14     1.13     0.14     1.35     0.14     0.34     0.14     0.21     0.14   1.0161
142       1005.30  1024.16    19.84     0.14     0.57     0.14     1.08     0.14     1.64     0.14     0.38     0.14     0.16     0.14   1.3136
1043      1087.91   989.60    18.99     0.12     0.77     0.12     0.94     0.12     1.34     0.12     0.14     0.12     0.26     0.12   1.2305
1044      1076.64  1177.58    19.03     0.13     0.66     0.13     1.23     0.13     1.63     0.13     0.10     0.13     0.14     0.13   1.2141
145        947.97  1036.98    19.39     0.12     0.72     0.12     1.23     0.12     1.43     0.12     0.42     0.12     0.16     0.12   1.3802
146        883.91   995.04    19.18     0.12     0.91     0.12     1.05     0.12     1.43     0.12     0.52     0.12     0.03     0.12   1.4021
1047      1001.27  1066.00    19.09     0.11     0.60     0.11     1.19     0.11     1.46     0.11     0.45     0.11     0.20     0.11   1.0611
1048      1028.95  1181.76    18.99     0.14     0.80     0.14     1.01     0.14     1.62     0.14     0.22     0.14     0.29     0.14   1.0818
149       1057.88  1025.47    19.26     0.11     0.75     0.11     1.07     0.11     1.38     0.11     0.38     0.11     0.07     0.11   1.4605
1050      1086.70   982.56    18.75     0.13     0.81     0.13     1.13     0.13     1.31     0.13     0.44     0.13     0.26     0.13   1.2877
1051      1018.38  1049.34    18.50     0.11     0.70     0.11     1.08     0.11     1.31     0.11     0.36     0.11     0.12     0.11   1.2002
152       1109.73   997.41    19.06     0.09     0.76     0.09     1.04     0.09     1.35     0.09     0.27     0.09     0.11     0.09   1.5481
153       1051.99  1096.73    19.04     0.08     0.74     0.08     0.97     0.08     1.39     0.08     0.19     0.08     0.13     0.08   1.5738
154       1058.68   901.90    18.86     0.11     0.67     0.11     1.06     0.11     1.24     0.11     0.34     0.11     0.24     0.11   1.5973
1055       953.49  1029.34    18.36     0.08     0.51     0.08     0.83     0.08     1.21     0.08     0.50     0.08     0.11     0.08   1.5121
1056      1104.45  1175.72    18.16     0.09     0.64     0.09     0.88     0.09     1.28     0.09     0.23     0.09     0.37     0.09   1.5481
157        986.51  1158.36    18.81     0.09     0.64     0.09     0.83     0.09     1.30     0.09     0.29     0.09     0.31     0.09   1.6946
158        988.26   973.51    18.67     0.12     0.64     0.12     0.80     0.12     1.39     0.12     0.38     0.12     0.29     0.12   1.7278
1059       994.86   982.05    18.36     0.10     0.49     0.10     1.00     0.10     1.26     0.10     0.31     0.10     0.28     0.10   1.4021
160       1100.02  1208.00    18.63     0.07     0.54     0.07     0.88     0.07     1.12     0.07     0.38     0.07     0.23     0.07   1.8141
161       1126.12  1131.83    18.57     0.09     0.61     0.09     1.04     0.09     1.11     0.09     0.37     0.09     0.16     0.09   1.8291
162       1131.80   907.23    18.47     0.12     0.73     0.12     0.91     0.12     1.06     0.12     0.25     0.12     0.26     0.12   1.8693
1063       840.30  1001.69    17.73     0.08     0.39     0.08     0.95     0.08     1.32     0.08     0.31     0.08     0.14     0.08   1.8693
1064      1031.65  1013.54    17.94     0.07     0.49     0.07     0.99     0.07     1.20     0.07     0.25     0.07     0.19     0.07   1.6946
1065       974.98   882.78    18.02     0.08     0.54     0.08     0.82     0.08     1.16     0.08     0.25     0.08     0.37     0.08   1.4387
166        948.93   935.87    18.31     0.11     0.56     0.11     0.84     0.11     1.08     0.11     0.39     0.11     0.14     0.11   2.0832
167       1047.74  1073.49    18.31     0.09     0.36     0.09     0.90     0.09     1.06     0.09     0.13     0.09     0.08     0.09   2.1122
168       1008.37  1142.70    18.07     0.08     0.55     0.08     0.84     0.08     1.19     0.08     0.29     0.08     0.18     0.08   2.1953
169        924.06  1205.07    18.18     0.07     0.47     0.07     0.80     0.07     1.08     0.07     0.31     0.07     0.21     0.07   2.2409
1070       986.63  1039.26    17.60     0.08     0.43     0.08     0.84     0.08     1.03     0.08     0.20     0.08     0.03     0.08   1.8693
1071      1001.51   945.11    17.55     0.06     0.37     0.06     0.83     0.06     1.30     0.06     0.22     0.06     0.23     0.06   2.0832
1072       873.23  1075.01    17.32     0.06     0.51     0.06     0.79     0.06     1.10     0.06     0.32     0.06     0.16     0.06   2.0214
1073      1010.39   876.10    17.14     0.08     0.37     0.08     0.84     0.08     0.99     0.08     0.26     0.08     0.29     0.08   2.4394
174       1095.97   956.81    17.73     0.06     0.30     0.06     0.82     0.06     1.08     0.06     0.30     0.06     0.17     0.06   2.6717
175       1148.21  1064.51    17.79     0.06     0.26     0.06     0.88     0.06     1.13     0.06     0.16     0.06     0.17     0.06   2.7144
176        881.00  1027.83    17.60     0.07     0.35     0.07     0.74     0.07     1.01     0.07     0.29     0.07     0.25     0.07   2.8732
1077      1023.47  1064.12    16.80     0.05     0.26     0.05     0.67     0.05     1.08     0.05     0.24     0.05     0.20     0.05   2.8732
1078       961.03  1029.47    16.95     0.05     0.37     0.05     0.78     0.05     1.06     0.05     0.20     0.05     0.17     0.05   2.1953
1079      1008.62   951.29    16.77     0.05     0.16     0.05     0.82     0.05     1.06     0.05     0.27     0.05     0.15     0.05   2.3668
1080       992.47   975.39    16.73     0.05     0.24     0.05     0.70     0.05     1.04     0.05     0.13     0.05     0.28     0.05   2.5314
1081      1067.23  1115.15    16.57     0.05     0.18     0.05     0.76     0.05     1.08     0.05     0.30     0.05     0.13     0.05   2.5314
182       1099.04   945.62    16.80     0.05     0.05     0.05     0.64     0.05     1.06     0.05     0.32     0.05     0.16     0.05   3.9189
1083      1129.56  1013.61    16.28     0.06     0.08     0.06     0.72     0.06     1.08     0.06     0.13     0.06     0.27     0.06   3.2987
184        985.38  1095.75    16.59     0.04     0.06     0.04     0.75     0.04     1.05     0.04     0.26     0.04     0.22     0.04   4.2432
1085       885.92   944.00    15.92     0.04     0.06     0.04     0.69     0.04     1.09     0.04     0.22     0.04     0.23     0.04   3.6455
1086      1186.60  1048.32    15.52     0.04     0.02     0.04     0.69     0.04     1.04     0.04     0.20     0.04     0.15     0.04   4.5843
1087       979.60  1016.80    15.57     0.04     0.01     0.04     0.78     0.04     1.04     0.04     0.19     0.04     0.11     0.04   4.2432
188       1197.13   924.23    15.71     0.04    -0.08     0.04     0.73     0.04     0.97     0.04     0.20     0.04     0.08     0.04   6.3154
189        968.43  1061.53    15.56     0.03    -0.06     0.03     0.72     0.03     0.97     0.03     0.21     0.03     0.15     0.03   6.6083
190       1118.89  1062.14    15.30     0.03    -0.12     0.03     0.64     0.03     0.99     0.03     0.21     0.03     0.15     0.03   7.5412
1091      1089.28  1139.20    14.17     0.02    -0.21     0.02     0.62     0.02     0.96     0.02     0.21     0.02     0.11     0.02   7.5412
1092       983.61   955.70    13.54     0.02    -0.26     0.02     0.69     0.02     0.93     0.02     0.19     0.02     0.13     0.02   9.6202
193        969.38  1101.33    12.87     0.02    -0.34     0.02     0.63     0.02     0.94     0.02     0.18     0.02     0.11     0.02  15.7612
194       1003.41  1091.60    13.85     0.02    -0.29     0.02     0.66     0.02     0.93     0.02     0.21     0.02     0.10     0.02  12.2425
20         537.99  1102.51     9.72     0.02    -0.38     0.02     0.69     0.02     1.05     0.02     0.39     0.02     0.12     0.02   0.0000
21        1698.39  1516.02    13.08     0.04     1.29     0.04     2.21     0.04     2.58     0.04     1.20     0.04     0.23     0.04   0.0000
22         243.76  1542.27    15.05     0.06     2.15     0.06     3.09     0.06     3.48     0.06     1.65     0.06     0.26     0.06   0.0000
23        1723.94  1236.96    11.62     0.02    -0.37     0.02     0.69     0.02     1.01     0.02     0.40     0.02     0.07     0.02   0.0000
24         488.86     8.90    15.82     0.08     2.09     0.08     3.00     0.08     3.33     0.08     1.53     0.08     0.20     0.08   0.0000
25        1858.91  1405.46    15.07     0.04     1.42     0.04     2.17     0.04     2.55     0.04     1.08     0.04     0.23     0.04   0.0000
26        1019.86  1277.63    12.92     0.04     0.10     0.04     1.07     0.04     1.40     0.04     0.52     0.04     0.16     0.04   0.0000
27        1326.24  1745.28    12.60     0.03    -0.20     0.03     0.80     0.03     1.09     0.03     0.27     0.03     0.08     0.03   0.0000
28         633.62  1967.62    12.61     0.03    -0.39     0.03     0.64     0.03     0.96     0.03     0.32     0.03     0.06     0.03   0.0000
29         810.95  1085.09    17.82     0.10     2.48     0.10     3.14     0.10     3.58     0.10     1.41     0.10     0.36     0.10   0.0000
210       1509.26   496.38    17.94     0.13     2.71     0.13     3.48     0.13     3.66     0.13     1.77     0.13     0.23     0.13   0.0000
211       1261.64  1272.94    13.97     0.04     0.35     0.04     1.02     0.04     1.36     0.04     0.54     0.04     0.18     0.04   0.0000
212       1550.67  1682.66    15.34     0.07     1.11     0.07     1.77     0.07     2.04     0.07     0.88     0.07     0.20     0.07   0.0000
213        627.07     4.97    12.90     0.04    -0.61     0.04     0.33     0.04     0.56     0.04     0.10     0.04     0.13     0.04   0.0000
214       1633.72   198.97    15.56     0.07     0.93     0.07     1.59     0.07     1.85     0.07     0.79     0.07     0.25     0.07   0.0000
215       1268.95   742.32    13.77     0.04    -0.24     0.04     0.62     0.04     0.93     0.04     0.10     0.04     0.10     0.04   0.0000
216       1708.67  1188.08    16.84     0.08     1.83     0.08     2.60     0.08     2.87     0.08     1.18     0.08     0.32     0.08   0.0000
217       1447.29   828.67    14.05     0.05    -0.14     0.05     0.69     0.05     0.99     0.05     0.16     0.05     0.13     0.05   0.0000
218       1772.72   674.46    14.46     0.05     0.08     0.05     0.87     0.05     1.15     0.05     0.35     0.05     0.20     0.05   0.0000
219        732.14  1781.14    17.95     0.10     2.16     0.10     2.97     0.10     3.15     0.10     1.40     0.10     0.30     0.10   0.0000
220       1060.58  1778.05    14.13     0.05    -0.07     0.05     0.66     0.05     0.88     0.05     0.23     0.05     0.13     0.05   0.0000
221        497.33   691.45    14.52     0.04     0.04     0.04     0.81     0.04     1.10     0.04     0.21     0.04     0.08     0.04   0.0000
222        716.00  1967.96    16.13     0.07     1.00     0.07     1.71     0.07     1.82     0.07     0.67     0.07     0.26     0.07   0.0000
223       1312.83  1696.09    14.03     0.04    -0.26     0.04     0.49     0.04     0.73     0.04     0.02     0.04     0.10     0.04   0.0000
224       1069.19  1165.13    14.47     0.03    -0.03     0.03     0.67     0.03     0.98     0.03     0.21     0.03     0.09     0.03   0.0000
225       1775.18  1882.79    15.46     0.06     0.38     0.06     1.04     0.06     1.38     0.06     0.35     0.06     0.15     0.06   0.0000
226        498.21   983.64    17.72     0.08     1.98     0.08     2.47     0.08     2.79     0.08     1.12     0.08     0.44     0.08   0.0000
227       1607.02   607.15    19.18     0.14     2.68     0.14     3.09     0.14     3.57     0.14     1.70     0.14     0.39     0.14   0.0000
228        247.37  1660.27    14.83     0.04     0.16     0.04     0.80     0.04     1.13     0.04     0.17     0.04     0.14     0.04   0.0000
229       1564.97   252.33    15.78     0.08     0.38     0.08     0.96     0.08     1.44     0.08     0.19     0.08     0.26     0.08   0.0000
230        577.52   411.37    20.64     0.20     4.18     0.20     3.95     0.20     4.58     0.20     2.19     0.20     0.47     0.20   0.0000
232       1328.73   818.72    19.65     0.18     3.22     0.18     3.79     0.18     3.92     0.18     1.56     0.18     0.59     0.18   0.0000
233        645.36   468.53    14.63     0.05    -0.14     0.05     0.56     0.05     0.81     0.05     0.09     0.05     0.14     0.05   0.0000
234        798.47  1814.93    14.34     0.04    -0.22     0.04     0.47     0.04     0.76     0.04     0.10     0.04     0.12     0.04   0.0000
235        937.38  1934.80    16.75     0.07     1.00     0.07     1.43     0.07     1.98     0.07     0.65     0.07     0.18     0.07   0.0000
237        233.39  1800.15    15.31     0.07     0.02     0.07     0.71     0.07     0.92     0.07     0.20     0.07     0.09     0.07   0.0000
238        430.71  1375.48    15.41     0.07     0.19     0.07     0.81     0.07     1.03     0.07     0.12     0.07     0.16     0.07   0.0000
239       1901.50  1195.84    20.29     0.18     3.00     0.18     3.32     0.18     3.54     0.18     1.35     0.18     0.33     0.18   0.0000
240       1481.63   996.97    17.98     0.15     1.78     0.15     2.20     0.15     2.45     0.15     1.03     0.15     0.29     0.15   0.0000
241       1937.70   329.44    15.62     0.07     0.77     0.07     1.25     0.07     1.51     0.07    -0.12     0.07     0.14     0.07   0.0000
243        214.67  1285.21    18.42     0.14     2.04     0.14     2.75     0.14     2.78     0.14     1.21     0.14     0.37     0.14   0.0000
244        379.21   450.23    18.51     0.13     1.96     0.13     2.38     0.13     2.70     0.13     1.31     0.13     0.36     0.13   0.0000
245        980.12     6.67    16.15     0.05     0.55     0.05     1.08     0.05     1.26     0.05     0.29     0.05     0.25     0.05   0.0000
246        314.12  1218.71    16.60     0.08     0.97     0.08     1.58     0.08     1.90     0.08     0.64     0.08     0.28     0.08   0.0000
247       1671.13  1592.03    16.29     0.08     0.70     0.08     1.29     0.08     1.60     0.08     0.65     0.08     0.15     0.08   0.0000
248         37.06  1296.26    16.94     0.07     1.01     0.07     1.64     0.07     1.72     0.07     0.58     0.07     0.32     0.07   0.0000
249       1072.28  1612.35    16.11     0.07     0.42     0.07     0.94     0.07     1.28     0.07     0.42     0.07     0.15     0.07   0.0000
250        353.07  1584.97    19.08     0.11     2.19     0.11     2.57     0.11     2.88     0.11     0.95     0.11     0.21     0.11   0.0000
252       1971.76  1845.69    15.80     0.09     0.22     0.09     0.60     0.09     1.20     0.09     0.20     0.09     0.17     0.09   0.0000
253       1109.05  1223.55    15.75     0.06     0.13     0.06     0.76     0.06     1.00     0.06     0.11     0.06     0.08     0.06   0.0000
254        994.06  1114.59    16.30     0.08     0.21     0.08     0.79     0.08     1.01     0.08     0.21     0.08     0.10     0.08   0.0000
255        207.96  1825.41    16.20     0.05     0.17     0.05     0.76     0.05     1.00     0.05     0.14     0.05     0.13     0.05   0.0000
256       1345.47   200.05    14.83     0.05    -0.47     0.05     0.10     0.05     0.32     0.05    -0.15     0.05     0.11     0.05   0.0000
257        398.53  1172.71    16.52     0.09     0.68     0.09     1.26     0.09     1.51     0.09     0.35     0.09     0.13     0.09   0.0000
258       1214.13  1784.82    15.85     0.07     0.03     0.07     0.66     0.07     1.00     0.07     0.29     0.07     0.10     0.07   0.0000
259       1095.42   488.92    17.06     0.10     0.88     0.10     1.28     0.10     1.53     0.10     0.60     0.10     0.24     0.10   0.0000
260       1491.55  1884.68    19.13     0.09     2.15     0.09     2.43     0.09     2.80     0.09     1.19     0.09     0.25     0.09   0.0000
261       1600.58  1052.84    15.91     0.06     0.57     0.06     1.11     0.06     1.30     0.06     0.08     0.06     0.20     0.06   0.0000
262         97.05  1650.98    19.96     0.18     3.09     0.18     3.16     0.18     3.49     0.18     1.67     0.18     0.17     0.18   0.0000
263        163.53  2010.75    15.33     0.06    -0.18     0.06     0.23     0.06     0.62     0.06     0.07     0.06     0.09     0.06   0.0000
264       1126.06  1602.69    19.09     0.15     2.35     0.15     2.41     0.15     2.50     0.15     1.20     0.15     0.32     0.15   0.0000
265        254.42   504.51    19.77     0.15     2.47     0.15     2.77     0.15     3.02     0.15     1.30     0.15     0.21     0.15   0.0000
267       1828.33   137.35    17.84     0.12     1.76     0.12     2.04     0.12     2.31     0.12     1.01     0.12     0.34     0.12   0.0000
268        785.17  1314.84    14.89     0.05    -0.36     0.05     0.24     0.05     0.55     0.05    -0.05     0.05     0.12     0.05   0.0000
269         64.82   455.16    17.99     0.13     1.20     0.13     1.47     0.13     1.50     0.13     0.50     0.13     0.19     0.13   0.0000
270        904.05  1265.18    16.72     0.09     0.39     0.09     0.59     0.09     1.12     0.09     0.06     0.09     0.22     0.09   0.0000
271       1660.77  2035.07    17.25     0.09     0.80     0.09     1.29     0.09     1.37     0.09     0.40     0.09     0.29     0.09   0.0000
272        608.89  1278.18    19.02     0.14     1.98     0.14     1.94     0.14     2.28     0.14     0.83     0.14    -0.14     0.14   0.0000
273        695.80  1547.82    18.96     0.11     1.59     0.11     1.73     0.11     2.28     0.11     0.81     0.11     0.19     0.11   0.0000
275       1615.59   737.82    16.43     0.09     0.44     0.09     1.14     0.09     1.16     0.09     0.14     0.09     0.13     0.09   0.0000
276       1928.81   769.74    18.57     0.14     1.60     0.14     2.10     0.14     2.21     0.14     1.04     0.14     0.19     0.14   0.0000
277        363.37   532.98    17.98     0.09     1.26     0.09     1.71     0.09     2.03     0.09     0.62     0.09     0.36     0.09   0.0000
278         19.00  1540.31    16.79     0.08     0.54     0.08     0.81     0.08     1.10     0.08     0.27     0.08     0.15     0.08   0.0000
279       1487.93   998.61    15.88     0.07     0.09     0.07     0.64     0.07     0.73     0.07     0.13     0.07     0.14     0.07   0.0000
280       1406.50   370.84    15.07     0.05    -0.50     0.05     0.09     0.05     0.29     0.05    -0.19     0.05     0.13     0.05   0.0000
281       1736.03    17.74    17.88     0.10     1.18     0.10     1.70     0.10     1.91     0.10     0.65     0.10     0.11     0.10   0.0000
282        432.81   675.25    18.42     0.13     1.25     0.13     1.78     0.13     2.21     0.13     0.77     0.13     0.23     0.13   0.0000
283       1673.08   978.67    20.52     0.25     3.29     0.25     3.44     0.25     3.81     0.25     1.30     0.25     0.14     0.25   0.0000
285        920.15   792.56    19.55     0.20     2.27     0.20     2.66     0.20     2.62     0.20     1.05     0.20     0.62     0.20   0.0000
286        944.61  1634.11    18.02     0.11     1.45     0.11     1.76     0.11     1.99     0.11     0.80     0.11     0.16     0.11   0.0000
287        691.82    95.22    21.03     0.24     3.07     0.24     3.42     0.24     3.74     0.24     1.41     0.24     0.38     0.24   0.0000
288       2003.18   769.99    15.67     0.06    -0.27     0.06     0.39     0.06     0.66     0.06    -0.07     0.06     0.16     0.06   0.0000
289        387.71   647.14    19.62     0.12     2.42     0.12     2.88     0.12     2.82     0.12     1.27     0.12     0.50     0.12   0.0000
290       1949.96  1333.72    16.45     0.08     0.29     0.08     0.90     0.08     1.15     0.08     0.16     0.08     0.14     0.08   0.0000
291       1778.30  1043.57    17.41     0.09     0.79     0.09     1.21     0.09     1.29     0.09     0.43     0.09     0.22     0.09   0.0000
292        935.22   273.90    16.18     0.08     0.29     0.08     0.61     0.08     0.83     0.08     0.14     0.08     0.08     0.08   0.0000
293       1788.57  1965.33    16.70     0.08     0.53     0.08     0.79     0.08     1.12     0.08     0.17     0.08     0.12     0.08   0.0000
294       1766.70   696.21    20.69     0.21     3.22     0.21     3.32     0.21     3.50     0.21     1.75     0.21    -0.08     0.21   0.0000
295        484.80   382.53    18.19     0.11     1.24     0.11     1.45     0.11     1.77     0.11     0.59     0.11     0.14     0.11   0.0000
296       1534.52  1893.35    16.48     0.06     0.73     0.06     1.04     0.06     1.20     0.06     0.28     0.06     0.13     0.06   0.0000
297       2020.43   143.12    17.24     0.10     0.41     0.10     0.72     0.10     0.88     0.10     0.26     0.10     0.31     0.10   0.0000
298       1371.51   102.87    17.15     0.10     0.84     0.10     1.09     0.10     1.53     0.10    -0.19     0.10     0.04     0.10   0.0000
2100      1012.42  2024.75    17.08     0.10     0.90     0.10     1.27     0.10     1.49     0.10     0.01     0.10     0.29     0.10   0.0000
2101      1804.94   905.81    17.49     0.11     0.61     0.11     0.85     0.11     1.34     0.11     0.21     0.11     0.24     0.11   0.0000
2102      1457.22  1900.55    18.25     0.09     1.09     0.09     1.51     0.09     1.79     0.09     0.71     0.09     0.35     0.09   0.0000
2103      1894.38   580.82    17.57     0.11     0.61     0.11     0.78     0.11     1.10     0.11     0.14     0.11     0.14     0.11   0.0000
2105      1276.49  1321.63    17.36     0.11     0.64     0.11     0.98     0.11     1.21     0.11     0.25     0.11     0.15     0.11   0.0000
2106       375.00  1838.22    19.26     0.17     1.82     0.17     2.37     0.17     2.25     0.17     0.78     0.17     0.26     0.17   0.0000
2107      1718.40  1530.47    17.05     0.10     0.43     0.10     0.88     0.10     1.27     0.10     0.13     0.10     0.14     0.10   0.0000
2108       689.31  1768.32    18.91     0.14     1.63     0.14     2.23     0.14     2.42     0.14     0.80     0.14     0.29     0.14   0.0000
2111       353.51  1856.44    19.68     0.14     1.60     0.14     2.25     0.14     2.59     0.14     1.05     0.14     0.25     0.14   0.0000
2112      1273.28  1313.97    17.50     0.12     0.56     0.12     0.73     0.12     1.06     0.12     0.16     0.12     0.30     0.12   0.0000
2113       412.42   898.41    17.07     0.09     0.52     0.09     0.91     0.09     1.25     0.09     0.51     0.09     0.09     0.09   0.0000
2114        21.09  1730.70    17.31     0.11     0.50     0.11     1.00     0.11     1.37     0.11     0.41     0.11     0.21     0.11   0.0000
2115      1815.03  1405.33    17.49     0.07     1.22     0.07     1.38     0.07     1.83     0.07    -0.07     0.07     0.02     0.07   0.0000
2116       449.88   611.79    17.58     0.10     0.74     0.10     1.19     0.10     1.15     0.10     0.29     0.10     0.45     0.10   0.0000
2117       271.81   659.98    15.94     0.06    -0.31     0.06     0.08     0.06     0.32     0.06    -0.16     0.06     0.12     0.06   0.0000
2118       781.89   234.10    16.72     0.07     0.34     0.07     0.67     0.07     0.91     0.07     0.05     0.07     0.19     0.07   0.0000
2119      1993.90   860.80    17.72     0.13     0.60     0.13     0.93     0.13     1.04     0.13     0.31     0.13     0.27     0.13   0.0000
2120       415.12  1881.29    18.57     0.09     1.37     0.09     1.67     0.09     1.89     0.09     0.58     0.09     0.25     0.09   0.0000
2121      1699.99   353.83    17.56     0.10     0.83     0.10     1.09     0.10     1.33     0.10     0.40     0.10     0.29     0.10   0.0000
2122       691.23  1908.88    19.65     0.15     2.08     0.15     2.25     0.15     2.17     0.15     0.95     0.15     0.35     0.15   0.0000
2124       330.92   724.03    18.14     0.13     1.07     0.13     1.29     0.13     1.80     0.13     0.50     0.13     0.18     0.13   0.0000
2126      1008.17   713.34    17.31     0.09     0.89     0.09     1.10     0.09     1.46     0.09     0.21     0.09     0.15     0.09   0.0000
2127      1929.52  1060.71    17.19     0.10     1.01     0.10     1.32     0.10     1.55     0.10    -0.17     0.10     0.12     0.10   0.0000
2128      1526.22  1820.08    19.92     0.19     2.05     0.19     1.93     0.19     2.29     0.19     0.94     0.19     0.54     0.19   0.0000
2129      1009.79    88.47    17.58     0.12     0.96     0.12     0.93     0.12     1.39     0.12     0.10     0.12    -0.03     0.12   0.0000
2130       151.28   965.53    17.52     0.08     0.59     0.08     0.86     0.08     1.11     0.08     0.28     0.08     0.26     0.08   0.0000
2131      1061.39  1304.26    20.26     0.24     2.93     0.24     2.90     0.24     3.19     0.24     1.04     0.24     0.46     0.24   0.0000
2132       381.86  1385.27    16.74     0.07     0.20     0.07     0.60     0.07     0.91     0.07     0.08     0.07     0.13     0.07   0.0000
2133       964.46  1423.90    18.12     0.12     0.93     0.12     1.35     0.12     1.70     0.12     0.65     0.12     0.06     0.12   0.0000
2134      1274.47  1307.96    18.07     0.09     0.93     0.09     1.20     0.09     1.67     0.09     0.25     0.09     0.11     0.09   0.0000
2135       533.11  2042.57    17.67     0.12     0.65     0.12     0.96     0.12     1.20     0.12     0.33     0.12     0.17     0.12   0.0000
2136       386.85   759.72    18.43     0.13     1.88     0.13     2.28     0.13     2.21     0.13    -0.38     0.13     0.14     0.13   0.0000
2137      1701.29  1770.50    17.58     0.10     0.57     0.10     0.94     0.10     1.10     0.10     0.23     0.10     0.20     0.10   0.0000
2138       491.67  1982.27    18.51     0.16     1.32     0.16     1.75     0.16     1.68     0.16     0.43     0.16     0.20     0.16   0.0000
2139       385.78  1391.11    19.95     0.16     1.96     0.16     2.35     0.16     2.89     0.16     1.00     0.16     0.29     0.16   0.0000
2140       252.53  1883.79    19.47     0.17     1.44     0.17     1.72     0.17     2.26     0.17     0.66     0.17    -0.01     0.17   0.0000
2141      1428.85   872.71    18.59     0.16     0.76     0.16     1.26     0.16     1.80     0.16     0.49     0.16     0.07     0.16   0.0000
2142       835.41   283.12    19.11     0.14     1.40     0.14     1.54     0.14     2.02     0.14     0.57     0.14     0.40     0.14   0.0000
2143      1381.53   915.79    16.71     0.08    -0.16     0.08     0.25     0.08     0.48     0.08    -0.06     0.08    -0.04     0.08   0.0000
2144      1291.71   394.87    18.44     0.11     1.23     0.11     1.44     0.11     1.56     0.11     0.56     0.11     0.19     0.11   0.0000
2145      1077.38   200.92    17.76     0.11     0.67     0.11     1.00     0.11     1.26     0.11     0.13     0.11     0.07     0.11   0.0000
2146       288.65   929.68    18.82     0.14     1.26     0.14     1.60     0.14     2.06     0.14     0.57     0.14     0.35     0.14   0.0000
2147       509.05    73.48    17.89     0.12     0.96     0.12     1.38     0.12     1.47     0.12    -0.07     0.12     0.17     0.12   0.0000
2148      1833.08   404.26    17.84     0.11     0.72     0.11     1.28     0.11     1.60     0.11     0.26     0.11     0.18     0.11   0.0000
2149      2041.95   557.49    19.18     0.12     1.56     0.12     1.78     0.12     2.10     0.12     0.93     0.12     0.20     0.12   0.0000
2150       435.65   890.28    19.04     0.14     1.39     0.14     1.51     0.14     1.83     0.14     0.59     0.14     0.02     0.14   0.0000
2151       365.89   576.99    19.03     0.19     0.85     0.19     1.49     0.19     2.02     0.19     0.57     0.19     0.45     0.19   0.0000
2152      1282.91   999.00    20.02     0.16     1.99     0.16     2.10     0.16     2.41     0.16     0.74     0.16     0.61     0.16   0.0000
2153        32.87  1080.79    18.39     0.10     0.70     0.10     1.02     0.10     1.44     0.10     0.28     0.10     0.26     0.10   0.0000
2154      1645.12  1128.81    19.93     0.17     1.93     0.17     2.22     0.17     2.29     0.17     0.99     0.17     0.20     0.17   0.0000
2155      1868.71   275.75    20.19     0.16     2.22     0.16     2.36     0.16     2.50     0.16     1.03     0.16     0.23     0.16   0.0000
2156        94.38  1461.95    20.08     0.20     2.31     0.20     2.65     0.20     2.67     0.20     1.12     0.20    -0.03     0.20   0.0000
2158      1381.05  1229.46    17.81     0.08     1.73     0.08     2.02     0.08     2.24     0.08    -0.37     0.08     0.01     0.08   0.0000
2159      1345.20    30.21    17.29     0.08     0.30     0.08     0.75     0.08     0.86     0.08     0.18     0.08     0.15     0.08   0.0000
2160      1115.79  1081.91    20.38     0.19     1.83     0.19     2.02     0.19     2.53     0.19     1.28     0.19     0.33     0.19   0.0000
2161       184.96   381.32    18.04     0.11     1.19     0.11     1.28     0.11     1.61     0.11     0.06     0.11     0.18     0.11   0.0000
2162       152.26   707.06    19.34     0.13     1.30     0.13     1.53     0.13     2.05     0.13     0.71     0.13     0.36     0.13   0.0000
2163      1556.32  1172.62    18.43     0.15     1.09     0.15     1.19     0.15     1.53     0.15     0.71     0.15     0.67     0.15   0.0000
2164       136.29  1463.25    18.17     0.09     0.89     0.09     1.22     0.09     1.38     0.09     0.37     0.09     0.18     0.09   0.0000
2166      1402.08   591.22    17.90     0.13     0.81     0.13     1.10     0.13     1.69     0.13     0.16     0.13     0.23     0.13   0.0000
2167      1327.86   554.71    18.49     0.11     1.03     0.11     1.37     0.11     1.70     0.11     0.54     0.11     0.25     0.11   0.0000
2168       899.39  1473.49    18.64     0.12     1.15     0.12     1.45     0.12     1.34     0.12     0.44     0.12     0.04     0.12   0.0000
2169      1293.86  1996.30    17.91     0.11     1.68     0.11     1.82     0.11     2.11     0.11    -0.26     0.11    -0.12     0.11   0.0000
2170      1718.23   629.35    19.11     0.10     1.36     0.10     1.54     0.10     1.83     0.10     0.70     0.10     0.40     0.10   0.0000
2171      1703.85  1700.44    19.71     0.15     1.84     0.15     1.57     0.15     2.35     0.15     0.92     0.15     0.32     0.15   0.0000
2172      1483.19   838.54    18.50     0.10     1.14     0.10     1.45     0.10     1.70     0.10     0.58     0.10     0.19     0.10   0.0000
2173       631.11  1425.54    18.01     0.09     0.70     0.09     1.21     0.09     1.33     0.09     0.32     0.09     0.04     0.09   0.0000
2174      1294.57  1027.40    20.51     0.19     1.97     0.19     2.38     0.19     2.61     0.19     0.88     0.19     0.22     0.19   0.0000
2175       591.78  1471.56    20.38     0.18     2.42     0.18     2.24     0.18     3.01     0.18     0.83     0.18     0.20     0.18   0.0000
2176        31.68  1637.33    19.12     0.15     1.66     0.15     1.84     0.15     2.09     0.15     0.75     0.15     0.26     0.15   0.0000
2177      1967.86  1223.79    17.54     0.11     0.64     0.11     0.93     0.11     1.20     0.11     0.19     0.11     0.18     0.11   0.0000
2178      1773.23  2030.13    18.22     0.10     1.84     0.10     1.88     0.10     2.16     0.10    -0.10     0.10     0.13     0.10   0.0000
2179      1201.36  1143.07    17.95     0.10     0.79     0.10     1.03     0.10     1.19     0.10     0.13     0.10     0.14     0.10   0.0000
2180       898.85   566.36    17.68     0.12     0.54     0.12     0.91     0.12     1.18     0.12     0.22     0.12     0.40     0.12   0.0000
2182      1761.40   519.28    17.74     0.11     0.86     0.11     0.93     0.11     1.28     0.11     0.21     0.11     0.28     0.11   0.0000
2183      1225.48   916.01    19.55     0.15     1.79     0.15     1.87     0.15     2.14     0.15     0.77     0.15     0.36     0.15   0.0000
2186      1166.09   136.72    19.25     0.12     0.87     0.12     1.15     0.12     1.42     0.12     0.45     0.12     0.12     0.12   0.0000
2187      1915.06  1048.54    19.27     0.18     1.06     0.18     1.54     0.18     1.73     0.18     0.63     0.18     0.39     0.18   0.0000
2189       836.44    18.17    19.19     0.13     1.33     0.13     1.19     0.13     1.73     0.13     0.55     0.13     0.10     0.13   0.0000
2190      1438.32    55.36    18.55     0.13     0.86     0.13     1.16     0.13     1.51     0.13     0.48     0.13     0.22     0.13   0.0000
2191      1036.80  1951.65    18.64     0.13     0.87     0.13     1.17     0.13     1.34     0.13     0.18     0.13     0.03     0.13   0.0000
2192       963.94   535.14    18.32     0.15     0.58     0.15     0.88     0.15     1.01     0.15     0.27     0.15     0.17     0.15   0.0000
2193      1311.31   249.92    20.08     0.17     1.86     0.17     1.68     0.17     2.18     0.17     0.69     0.17     0.17     0.17   0.0000
2194      2042.86   736.06    18.86     0.12     1.11     0.12     0.85     0.12     1.55     0.12     0.21     0.12     0.31     0.12   0.0000
2195      1185.56  1982.27    18.67     0.12     0.77     0.12     0.91     0.12     1.34     0.12     0.35     0.12     0.10     0.12   0.0000
2196       437.96  1852.29    19.88     0.18     1.57     0.18     1.94     0.18     2.00     0.18     0.84     0.18     0.44     0.18   0.0000
2197      1097.85   650.05    18.49     0.13     0.87     0.13     1.24     0.13     1.38     0.13     0.49     0.13     0.04     0.13   0.0000
2198       764.57   331.42    16.00     0.07    -0.62     0.07    -0.38     0.07     0.00     0.07    -0.24     0.07     0.01     0.07   0.0000
2199      1974.00  1767.08    19.50     0.15     1.09     0.15     1.01     0.15     1.57     0.15     0.54     0.15    -0.03     0.15   0.0000
2200      1413.69   233.01    20.05     0.22     1.73     0.22     1.77     0.22     2.34     0.22     0.71     0.22    -0.07     0.22   0.0000
2201       750.77   510.53    18.69     0.17     0.41     0.17     0.98     0.17     1.46     0.17     0.49     0.17     0.30     0.17   0.0000
2202        29.75  1152.36    18.20     0.12     0.84     0.12     1.04     0.12     1.41     0.12     0.17     0.12     0.34     0.12   0.0000
2203       311.88   249.94    17.77     0.11     0.16     0.11     0.37     0.11     0.77     0.11     0.09     0.11     0.05     0.11   0.0000
2204      1825.93  1548.57    20.41     0.23     2.12     0.23     1.93     0.23     2.52     0.23     0.90     0.23     0.02     0.23   0.0000
2205       511.05  1749.08    19.62     0.16     1.61     0.16     1.91     0.16     1.97     0.16     1.10     0.16     0.32     0.16   0.0000
2206      1101.00  1733.44    17.98     0.13     0.86     0.13     0.81     0.13     1.14     0.13     0.48     0.13     0.44     0.13   0.0000
2207      1258.70  1927.24    17.95     0.13     0.51     0.13     0.70     0.13     1.02     0.13     0.35     0.13     0.00     0.13   0.0000
2208       792.63  1975.57    18.66     0.12     1.09     0.12     1.18     0.12     1.59     0.12     0.50     0.12     0.21     0.12   0.0000
2209       816.81  1440.98    20.54     0.21     2.30     0.21     2.51     0.21     2.58     0.21     0.55     0.21     0.50     0.21   0.0000
2210       690.07  1117.68    18.51     0.12     0.68     0.12     0.87     0.12     1.24     0.12     0.46     0.12     0.29     0.12   0.0000
2211       665.49    31.32    18.34     0.10     1.48     0.10     1.74     0.10     2.06     0.10     0.00     0.10     0.20     0.10   0.0000
2213       302.07   497.58    18.18     0.13     0.55     0.13     0.76     0.13     1.16     0.13     0.30     0.13     0.08     0.13   0.0000
2214      1249.30  1329.19    18.29     0.13     0.56     0.13     0.83     0.13     1.03     0.13     0.37     0.13     0.25     0.13   0.0000
2215       471.48  1078.04    17.68     0.12     0.03     0.12     0.53     0.12     0.62     0.12     0.17     0.12     0.14     0.12   0.0000
2216       360.13  1732.17    19.94     0.17     1.67     0.17     1.67     0.17     2.07     0.17     0.88     0.17     0.26     0.17   0.0000
2217      1724.67  1309.93    18.16     0.12     0.45     0.12     0.92     0.12     1.12     0.12     0.42     0.12     0.12     0.12   0.0000
2218      2040.56  1788.99    18.79     0.14     2.13     0.14     2.29     0.14     2.57     0.14    -0.25     0.14    -0.05     0.14   0.0000
2220       437.98  1500.42    20.19     0.21     1.58     0.21     1.98     0.21     2.24     0.21     0.81     0.21     0.23     0.21   0.0000
2221      1522.58  1247.44    19.98     0.15     1.73     0.15     1.89     0.15     2.19     0.15     0.71     0.15     0.05     0.15   0.0000
2222       945.86   522.91    18.94     0.10     1.24     0.10     1.52     0.10     1.77     0.10     0.23     0.10     0.12     0.10   0.0000
2224       565.42  1471.71    18.61     0.09     0.70     0.09     1.10     0.09     1.31     0.09     0.60     0.09     0.31     0.09   0.0000
2225      1757.88   320.03    17.18     0.11    -0.24     0.11     0.13     0.11     0.30     0.11    -0.10     0.11    -0.07     0.11   0.0000
2226      1472.09   224.43    18.96     0.18     1.26     0.18     1.79     0.18     1.96     0.18     0.81     0.18     0.16     0.18   0.0000
2227      1030.20   685.66    19.16     0.13     1.23     0.13     1.39     0.13     1.53     0.13     0.34     0.13     0.24     0.13   0.0000
2228       352.13  1754.02    16.12     0.08    -0.70     0.08    -0.28     0.08     0.12     0.08    -0.34     0.08     0.15     0.08   0.0000
2229        97.22   632.27    18.77     0.14     1.05     0.14     1.01     0.14     1.60     0.14     0.43     0.14     0.15     0.14   0.0000
2230      1875.10  1439.64    17.34     0.09     0.30     0.09     0.61     0.09     0.90     0.09     0.11     0.09     0.15     0.09   0.0000
2231        45.10   608.05    17.79     0.09     0.38     0.09     0.49     0.09     0.79     0.09     0.08     0.09     0.08     0.09   0.0000
2232      1702.04  1347.83    17.87     0.07     0.63     0.07     0.88     0.07     1.17     0.07     0.18     0.07     0.24     0.07   0.0000
2233      1160.71  1052.17    17.94     0.13     0.36     0.13     0.91     0.13     1.10     0.13     0.12     0.13     0.15     0.13   0.0000
2234        24.58  1018.31    18.93     0.16     0.92     0.16     0.93     0.16     1.40     0.16     0.53     0.16     0.20     0.16   0.0000
2235      1549.11    15.88    17.57     0.09     0.20     0.09     0.52     0.09     0.85     0.09     0.16     0.09     0.21     0.09   0.0000
2236       337.80  1848.57    18.55     0.14     1.06     0.14     1.12     0.14     1.51     0.14     0.23     0.14     0.08     0.14   0.0000
2237      1155.49   414.55    19.04     0.19     1.29     0.19     1.17     0.19     1.62     0.19     0.67     0.19     0.08     0.19   0.0000
2238      1251.77   981.98    19.10     0.17     0.96     0.17     1.09     0.17     1.53     0.17     0.55     0.17     0.34     0.17   0.0000
2239      1985.56   283.32    17.73     0.12     0.39     0.12     0.57     0.12     0.91     0.12     0.22     0.12     0.25     0.12   0.0000
2241       673.93  1041.42    18.78     0.17     0.51     0.17     1.11     0.17     1.27     0.17     0.42     0.17     0.58     0.17   0.0000
2242      2044.04  1730.20    20.24     0.22     1.54     0.22     2.25     0.22     2.35     0.22     0.70     0.22     0.60     0.22   0.0000
2243       326.53  1657.11    18.55     0.10     1.52     0.10     1.64     0.10     1.80     0.10     0.04     0.10     0.14     0.10   0.0000
2244      1730.49  1984.63    18.01     0.10     0.57     0.10     0.70     0.10     1.05     0.10     0.32     0.10     0.18     0.10   0.0000
2245       348.12   582.84    18.44     0.12     1.47     0.12     1.44     0.12     1.96     0.12     0.02     0.12     0.26     0.12   0.0000
2246      1036.96   900.11    18.35     0.10     0.55     0.10     0.83     0.10     1.14     0.10     0.14     0.10     0.16     0.10   0.0000
2247      1026.54   407.42    19.86     0.17     1.58     0.17     1.44     0.17     2.04     0.17     0.76     0.17     0.01     0.17   0.0000
2248      1316.47  1259.72    17.70     0.10     0.42     0.10     0.40     0.10     0.80     0.10     0.21     0.10     0.18     0.10   0.0000
2249       919.02   295.10    19.84     0.17     1.36     0.17     1.65     0.17     1.94     0.17     0.62     0.17     0.19     0.17   0.0000
2250      1323.91   821.70    16.95     0.08    -0.22     0.08     0.15     0.08     0.62     0.08    -0.12     0.08     0.10     0.08   0.0000
2251       967.59  1531.77    19.28     0.15     1.02     0.15     1.24     0.15     1.49     0.15     0.61     0.15     0.22     0.15   0.0000
2252       485.44   277.46    18.20     0.12     0.64     0.12     0.84     0.12     1.15     0.12     0.24     0.12     0.23     0.12   0.0000
2253       361.46  1831.42    19.37     0.13     0.86     0.13     1.12     0.13     1.51     0.13     0.41     0.13     0.31     0.13   0.0000
2254       915.14   668.84    18.87     0.12     1.60     0.12     1.81     0.12     2.11     0.12     0.18     0.12    -0.05     0.12   0.0000
2255      1928.37  1194.19    19.69     0.18     1.53     0.18     1.57     0.18     1.95     0.18     0.61     0.18     0.31     0.18   0.0000
2256      1224.50  1907.39    19.65     0.20     1.31     0.20     1.14     0.20     1.69     0.20     0.66     0.20     0.31     0.20   0.0000
2257      1351.02  1968.20    19.50     0.18     0.86     0.18     1.28     0.18     1.19     0.18     0.16     0.18    -0.08     0.18   0.0000
2258      2003.34   823.47    20.51     0.24     1.88     0.24     2.22     0.24     2.17     0.24     0.91     0.24     0.05     0.24   0.0000
2259      1067.52   321.45    20.11     0.19     1.39     0.19     1.70     0.19     1.70     0.19     0.57     0.19     0.17     0.19   0.0000
2260      1185.78  2010.76    19.67     0.15     1.27     0.15     1.21     0.15     1.88     0.15     0.39     0.15     0.12     0.15   0.0000
2261      1709.49  1392.08    19.27     0.16     0.67     0.16     1.12     0.16     1.49     0.16     0.50     0.16     0.28     0.16   0.0000
2262      1578.87  1896.78    18.72     0.14     1.11     0.14     1.31     0.14     1.93     0.14     0.31     0.14     0.21     0.14   0.0000
2264       926.85   999.88    19.99     0.15     1.48     0.15     1.69     0.15     1.85     0.15     1.02     0.15     0.32     0.15   0.0000
2265      1941.85  1325.11    19.69     0.18     1.08     0.18     1.17     0.18     1.57     0.18     0.79     0.18     0.38     0.18   0.0000
2266      1993.72   420.68    18.71     0.22     1.10     0.22     1.14     0.22     1.56     0.22     0.82     0.22     0.22     0.22   0.0000
2267      1624.31   859.42    18.85     0.14     1.11     0.14     1.33     0.14     1.46     0.14     0.11     0.14     0.24     0.14   0.0000
2268       484.48  1678.00    18.88     0.14     1.13     0.14     1.86     0.14     2.00     0.14     0.19     0.14     0.22     0.14   0.0000
2269       957.26   550.19    19.11     0.16     0.92     0.16     1.07     0.16     1.64     0.16     0.13     0.16     0.58     0.16   0.0000
2270      1425.11  1133.37    20.54     0.17     1.71     0.17     1.58     0.17     2.07     0.17     0.70     0.17     0.53     0.17   0.0000
2272       894.20   402.57    18.75     0.15     0.93     0.15     0.87     0.15     1.12     0.15     0.27     0.15     0.44     0.15   0.0000
2273      1289.50   827.71    18.74     0.14     0.66     0.14     0.88     0.14     1.08     0.14     0.10     0.14     0.21     0.14   0.0000
2274      1761.16  1760.11    18.08     0.11     0.04     0.11     0.46     0.11     0.85     0.11    -0.02     0.11     0.20     0.11   0.0000
2275      1008.53  1083.94    19.40     0.11     0.92     0.11     1.15     0.11     1.29     0.11     0.43     0.11     0.33     0.11   0.0000
2277       541.49   567.62    19.83     0.13     1.27     0.13     1.60     0.13     1.75     0.13     0.69     0.13     0.21     0.13   0.0000
2278       867.44  1724.29    20.79     0.23     1.88     0.23     1.88     0.23     1.77     0.23     0.75     0.23     0.23     0.23   0.0000
2279      1902.10  1217.18    19.90     0.23     1.18     0.23     1.57     0.23     1.77     0.23     0.85     0.23     0.38     0.23   0.0000
2280        12.02   672.26    18.95     0.18     0.76     0.18     1.44     0.18     1.65     0.18     0.44     0.18     0.32     0.18   0.0000
2281       279.40  1384.11    20.20     0.19     2.57     0.19     2.48     0.19     2.52     0.19    -0.20     0.19    -0.06     0.19   0.0000
2282       313.25  1328.95    19.26     0.16     1.36     0.16     1.45     0.16     1.81     0.16     0.14     0.16     0.41     0.16   0.0000
2283      1684.00  1658.71    19.35     0.12     1.11     0.12     1.16     0.12     1.49     0.12     0.18     0.12     0.23     0.12   0.0000
2284      1066.62   779.98    19.70     0.19     1.23     0.19     1.35     0.19     1.81     0.19     0.53     0.19     0.31     0.19   0.0000
2285       144.70   336.18    19.03     0.15     0.93     0.15     0.91     0.15     1.53     0.15     0.19     0.15     0.16     0.15   0.0000
2286      1886.96   456.70    19.69     0.18     1.36     0.18     1.42     0.18     1.71     0.18     0.25     0.18     0.18     0.18   0.0000
2287       795.16   475.82    19.45     0.16     1.55     0.16     1.47     0.16     1.38     0.16     0.12     0.16     0.02     0.16   0.0000
2288        68.03   225.23    19.26     0.18     0.77     0.18     0.96     0.18     1.05     0.18     0.36     0.18     0.52     0.18   0.0000
2289      1767.74   618.68    20.55     0.21     1.61     0.21     1.67     0.21     1.66     0.21     1.01     0.21     0.19     0.21   0.0000
2290       371.20  1722.89    17.30     0.09    -0.14     0.09     0.08     0.09     0.30     0.09    -0.08     0.09     0.17     0.09   0.0000
2291      1402.61   105.56    19.14     0.12     0.73     0.12     1.15     0.12     1.37     0.12     0.26     0.12     0.18     0.12   0.0000
2292       948.49   148.56    19.51     0.14     0.99     0.14     1.13     0.14     1.50     0.14     0.55     0.14     0.24     0.14   0.0000
2293       215.39   566.37    19.28     0.15     0.77     0.15     0.91     0.15     1.38     0.15     0.31     0.15     0.18     0.15   0.0000
2294       392.81   603.33    18.63     0.13     0.70     0.13     0.60     0.13     1.28     0.13     0.08     0.13     0.05     0.13   0.0000
2295      1390.48  1204.80    20.41     0.19     1.45     0.19     1.63     0.19     1.99     0.19     0.67     0.19     0.17     0.19   0.0000
2297      1841.22  1813.21    20.02     0.18     1.35     0.18     1.39     0.18     1.95     0.18     0.56     0.18     0.04     0.18   0.0000
2299       420.19   310.52    18.92     0.11     0.81     0.11     1.03     0.11     1.29     0.11     0.39     0.11     0.39     0.11   0.0000
2300      1129.59  1772.85    20.21     0.18     1.80     0.18     1.50     0.18     2.03     0.18     0.66     0.18     0.22     0.18   0.0000
2301       817.35   349.47    18.65     0.13     0.55     0.13     0.85     0.13     1.15     0.13     0.04     0.13     0.12     0.13   0.0000
2302       269.52   221.05    18.91     0.16     0.67     0.16     0.86     0.16     1.25     0.16     0.24     0.16     0.40     0.16   0.0000
2303      1709.80   328.00    19.17     0.14     1.85     0.14     1.99     0.14     2.28     0.14    -0.06     0.14     0.29     0.14   0.0000
2305       345.27  1802.12    19.89     0.24     1.23     0.24     1.35     0.24     1.87     0.24     0.60     0.24     0.23     0.24   0.0000
2306      1713.61  1643.84    20.84     0.19     1.97     0.19     2.18     0.19     2.64     0.19     0.67     0.19     0.20     0.19   0.0000
2308       946.24   262.75    19.38     0.17     1.25     0.17     1.05     0.17     1.68     0.17     0.31     0.17     0.23     0.17   0.0000
2309      1737.71  1455.44    18.20     0.09     0.33     0.09     0.47     0.09     1.04     0.09     0.11     0.09     0.25     0.09   0.0000
2310      1101.84  2033.34    19.20     0.15     1.14     0.15     1.25     0.15     1.36     0.15     0.54     0.15     0.33     0.15   0.0000
2311      1760.81  1665.22    18.98     0.15     0.93     0.15     0.88     0.15     1.43     0.15     0.31     0.15     0.23     0.15   0.0000
2312       891.95  1134.91    17.80     0.12     0.29     0.12     0.60     0.12     0.95     0.12     0.25     0.12     0.46     0.12   0.0000
2313       900.24  1588.09    17.25     0.08    -0.53     0.08    -0.12     0.08     0.10     0.08    -0.23     0.08     0.15     0.08   0.0000
2314       968.12   969.03    17.91     0.12     0.32     0.12     0.63     0.12     0.75     0.12     0.24     0.12     0.32     0.12   0.0000
2315        81.58   364.44    19.08     0.18     1.32     0.18     1.42     0.18     1.57     0.18     0.22     0.18     0.33     0.18   0.0000
2316      1969.03   527.37    17.57     0.08    -0.29     0.08     0.13     0.08     0.49     0.08    -0.31     0.08     0.35     0.08   0.0000
2317      1515.48  1057.85    19.30     0.14     1.17     0.14     0.92     0.14     1.71     0.14     0.23     0.14     0.16     0.14   0.0000
2318      1209.83  1398.76    19.49     0.14     1.01     0.14     1.43     0.14     1.68     0.14     0.45     0.14     0.49     0.14   0.0000
2319      1352.52  1296.14    19.08     0.15     1.12     0.15     1.20     0.15     1.51     0.15     0.55     0.15     0.19     0.15   0.0000
2320       444.05  1403.03    20.67     0.17     1.46     0.17     1.36     0.17     1.91     0.17     0.81     0.17     0.14     0.17   0.0000
2321      1495.18   921.90    20.40     0.19     1.62     0.19     1.45     0.19     2.16     0.19     0.98     0.19     0.36     0.19   0.0000
2322      1855.36   334.60    18.96     0.16     0.92     0.16     0.72     0.16     1.05     0.16     0.35     0.16     0.17     0.16   0.0000
2323      2032.29  1287.78    19.76     0.21     1.46     0.21     1.51     0.21     1.52     0.21     1.04     0.21     0.09     0.21   0.0000
2324      1024.00   747.69    19.41     0.16     2.19     0.16     1.76     0.16     2.47     0.16     0.21     0.16    -0.00     0.16   0.0000
2325       900.81  1829.56    18.85     0.16     1.19     0.16     1.38     0.16     1.24     0.16     0.58     0.16     0.32     0.16   0.0000
2327       172.71   550.31    19.50     0.16     1.20     0.16     0.98     0.16     1.55     0.16     0.55     0.16     0.44     0.16   0.0000
2329      1231.21    76.27    20.27     0.21     2.03     0.21     1.56     0.21     1.77     0.21     1.19     0.21     0.25     0.21   0.0000
2330       493.59  2041.65    19.85     0.17     1.47     0.17     1.63     0.17     1.93     0.17     0.52     0.17     0.27     0.17   0.0000
2331      1203.81   972.65    20.12     0.21     1.53     0.21     1.78     0.21     1.78     0.21     0.86     0.21     0.77     0.21   0.0000
2332       318.92   818.30    19.26     0.16     1.61     0.16     1.79     0.16     1.88     0.16    -0.16     0.16     0.25     0.16   0.0000
2333       970.05   677.84    19.04     0.17     0.77     0.17     1.24     0.17     1.41     0.17     0.41     0.17     0.32     0.17   0.0000
2334      1203.35  1936.79    19.01     0.17     0.85     0.17     1.12     0.17     1.49     0.17     0.27     0.17     0.25     0.17   0.0000
2335       866.39  1984.43    19.82     0.16     1.27     0.16     1.41     0.16     1.91     0.16     0.62     0.16     0.29     0.16   0.0000
2336      1852.29  1162.72    18.46     0.11     0.55     0.11     0.78     0.11     0.87     0.11     0.15     0.11     0.27     0.11   0.0000
2337      1605.89   163.30    18.39     0.12     0.32     0.12     0.71     0.12     0.89     0.12     0.14     0.12     0.28     0.12   0.0000
2338      1610.68   203.05    19.55     0.17     1.57     0.17     1.54     0.17     1.87     0.17     0.52     0.17     0.32     0.17   0.0000
2340      1730.99   453.84    19.48     0.16     1.08     0.16     1.00     0.16     1.43     0.16     0.54     0.16     0.33     0.16   0.0000
2341       719.64   177.99    20.16     0.22     1.49     0.22     2.08     0.22     2.03     0.22     0.38     0.22     0.25     0.22   0.0000
2342       365.94   541.91    19.02     0.14     0.98     0.14     1.23     0.14     1.50     0.14     0.56     0.14     0.50     0.14   0.0000
2343       801.01   119.35    18.96     0.15     1.19     0.15     1.23     0.15     1.63     0.15     0.52     0.15     0.79     0.15   0.0000
2345      1383.83   700.26    19.87     0.16     1.04     0.16     1.14     0.16     1.86     0.16     0.60     0.16     0.12     0.16   0.0000
2347       928.55    87.78    20.24     0.20     1.59     0.20     1.31     0.20     1.63     0.20     0.53     0.20     0.37     0.20   0.0000
2348       866.84  1895.77    20.05     0.16     1.01     0.16     1.04     0.16     1.51     0.16     0.82     0.16     0.49     0.16   0.0000
2349      1820.91  1323.26    20.30     0.22     2.34     0.22     2.09     0.22     2.50     0.22    -0.15     0.22     0.52     0.22   0.0000
2350      1539.74  1990.06    19.65     0.15     1.28     0.15     1.38     0.15     1.66     0.15     0.80     0.15     0.14     0.15   0.0000
2351       630.66  1952.62    20.22     0.20     1.00     0.20     1.13     0.20     1.65     0.20     0.55     0.20     0.24     0.20   0.0000
2352      1715.18  1987.87    20.43     0.17     1.58     0.17     1.70     0.17     1.82     0.17     0.80     0.17     0.48     0.17   0.0000
2354      1328.53  1252.41    20.35     0.26     1.52     0.26     1.63     0.26     2.13     0.26     0.68     0.26     0.69     0.26   0.0000
2357       819.61  1375.18    20.04     0.19     2.35     0.19     2.27     0.19     2.52     0.19    -0.31     0.19     0.55     0.19   0.0000
2358      1081.32  1213.24    20.68     0.24     1.72     0.24     1.64     0.24     2.27     0.24     0.80     0.24     0.21     0.24   0.0000
2359       358.30   624.52    17.35     0.10    -0.60     0.10    -0.18     0.10    -0.04     0.10    -0.28     0.10     0.22     0.10   0.0000
2362      1470.17  1573.06    20.97     0.19     1.61     0.19     1.47     0.19     1.97     0.19     0.42     0.19    -0.06     0.19   0.0000
2363       285.06  1836.75    18.78     0.15     0.68     0.15     0.81     0.15     1.06     0.15     0.21     0.15     0.01     0.15   0.0000
2364      1259.79  1958.50    20.21     0.19     1.21     0.19     1.27     0.19     1.96     0.19     0.62     0.19     0.36     0.19   0.0000
2365        65.05  1434.67    20.19     0.16     1.29     0.16     1.22     0.16     1.53     0.16     0.36     0.16     0.43     0.16   0.0000
2367      1439.46  1020.25    18.89     0.10     0.67     0.10     0.65     0.10     1.29     0.10     0.23     0.10     0.20     0.10   0.0000
2368      1669.84    32.68    19.08     0.12     0.30     0.12     0.49     0.12     0.96     0.12     0.39     0.12     0.24     0.12   0.0000
2369        33.91   347.64    19.98     0.13     1.37     0.13     0.95     0.13     1.46     0.13     0.37     0.13     0.14     0.13   0.0000
2370       417.84   774.23    20.03     0.19     1.19     0.19     1.38     0.19     1.34     0.19     0.69     0.19     0.29     0.19   0.0000
2371      1104.67   349.57    17.59     0.08    -0.68     0.08    -0.17     0.08     0.18     0.08    -0.18     0.08     0.18     0.08   0.0000
2372       423.90  1726.12    19.59     0.14     1.16     0.14     1.03     0.14     1.46     0.14     0.65     0.14     0.35     0.14   0.0000
2374       994.82  1582.83    20.58     0.22     1.76     0.22     1.74     0.22     2.28     0.22     0.85     0.22     0.11     0.22   0.0000
2375       441.76  1658.28    20.29     0.26     1.50     0.26     1.59     0.26     1.74     0.26     0.47     0.26    -0.10     0.26   0.0000
2376      1166.31   761.85    17.77     0.13    -0.82     0.13    -0.11     0.13     0.04     0.13    -0.32     0.13     0.14     0.13   0.0000
2377      1637.99  1021.17    19.31     0.15     0.40     0.15     0.51     0.15     0.51     0.15     0.23     0.15    -0.06     0.15   0.0000
2378      1237.52   651.96    19.15     0.15     0.71     0.15     1.05     0.15     1.26     0.15     0.31     0.15     0.06     0.15   0.0000
2379      1911.66  1528.37    19.74     0.18     0.96     0.18     1.03     0.18     1.25     0.18     0.58     0.18     0.37     0.18   0.0000
2380      2029.65  1306.92    18.21     0.08     0.24     0.08     0.35     0.08     0.70     0.08     0.07     0.08     0.16     0.08   0.0000
2383      1052.57  1862.36    20.29     0.16     1.75     0.16     1.69     0.16     2.17     0.16     0.08     0.16    -0.14     0.16   0.0000
2384      1790.23   553.28    19.91     0.21     2.88     0.21     2.46     0.21     2.41     0.21    -0.11     0.21     0.02     0.21   0.0000
2385       864.79   441.18    20.13     0.17     1.26     0.17     1.20     0.17     1.44     0.17     0.45     0.17     0.16     0.17   0.0000
2386      1973.12  1804.88    19.66     0.15     0.77     0.15     0.61     0.15     1.20     0.15     0.59     0.15     0.29     0.15   0.0000
2387       621.37  1329.93    18.53     0.13     0.35     0.13     0.64     0.13     0.86     0.13     0.16     0.13     0.12     0.13   0.0000
2388       856.02   486.55    20.00     0.15     1.05     0.15     1.28     0.15     1.41     0.15     0.33     0.15     0.07     0.15   0.0000
2389       877.26  1165.45    19.71     0.17     0.77     0.17     1.17     0.17     1.26     0.17     0.41     0.17     0.23     0.17   0.0000
2390       392.84   237.82    20.60     0.24     1.45     0.24     2.24     0.24     2.05     0.24     0.89     0.24     0.42     0.24   0.0000
2393       156.07   360.23    19.79     0.15     1.29     0.15     1.51     0.15     2.09     0.15     0.09     0.15     0.11     0.15   0.0000
2395       831.50   211.32    18.97     0.14     0.16     0.14     0.60     0.14     0.88     0.14     0.28     0.14     0.16     0.14   0.0000
2397      1294.86  1909.28    20.02     0.22     2.47     0.22     2.67     0.22     3.01     0.22     0.36     0.22     0.60     0.22   0.0000
2399       266.02   753.21    20.54     0.25     1.49     0.25     1.73     0.25     2.13     0.25     0.94     0.25    -0.09     0.25   0.0000
2400       152.81   145.63    19.70     0.14     1.63     0.14     1.59     0.14     1.91     0.14     0.06     0.14     0.08     0.14   0.0000
2401       537.76   722.99    19.11     0.17     0.52     0.17     0.53     0.17     0.98     0.17     0.19     0.17     0.23     0.17   0.0000
2402       521.66   226.31    20.24     0.14     1.12     0.14     1.00     0.14     1.61     0.14     0.33     0.14     0.24     0.14   0.0000
2403      1627.81  1261.80    18.81     0.16     0.21     0.16     0.57     0.16     0.75     0.16    -0.16     0.16     0.39     0.16   0.0000
2404      1785.25  1616.70    17.58     0.12    -0.49     0.12    -0.34     0.12     0.10     0.12    -0.37     0.12     0.16     0.12   0.0000
2407      1429.54  1243.75    19.99     0.12     1.52     0.12     1.67     0.12     1.78     0.12     0.47     0.12     0.14     0.12   0.0000
2408       523.44  1102.61    19.78     0.13     1.13     0.13     1.39     0.13     1.66     0.13     0.51     0.13     0.13     0.13   0.0000
2409        50.41  1711.47    20.24     0.23     2.35     0.23     2.53     0.23     3.08     0.23    -0.15     0.23     0.00     0.23   0.0000
2410        51.74  1703.26    19.34     0.16     0.71     0.16     0.76     0.16     1.13     0.16     0.38     0.16    -0.06     0.16   0.0000
2413      1587.99   376.12    19.11     0.12     0.63     0.12     0.76     0.12     1.07     0.12     0.27     0.12     0.35     0.12   0.0000
2414      1132.43   661.56    20.09     0.16     0.95     0.16     1.34     0.16     1.49     0.16     0.42     0.16     0.31     0.16   0.0000
2416      1818.29   387.47    18.98     0.15     0.47     0.15     1.10     0.15     1.24     0.15     0.42     0.15     0.34     0.15   0.0000
2418      1951.66  2029.45    19.75     0.15     2.07     0.15     2.11     0.15     2.26     0.15    -0.20     0.15     0.12     0.15   0.0000
2419      1439.44   127.86    20.64     0.21     1.34     0.21     1.51     0.21     1.74     0.21     1.05     0.21    -0.04     0.21   0.0000
2420        25.44   433.29    19.63     0.17     0.87     0.17     1.36     0.17     1.59     0.17     0.65     0.17     0.20     0.17   0.0000
2423       786.74   521.14    20.10     0.21     1.97     0.21     2.57     0.21     2.44     0.21    -0.23     0.21    -0.20     0.21   0.0000
2424      1645.56   642.44    20.13     0.25     1.32     0.25     1.17     0.25     1.64     0.25     0.78     0.25     0.51     0.25   0.0000
2425      1503.51  2046.91    19.67     0.18     0.97     0.18     1.24     0.18     1.98     0.18     0.74     0.18     0.36     0.18   0.0000
2426       373.91  1926.84    18.96     0.16     0.81     0.16     0.81     0.16     0.91     0.16     0.34     0.16     0.24     0.16   0.0000
2427        81.83   813.53    20.16     0.16     1.18     0.16     1.21     0.16     1.22     0.16     0.98     0.16     0.53     0.16   0.0000
2428       188.73  1685.16    20.26     0.23     1.33     0.23     1.54     0.23     1.96     0.23     0.84     0.23     0.16     0.23   0.0000
2429       111.15  1679.20    20.01     0.18     1.86     0.18     1.71     0.18     1.77     0.18     0.15     0.18     0.48     0.18   0.0000
2430        38.06  1714.21    20.03     0.21     1.69     0.21     1.55     0.21     1.89     0.21     0.86     0.21     0.66     0.21   0.0000
2431      1817.35   390.74    19.14     0.18     0.82     0.18     0.74     0.18     1.14     0.18     0.27     0.18     0.26     0.18   0.0000
2432      1877.18  1858.71    20.79     0.19     1.81     0.19     1.38     0.19     1.66     0.19     0.90     0.19     0.22     0.19   0.0000
2433      1302.81   501.48    19.58     0.14     1.10     0.14     1.06     0.14     1.41     0.14     0.29     0.14     0.30     0.14   0.0000
2434        49.35   639.29    19.34     0.18     1.56     0.18     1.59     0.18     1.92     0.18     0.57     0.18     0.08     0.18   0.0000
2435      1609.42  1222.49    20.04     0.13     0.86     0.13     1.33     0.13     1.87     0.13     0.61     0.13     0.32     0.13   0.0000
2436      1276.14  1180.48    20.62     0.23     1.60     0.23     1.42     0.23     2.05     0.23     0.61     0.23     0.34     0.23   0.0000
2437      1097.02  1447.25    19.69     0.16     1.03     0.16     1.26     0.16     1.94     0.16     0.30     0.16     0.07     0.16   0.0000
2438        42.13  1121.31    19.96     0.20     0.94     0.20     0.98     0.20     1.51     0.20     0.20     0.20     0.22     0.20   0.0000
2440      1980.25  1749.39    19.87     0.17     1.21     0.17     1.39     0.17     1.40     0.17     0.92     0.17     0.10     0.17   0.0000
2441      1479.11  1262.02    19.27     0.09     0.71     0.09     0.98     0.09     1.23     0.09     0.37     0.09     0.21     0.09   0.0000
2443       484.92  1833.79    20.29     0.19     1.55     0.19     1.93     0.19     2.08     0.19     0.15     0.19     0.04     0.19   0.0000
2445      1246.33  1312.46    19.15     0.12     0.60     0.12     0.70     0.12     0.94     0.12     0.20     0.12     0.38     0.12   0.0000
2446      1499.42  1306.63    20.08     0.21     1.06     0.21     1.30     0.21     1.93     0.21     0.67     0.21     0.48     0.21   0.0000
2447      2036.05   236.09    19.76     0.20     0.90     0.20     1.33     0.20     1.70     0.20     0.46     0.20     0.28     0.20   0.0000
2448      1716.53   674.92    19.66     0.14     0.88     0.14     1.16     0.14     1.34     0.14     0.58     0.14     0.26     0.14   0.0000
2449      1433.20   779.05    19.97     0.21     1.02     0.21     0.95     0.21     1.42     0.21     0.30     0.21     0.57     0.21   0.0000
2451       200.64   186.43    20.18     0.19     2.17     0.19     2.12     0.19     2.28     0.19    -0.23     0.19     0.02     0.19   0.0000
2452       410.91  1168.49    18.91     0.17     0.73     0.17     0.86     0.17     1.29     0.17     0.25     0.17     0.30     0.17   0.0000
2453      1180.32   426.20    19.69     0.18     2.51     0.18     2.52     0.18     2.88     0.18    -0.31     0.18    -0.11     0.18   0.0000
2454      1677.58  1890.27    19.52     0.20     0.96     0.20     1.07     0.20     1.52     0.20     0.31     0.20    -0.10     0.20   0.0000
2455       580.02  1210.78    20.01     0.20     1.45     0.20     1.91     0.20     2.03     0.20     0.49     0.20     0.21     0.20   0.0000
2457       320.70  1271.78    21.09     0.24     1.13     0.24     1.04     0.24     1.84     0.24     0.33     0.24     0.24     0.24   0.0000
2459      1818.41  1897.34    20.81     0.20     1.11     0.20     1.29     0.20     1.22     0.20     0.97     0.20     0.38     0.20   0.0000
2460       386.99  1436.22    20.80     0.16     1.21     0.16     1.22     0.16     1.49     0.16     0.81     0.16     0.19     0.16   0.0000
2461       890.00  1122.32    20.67     0.22     0.92     0.22     1.28     0.22     1.76     0.22     0.74     0.22    -0.10     0.22   0.0000
2462       266.44    72.11    19.81     0.21     0.74     0.21     0.68     0.21     0.90     0.21     0.15     0.21    -0.02     0.21   0.0000
2463      1043.15   231.32    21.12     0.21     1.52     0.21     1.11     0.21     1.80     0.21     0.74     0.21     0.17     0.21   0.0000
2465      1328.65  1114.60    20.08     0.21     0.92     0.21     0.99     0.21     1.42     0.21     0.41     0.21     0.30     0.21   0.0000
2466      1214.75  1161.55    20.52     0.20     2.22     0.20     2.30     0.20     2.97     0.20    -0.06     0.20     0.45     0.20   0.0000
2467       337.71  1418.13    19.43     0.13     0.58     0.13     0.93     0.13     0.76     0.13     0.50     0.13     0.09     0.13   0.0000
2468       494.67   584.67    20.27     0.17     0.84     0.17     1.44     0.17     0.97     0.17     0.65     0.17     0.20     0.17   0.0000
2469       211.29  1337.39    20.32     0.19     1.18     0.19     1.33     0.19     1.72     0.19     0.50     0.19     0.48     0.19   0.0000
2471       667.56  1128.55    20.93     0.29     2.50     0.29     2.00     0.29     2.41     0.29     0.04     0.29    -0.11     0.29   0.0000
2472       325.15   255.18    19.77     0.17     0.83     0.17     1.02     0.17     1.28     0.17     0.86     0.17     0.38     0.17   0.0000
2475        48.33   579.83    20.36     0.21     0.66     0.21     1.39     0.21     1.62     0.21     0.75     0.21    -0.05     0.21   0.0000
2476       652.73   510.90    19.81     0.18     0.29     0.18     0.45     0.18     1.14     0.18     0.21     0.18     0.03     0.18   0.0000
2479      1862.97  1383.71    20.99     0.24     1.52     0.24     1.72     0.24     2.29     0.24     1.05     0.24     0.41     0.24   0.0000
2480      1840.71  1623.40    19.50     0.13     0.58     0.13     0.60     0.13     1.38     0.13     0.29     0.13     0.08     0.13   0.0000
2481      1688.24   515.22    20.84     0.24     1.45     0.24     1.40     0.24     2.10     0.24     0.74     0.24     0.44     0.24   0.0000
2482       312.75  1856.46    19.78     0.20     1.11     0.20     0.57     0.20     1.03     0.20     0.63     0.20    -0.19     0.20   0.0000
2483        87.12  1643.80    20.71     0.22     1.68     0.22     1.90     0.22     2.01     0.22     0.44     0.22     0.17     0.22   0.0000
2488       710.66  2007.30    20.19     0.14     0.67     0.14     1.12     0.14     1.39     0.14     0.48     0.14     0.23     0.14   0.0000
2489        71.78   624.74    19.21     0.23     0.36     0.23     0.48     0.23     0.84     0.23    -0.02     0.23     0.08     0.23   0.0000
2490        14.69  1530.90    20.93     0.24     1.24     0.24     1.44     0.24     1.67     0.24     0.49     0.24     0.11     0.24   0.0000
2491        93.95  1422.10    20.02     0.17     1.13     0.17     0.91     0.17     1.55     0.17     0.81     0.17     0.22     0.17   0.0000
2492      1601.14  1447.19    19.57     0.18     0.25     0.18     0.68     0.18     0.76     0.18     0.11     0.18     0.25     0.18   0.0000
2493       454.56  1571.73    19.77     0.23     1.04     0.23     0.71     0.23     1.45     0.23     0.55     0.23     0.57     0.23   0.0000
2494        59.20   183.54    20.65     0.25     1.09     0.25     1.57     0.25     2.27     0.25     0.62     0.25     0.39     0.25   0.0000
2497       918.90   246.26    19.14     0.16     0.09     0.16     0.78     0.16     0.68     0.16     0.38     0.16     0.13     0.16   0.0000
2498      1649.93  1030.95    20.60     0.27     2.14     0.27     2.04     0.27     2.88     0.27     0.00     0.27     0.10     0.27   0.0000
2499       196.79  1782.54    20.51     0.20     1.24     0.20     1.28     0.20     1.11     0.20     0.97     0.20     0.04     0.20   0.0000
2502      1766.97   518.13    20.70     0.25     2.08     0.25     1.81     0.25     2.10     0.25     0.72     0.25     0.50     0.25   0.0000
2503       977.24  1590.35    20.41     0.20     0.67     0.20     1.36     0.20     1.45     0.20     0.24     0.20     0.24     0.20   0.0000
2504       384.59  1338.37    19.68     0.16     0.30     0.16     0.77     0.16     0.87     0.16     0.26     0.16     0.24     0.16   0.0000
2506      1661.95   629.71    20.98     0.26     0.82     0.26     1.13     0.26     1.78     0.26     1.10     0.26     0.13     0.26   0.0000
2508      1047.15    11.85    18.45     0.09    -0.16     0.09     0.16     0.09     0.58     0.09    -0.03     0.09     0.09     0.09   0.0000
2511       926.29   740.17    19.70     0.19     1.10     0.19     0.76     0.19     1.55     0.19     0.38     0.19     0.40     0.19   0.0000
2512       888.66  1850.90    20.84     0.26     1.26     0.26     1.69     0.26     2.29     0.26     0.76     0.26     0.40     0.26   0.0000
2513       687.87   612.02    18.59     0.17     0.28     0.17     0.28     0.17     0.74     0.17     0.21     0.17     0.33     0.17   0.0000
2517      1960.46   552.80    19.76     0.19     0.83     0.19     1.14     0.19     1.48     0.19     0.57     0.19     0.44     0.19   0.0000
2521       374.23   273.74    20.64     0.20     1.25     0.20     1.29     0.20     1.78     0.20     0.34     0.20     0.40     0.20   0.0000
2522        34.43   713.54    19.16     0.17     0.22     0.17     0.49     0.17     0.46     0.17     0.41     0.17     0.32     0.17   0.0000
2525       194.49   658.25    19.33     0.16     0.37     0.16     0.62     0.16     1.29     0.16    -0.07     0.16    -0.05     0.16   0.0000
2526       215.75    75.93    20.28     0.14     0.74     0.14     0.94     0.14     1.22     0.14     0.32     0.14     0.57     0.14   0.0000
2527       632.47  1728.84    20.40     0.24     2.13     0.24     2.04     0.24     2.61     0.24     0.13     0.24     0.21     0.24   0.0000
2528      1613.68   365.80    20.85     0.19     1.97     0.19     2.04     0.19     2.48     0.19     0.35     0.19     0.20     0.19   0.0000
2530       667.05  1936.80    18.16     0.14    -0.60     0.14    -0.05     0.14     0.03     0.14    -0.36     0.14     0.35     0.14   0.0000
2534       497.61   655.26    20.79     0.24     0.74     0.24     1.65     0.24     1.84     0.24     0.91     0.24     0.41     0.24   0.0000
2535       562.13  1608.85    20.74     0.22     1.49     0.22     1.59     0.22     1.65     0.22     0.60     0.22     0.39     0.22   0.0000
2539       799.27  1501.81    20.52     0.18     0.60     0.18     0.82     0.18     1.33     0.18     0.40     0.18     0.55     0.18   0.0000
2540      1520.45  1371.25    21.12     0.25     1.12     0.25     1.46     0.25     2.22     0.25     0.83     0.25     0.46     0.25   0.0000
2542      1408.13  1804.59    19.38     0.14     0.12     0.14     0.61     0.14     0.60     0.14     0.34     0.14     0.36     0.14   0.0000
2543      1662.05   839.75    19.71     0.18     0.90     0.18     0.69     0.18     0.93     0.18     0.73     0.18     0.26     0.18   0.0000
2547      1208.90   500.28    20.50     0.21     1.11     0.21     1.10     0.21     1.57     0.21     0.73     0.21     0.29     0.21   0.0000
2552       957.70     5.79    20.40     0.23     1.14     0.23     1.43     0.23     1.85     0.23     0.75     0.23     0.17     0.23   0.0000
2553       893.77  1300.57    20.87     0.23     2.25     0.23     2.15     0.23     2.31     0.23     0.23     0.23     0.38     0.23   0.0000
2554      1709.52  1354.22    20.62     0.18     1.34     0.18     1.30     0.18     1.92     0.18     0.55     0.18     0.16     0.18   0.0000
2555      1430.22  1933.67    20.32     0.17     1.12     0.17     1.42     0.17     1.37     0.17     0.62     0.17     0.10     0.17   0.0000
2557       613.10   534.14    19.95     0.21     1.19     0.21     0.88     0.21     1.36     0.21     0.38     0.21     0.02     0.21   0.0000
2564       160.91   785.11    20.97     0.25     2.02     0.25     1.60     0.25     1.97     0.25     0.24     0.25     0.05     0.25   0.0000
2565       418.31  1765.56    18.47     0.13    -0.29     0.13    -0.18     0.13     0.08     0.13     0.04     0.13    -0.00     0.13   0.0000
2567       259.44   635.84    20.87     0.24     0.91     0.24     1.53     0.24     2.06     0.24     0.59     0.24     0.11     0.24   0.0000
2568       883.18   529.90    20.24     0.23     1.14     0.23     1.49     0.23     1.66     0.23     0.99     0.23     0.18     0.23   0.0000
2570       147.11   733.27    19.88     0.15     0.75     0.15     0.76     0.15     1.42     0.15     0.45     0.15     0.57     0.15   0.0000
2572      1873.57   202.93    20.50     0.25     0.96     0.25     1.46     0.25     1.65     0.25     0.62     0.25     0.33     0.25   0.0000
2573      1244.13  1772.34    20.50     0.23     1.31     0.23     1.13     0.23     2.02     0.23     0.38     0.23    -0.17     0.23   0.0000
2575       807.41  1911.53    20.78     0.17     1.49     0.17     1.58     0.17     2.11     0.17     0.54     0.17     0.24     0.17   0.0000
2576       722.40   977.13    20.87     0.20     1.49     0.20     1.40     0.20     1.68     0.20     0.49     0.20     0.18     0.20   0.0000
2577      1499.36  1737.83    20.25     0.19     1.54     0.19     1.58     0.19     2.11     0.19     0.33     0.19     0.20     0.19   0.0000
2578      1369.64   738.18    20.11     0.12     1.16     0.12     1.08     0.12     1.57     0.12     0.71     0.12     0.25     0.12   0.0000
2579      1086.75   608.96    20.52     0.21     0.93     0.21     1.48     0.21     1.29     0.21     0.52     0.21     0.42     0.21   0.0000
2580      1306.27  1371.83    20.54     0.22     1.03     0.22     1.40     0.22     1.92     0.22     0.79     0.22     0.76     0.22   0.0000
2581       543.56  1257.48    20.62     0.20     1.42     0.20     1.14     0.20     1.94     0.20     0.51     0.20    -0.11     0.20   0.0000
2582      1413.41   648.51    20.70     0.23     1.29     0.23     1.15     0.23     1.85     0.23     0.84     0.23     0.41     0.23   0.0000
2583      1661.50  1647.39    20.71     0.24     1.21     0.24     1.38     0.24     1.96     0.24     0.99     0.24     0.50     0.24   0.0000
2586      1813.52  1366.36    18.93     0.14     0.16     0.14     0.52     0.14     0.69     0.14    -0.03     0.14     0.23     0.14   0.0000
2587      1755.00   290.96    20.39     0.21     1.78     0.21     1.83     0.21     2.31     0.21     0.17     0.21     0.49     0.21   0.0000
2591      1067.60   238.87    20.17     0.21     1.52     0.21     1.49     0.21     1.98     0.21     0.25     0.21     0.39     0.21   0.0000
2594       571.68   237.90    19.58     0.18     0.50     0.18     0.60     0.18     0.43     0.18     0.37     0.18     0.34     0.18   0.0000
2595       984.67    16.79    20.43     0.24     2.25     0.24     2.60     0.24     3.17     0.24    -0.36     0.24     0.12     0.24   0.0000
2597      1525.36   134.57    19.97     0.20     0.52     0.20     0.63     0.20     0.91     0.20     0.19     0.20    -0.15     0.20   0.0000
2598      1383.28  1171.97    20.13     0.16     0.98     0.16     0.86     0.16     1.40     0.16     0.52     0.16     0.21     0.16   0.0000
2599       531.59   181.77    20.07     0.24     1.07     0.24     1.22     0.24     1.76     0.24     0.21     0.24     0.21     0.24   0.0000
2601      1582.12  1982.10    19.81     0.15     0.87     0.15     0.98     0.15     1.30     0.15     0.46     0.15    -0.13     0.15   0.0000
2603      1470.90  1653.13    19.89     0.21     0.51     0.21     0.56     0.21     1.04     0.21    -0.00     0.21     0.29     0.21   0.0000
2605      1591.49    10.70    21.44     0.22     1.54     0.22     1.48     0.22     2.16     0.22     0.36     0.22    -0.14     0.22   0.0000
2606      1114.56  1842.66    20.65     0.25     1.43     0.25     1.36     0.25     1.47     0.25     0.67     0.25     0.18     0.25   0.0000
2607       371.42    38.40    18.94     0.13    -0.35     0.13     0.11     0.13     0.18     0.13    -0.06     0.13     0.11     0.13   0.0000
2614      1295.58   665.70    20.80     0.26     0.87     0.26     1.09     0.26     1.57     0.26     0.41     0.26     0.04     0.26   0.0000
2621       461.04  1780.71    19.33     0.17    -0.21     0.17     0.30     0.17     0.15     0.17     0.22     0.17     0.24     0.17   0.0000
2622      1901.76   771.74    19.76     0.20     0.25     0.20     0.40     0.20     0.97     0.20     0.44     0.20    -0.11     0.20   0.0000
2631      1864.92   497.66    19.55     0.13     0.26     0.13     0.29     0.13     1.19     0.13     0.12     0.13     0.16     0.13   0.0000
2643       951.21   431.43    20.59     0.22     0.80     0.22     1.02     0.22     1.36     0.22     0.63     0.22     0.34     0.22   0.0000
2644      1989.91   543.92    20.36     0.19     0.54     0.19     0.57     0.19     0.93     0.19     0.52     0.19     0.38     0.19   0.0000
2647       935.17   456.10    21.27     0.18     1.20     0.18     1.14     0.18     1.90     0.18     1.12     0.18     0.35     0.18   0.0000
2648        45.84  1312.62    20.46     0.20     0.72     0.20     0.80     0.20     1.10     0.20     0.71     0.20     0.17     0.20   0.0000
2649      1237.20  1014.13    19.64     0.17     0.12     0.17     0.58     0.17     0.83     0.17     0.02     0.17     0.40     0.17   0.0000
2650      1717.09   821.32    19.48     0.17     0.12     0.17     0.10     0.17     0.73     0.17     0.12     0.17     0.13     0.17   0.0000
2651        87.59   674.08    21.57     0.25     1.27     0.25     0.98     0.25     1.46     0.25     0.58     0.25     0.09     0.25   0.0000
2652       704.35  1770.59    20.77     0.20     0.87     0.20     0.94     0.20     1.26     0.20     0.74     0.20     0.28     0.20   0.0000
2664      1480.36  1060.89    19.75     0.13     0.42     0.13     0.51     0.13     0.98     0.13     0.51     0.13     0.16     0.13   0.0000
2665       390.21   514.48    20.47     0.21     0.30     0.21     0.27     0.21     0.78     0.21     0.23     0.21     0.44     0.21   0.0000
2667       681.31   923.33    21.18     0.24     0.93     0.24     0.58     0.24     1.98     0.24     0.67     0.24     0.58     0.24   0.0000
2670       268.28  1198.16    19.85     0.17     0.38     0.17     0.51     0.17     0.84     0.17     0.39     0.17     0.05     0.17   0.0000
2671       705.71   796.99    20.11     0.22     0.49     0.22     0.99     0.22     1.10     0.22     0.57     0.22     0.07     0.22   0.0000
2673       976.23   573.94    20.49     0.20     0.60     0.20     0.53     0.20     1.06     0.20     0.18     0.20     0.03     0.20   0.0000
2674      1417.47  1647.68    20.38     0.20     0.70     0.20     0.67     0.20     1.32     0.20     0.57     0.20     0.32     0.20   0.0000
2675       350.44  1280.94    21.29     0.25     0.78     0.25     1.03     0.25     1.86     0.25     0.55     0.25    -0.17     0.25   0.0000
2680      1694.58    79.93    20.79     0.19     1.10     0.19     1.22     0.19     1.76     0.19     0.46     0.19     0.08     0.19   0.0000
2682      1349.22  1140.95    19.55     0.09     0.15     0.09     0.21     0.09     0.69     0.09     0.10     0.09     0.19     0.09   0.0000
2683      1112.37  1208.01    20.11     0.22     0.93     0.22     0.57     0.22     1.07     0.22     0.35     0.22    -0.11     0.22   0.0000
2684      1239.28  2009.37    19.71     0.14     0.44     0.14     0.43     0.14     0.87     0.14     0.17     0.14     0.28     0.14   0.0000
2687       538.09   910.27    21.05     0.24     0.64     0.24     1.23     0.24     1.07     0.24     0.13     0.24     0.32     0.24   0.0000
2693       715.80  1230.03    20.09     0.21     0.24     0.21     0.40     0.21     0.82     0.21     0.22     0.21     0.36     0.21   0.0000
2695      1075.59   150.75    19.93     0.23     0.86     0.23     0.66     0.23     1.07     0.23     0.27     0.23     0.25     0.23   0.0000
2696      1463.25  1966.86    20.74     0.22     1.50     0.22     0.76     0.22     1.40     0.22     1.05     0.22     0.13     0.22   0.0000
2698      1917.51   463.62    20.89     0.25     2.76     0.25     2.28     0.25     2.61     0.25    -0.39     0.25     0.14     0.25   0.0000
2699        56.59  1450.13    20.12     0.13     0.51     0.13     0.46     0.13     1.29     0.13     0.55     0.13     0.28     0.13   0.0000
2702       978.74   483.53    18.71     0.14    -0.45     0.14     0.09     0.14     0.47     0.14    -0.37     0.14    -0.01     0.14   0.0000
2703        40.80  1407.30    20.78     0.26     0.66     0.26     0.89     0.26     1.27     0.26     0.79     0.26     0.11     0.26   0.0000
2705      1625.28  1180.74    20.96     0.27     1.94     0.27     2.24     0.27     2.81     0.27     0.39     0.27     0.40     0.27   0.0000
2706      1292.12   257.47    19.89     0.19     0.07     0.19     0.13     0.19     0.28     0.19     0.27     0.19     0.28     0.19   0.0000
2710      1583.79   405.88    20.96     0.23     1.07     0.23     1.12     0.23     1.78     0.23     0.64     0.23     0.24     0.23   0.0000
2713      1282.99  1735.14    20.61     0.26     1.28     0.26     1.08     0.26     1.86     0.26     0.64     0.26     0.10     0.26   0.0000
2715      1410.43  1886.47    21.12     0.22     1.42     0.22     1.16     0.22     1.68     0.22     0.60     0.22     0.72     0.22   0.0000
2720      1965.44  1236.80    18.70     0.15    -0.50     0.15     0.06     0.15     0.27     0.15    -0.01     0.15     0.19     0.15   0.0000
2722      1999.63  1623.23    21.12     0.27     0.94     0.27     1.39     0.27     1.49     0.27     0.71     0.27     0.32     0.27   0.0000
2728      1131.68  1973.84    21.50     0.28     1.20     0.28     1.50     0.28     2.49     0.28     0.51     0.28     0.62     0.28   0.0000
2731      1180.36   370.63    20.22     0.19     0.36     0.19     0.47     0.19     1.20     0.19     0.28     0.19     0.07     0.19   0.0000
2732       583.80   636.94    21.20     0.21     2.93     0.21     2.48     0.21     3.17     0.21     0.24     0.21     0.15     0.21   0.0000
2733       454.52  1445.73    18.57     0.12    -0.41     0.12    -0.03     0.12     0.20     0.12     0.20     0.12     0.09     0.12   0.0000
2736      1790.01  1530.36    18.99     0.15    -0.00     0.15     0.34     0.15     0.64     0.15     0.19     0.15     0.32     0.15   0.0000
2738      1158.59   659.92    19.69     0.17     0.53     0.17     0.40     0.17     0.69     0.17     0.42     0.17     0.20     0.17   0.0000
2742       628.78  1685.62    20.67     0.23     0.78     0.23     0.86     0.23     1.32     0.23     0.52     0.23     0.14     0.23   0.0000
2743      1790.73   615.17    21.29     0.19     1.47     0.19     1.61     0.19     2.03     0.19     1.05     0.19     0.30     0.19   0.0000
2745      1786.10  1991.69    21.11     0.20     1.05     0.20     1.10     0.20     1.23     0.20     0.60     0.20     0.22     0.20   0.0000
2752      1342.91  1701.31    19.52     0.16     0.04     0.16     0.39     0.16     0.39     0.16     0.24     0.16     0.06     0.16   0.0000
2755      1613.83    15.42    20.12     0.21     0.27     0.21     0.68     0.21     0.66     0.21     0.07     0.21     0.43     0.21   0.0000
2759       658.56   286.52    19.51     0.16     0.03     0.16     0.29     0.16     0.63     0.16     0.48     0.16     0.08     0.16   0.0000
2777       135.42   540.97    19.19     0.18    -0.24     0.18     0.14     0.18     0.58     0.18     0.30     0.18     0.16     0.18   0.0000
2779      1613.39   412.82    19.20     0.12    -0.36     0.12    -0.19     0.12     0.07     0.12    -0.24     0.12     0.13     0.12   0.0000
2781       525.59  1907.54    20.24     0.15    -0.07     0.15     0.20     0.15     0.89     0.15     0.54     0.15     0.24     0.15   0.0000
2795        26.06   431.12    21.13     0.30     0.66     0.30     0.36     0.30     1.50     0.30     0.65     0.30     0.45     0.30   0.0000
2805      1701.42   768.58    20.93     0.24     0.50     0.24     0.95     0.24     1.45     0.24     0.83     0.24     0.15     0.24   0.0000
2806       598.37   510.18    20.05     0.17     0.15     0.17     0.30     0.17     0.87     0.17     0.55     0.17     0.06     0.17   0.0000
2807       281.68   807.35    20.40     0.16     0.29     0.16     0.88     0.16     1.00     0.16     0.88     0.16     0.28     0.16   0.0000
2821      1608.05  1239.76    19.89     0.19    -0.56     0.19     0.40     0.19     0.38     0.19    -0.15     0.19     0.28     0.19   0.0000
2832      1535.13   422.41    19.36     0.15    -0.51     0.15     0.37     0.15     0.54     0.15     0.17     0.15     0.15     0.15   0.0000
2833       641.34   390.05    21.31     0.27     1.37     0.27     1.45     0.27     1.11     0.27     0.51     0.27     0.59     0.27   0.0000
2834      1956.13  1752.93    21.10     0.30     0.66     0.30     1.25     0.30     1.65     0.30     0.94     0.30     0.57     0.30   0.0000
2838       332.63   908.17    19.83     0.15    -0.01     0.15     0.28     0.15     0.48     0.15    -0.10     0.15     0.30     0.15   0.0000
2840        63.47  1544.04    20.70     0.15     0.70     0.15     0.85     0.15     1.41     0.15     0.35     0.15     0.01     0.15   0.0000
2863      1602.06  1438.88    19.82     0.17     0.33     0.17     0.17     0.17     0.89     0.17     0.12     0.17     0.17     0.17   0.0000
2865       919.72   696.71    19.33     0.12    -0.47     0.12    -0.28     0.12     0.25     0.12     0.23     0.12     0.13     0.12   0.0000
2866       579.78  1338.55    20.46     0.20     0.25     0.20     0.60     0.20     1.09     0.20     0.23     0.20    -0.23     0.20   0.0000
2875      1679.54  1633.90    20.68     0.19     0.26     0.19     0.60     0.19     1.25     0.19     0.34     0.19     0.32     0.19   0.0000
2880      1553.04   632.44    20.10     0.12     0.11     0.12     0.03     0.12     0.62     0.12     0.31     0.12     0.21     0.12   0.0000
2888       742.89  1839.11    20.71     0.16     0.38     0.16     0.51     0.16     1.19     0.16     0.52     0.16     0.27     0.16   0.0000
2890       623.46   301.25    20.54     0.28     0.19     0.28     0.22     0.28     0.85     0.28     0.31     0.28    -0.05     0.28   0.0000
2894       907.93  1381.48    21.07     0.30     0.91     0.30     0.88     0.30     1.43     0.30     0.73     0.30     0.03     0.30   0.0000
2900      1732.67  1658.99    20.38     0.22     0.12     0.22    -0.23     0.22     0.91     0.22     0.63     0.22     0.20     0.22   0.0000
2902      1276.14  1849.51    20.43     0.21     0.22     0.21     0.34     0.21     1.20     0.21     0.62     0.21     0.13     0.21   0.0000
2903       192.72   796.18    20.43     0.18    -0.28     0.18    -0.25     0.18     0.35     0.18     0.70     0.18     0.36     0.18   0.0000
2906      1081.26  1057.11    20.19     0.21    -0.09     0.21     0.09     0.21     0.34     0.21     0.07     0.21     0.64     0.21   0.0000
2908       237.20  1933.01    20.43     0.24     0.49     0.24     0.62     0.24     1.03     0.24     0.61     0.24    -0.08     0.24   0.0000
2911       386.45   978.49    20.75     0.19    -0.35     0.19     0.24     0.19     1.03     0.19     0.35     0.19     0.13     0.19   0.0000
2913       252.41  1749.00    20.46     0.20    -0.30     0.20     0.04     0.20     0.25     0.20     0.25     0.20     0.19     0.20   0.0000
2914      1451.24   976.10    20.24     0.17    -0.13     0.17    -0.30     0.17     0.33     0.17     0.16     0.17     0.21     0.17   0.0000
2920      1678.07  1263.78    20.30     0.23     0.33     0.23     0.26     0.23     1.09     0.23     0.85     0.23    -0.04     0.23   0.0000
2921      2019.52  1929.32    20.53     0.27     0.31     0.27     0.35     0.27     0.67     0.27     0.17     0.27     0.17     0.27   0.0000
2923       866.66  1351.50    20.51     0.23    -0.49     0.23    -0.11     0.23     0.66     0.23     0.21     0.23     0.45     0.23   0.0000
2931      1984.28  1118.61    20.45     0.24    -0.01     0.24     0.17     0.24     0.77     0.24     0.90     0.24     0.05     0.24   0.0000
2936      1830.81   785.63    20.67     0.20    -0.21     0.20     0.00     0.20     0.58     0.20     0.10     0.20    -0.02     0.20   0.0000
2941      1684.26   609.47    20.87     0.19    -0.07     0.19    -0.17     0.19     0.64     0.19     0.65     0.19     0.06     0.19   0.0000
2951       538.42  1827.43    20.39     0.19    -0.11     0.19     0.15     0.19     0.25     0.19     0.59     0.19     0.10     0.19   0.0000
2952         8.97   876.47    21.34     0.26     0.20     0.26    -0.25     0.26     0.85     0.26     0.75     0.26     0.76     0.26   0.0000
