Name,n_run,CI,LSR,BSL,HMS,MCC_5,TPR_5,PPV_5,MCC_9,TPR_9,PPV_9
oc_12_2500_2000_2.0_p019_0710_1.dat,1,10.964601769911505,0.4656913528423119,0.8859097633136095,0.4326018520454118,0.4569810559272761,0.672566371681416,0.39327296248382926,0.4569810559272761,0.672566371681416,0.39327296248382926
oc_12_2500_2000_2.0_p019_0710_1.dat,2,10.964601769911505,0.6538352153785842,0.9139238165680473,0.516377323505206,0.4113614076511374,0.7743362831858407,0.30120481927710846,0.5718087747795392,0.6216814159292036,0.5953389830508474
oc_12_2500_2000_2.0_p019_0710_1.dat,3,10.964601769911505,0.7265191216230908,0.9307610124917818,0.5496001232723535,0.5647660243316422,0.6902654867256637,0.5315161839863713,0.6158424792518673,0.584070796460177,0.7115902964959568
oc_12_2500_2000_2.0_p019_0710_1.dat,4,10.964601769911505,0.7287337166598808,0.9297221708579881,0.560976384347771,0.5194130110434191,0.75,0.4329501915708812,0.6230437641008212,0.577433628318584,0.7331460674157303
oc_12_2500_2000_2.0_p019_0710_1.dat,5,10.964601769911505,0.7433809234288068,0.9328180473372781,0.5639956430439561,0.5742618682936153,0.6969026548672567,0.5412371134020618,0.6276915264387172,0.5486725663716814,0.7774294670846394
oc_12_2500_2000_2.0_p019_0710_1.dat,6,10.964601769911505,0.7445441945736176,0.9327693540433925,0.560787046210394,0.5263330798764296,0.7278761061946902,0.45379310344827584,0.6276915264387172,0.5486725663716814,0.7774294670846394
oc_12_2500_2000_2.0_p019_0710_1.dat,7,10.964601769911505,0.755062287771089,0.9348546371211206,0.5634676412689459,0.5623692550191475,0.6902654867256637,0.5279187817258884,0.6415474683541178,0.5464601769911505,0.8098360655737705
oc_12_2500_2000_2.0_p019_0710_1.dat,8,10.964601769911505,0.7601495461593368,0.9355844350961539,0.5676641185061349,0.5522351102520546,0.7101769911504425,0.5,0.6503070869858326,0.5464601769911505,0.8288590604026845
oc_12_2500_2000_2.0_p019_0710_1.dat,9,10.964601769911505,0.7609202866168953,0.9359156987362116,0.5665033168143792,0.5628767295166283,0.6858407079646017,0.5317324185248714,0.6504811003421564,0.5398230088495575,0.8384879725085911
oc_12_2500_2000_2.0_p019_0710_1.dat,10,10.964601769911505,0.7620247940593546,0.9366364644970414,0.5710773667390123,0.5570464400953397,0.7123893805309734,0.5054945054945055,0.6391371093707117,0.5862831858407079,0.7549857549857549
oc_12_2500_2000_2.0_p019_0710_1.dat,11,10.964601769911505,0.7647636368547622,0.9374174776272678,0.5739213735285251,0.5878881391450804,0.6946902654867256,0.5637342908438061,0.6534757480077154,0.5862831858407079,0.7840236686390533
oc_12_2500_2000_2.0_p019_0710_1.dat,12,10.964601769911505,0.7685240319474512,0.9384451019066403,0.5797619506272833,0.5807223974022757,0.7079646017699115,0.5432937181663837,0.6492267038882269,0.577433628318584,0.786144578313253
oc_12_2500_2000_2.0_p019_0710_1.dat,13,10.964601769911505,0.7708507451664778,0.9392451682364062,0.5836387999971857,0.5966807645892933,0.7035398230088495,0.5709156193895871,0.6512893995498228,0.5707964601769911,0.7987616099071208
oc_12_2500_2000_2.0_p019_0710_1.dat,14,10.964601769911505,0.7760931485792533,0.9407236822243691,0.5881116580753036,0.5869151068101169,0.7079646017699115,0.5526770293609672,0.6572224832883228,0.5641592920353983,0.819935691318328
oc_12_2500_2000_2.0_p019_0710_1.dat,15,10.964601769911505,0.7755926270814525,0.9406188362919132,0.5869532509037952,0.5993856496917158,0.6969026548672567,0.580110497237569,0.6551781377781509,0.5597345132743363,0.8214285714285714
oc_12_2500_2000_2.0_p019_0710_1.dat,16,10.964601769911505,0.7760296748664067,0.9406702165772929,0.5879738415836433,0.5900673743928636,0.7079646017699115,0.5574912891986062,0.6535339480399268,0.5575221238938053,0.8208469055374593
oc_12_2500_2000_2.0_p019_0710_1.dat,17,10.964601769911505,0.7750960506824816,0.940376041645339,0.5894635341742298,0.5971201677985171,0.7013274336283186,0.5732368896925859,0.6560288205894126,0.5575221238938053,0.8262295081967214
oc_12_2500_2000_2.0_p019_0710_1.dat,18,10.964601769911505,0.7777115263908285,0.9407496438746439,0.5905328551233193,0.5933977958032132,0.7146017699115044,0.5578583765112263,0.6543842526404595,0.5553097345132744,0.8256578947368421
oc_12_2500_2000_2.0_p019_0710_1.dat,19,10.964601769911505,0.777486915619172,0.9408227679522694,0.590379411872762,0.6008651327108545,0.7057522123893806,0.575812274368231,0.6477747270426503,0.5464601769911505,0.8233333333333334
oc_12_2500_2000_2.0_p019_0710_1.dat,20,10.964601769911505,0.7802168530684417,0.9417062684911243,0.5948061526433526,0.5995564026995623,0.7123893805309734,0.568904593639576,0.6503786918092319,0.5663716814159292,0.8025078369905956
oc_12_2500_2000_2.0_p019_0710_1.dat,21,10.964601769911505,0.7804258339319751,0.9416179440217902,0.5937611202601949,0.5938124540417613,0.6946902654867256,0.572992700729927,0.6523389833301881,0.5641592920353983,0.8095238095238095
oc_12_2500_2000_2.0_p019_0710_1.dat,22,10.964601769911505,0.7777911437391835,0.9407787361240159,0.5888616330494723,0.5943017682423616,0.7057522123893806,0.5656028368794326,0.6535515650221646,0.5641592920353983,0.8121019108280255
oc_12_2500_2000_2.0_p019_0710_1.dat,23,10.964601769911505,0.7792843372147491,0.9413894279706043,0.5898009266218145,0.5953598280292572,0.6969026548672567,0.5737704918032787,0.6531277090651968,0.5619469026548672,0.8141025641025641
oc_12_2500_2000_2.0_p019_0710_1.dat,24,10.964601769911505,0.7813254701894128,0.9421333749383629,0.592992294874392,0.5907397117431983,0.6969026548672567,0.5665467625899281,0.6465292029402062,0.5530973451327433,0.8116883116883117
