Name,n_run,CI,LSR,BSL,HMS,MCC_5,TPR_5,PPV_5,MCC_9,TPR_9,PPV_9
oc_12_5000_1500_1.5_p019_0770_1.dat,1,5.690011481056257,0.40875808536681923,0.873519821520508,0.6223345498696369,0.6384752228613183,0.904707233065442,0.5464632454923717,0.6384752228613183,0.904707233065442,0.5464632454923717
oc_12_5000_1500_1.5_p019_0770_1.dat,2,5.690011481056257,0.5869003886424486,0.8999914192551913,0.718112465538765,0.5709835816891844,0.9483352468427095,0.44940152339499456,0.7313200814669364,0.8840413318025259,0.6808134394341291
oc_12_5000_1500_1.5_p019_0770_1.dat,3,5.690011481056257,0.6275172763898615,0.9061457201151727,0.7397603428929098,0.683851934423279,0.9368541905855339,0.5832737669764118,0.7528274070294212,0.8622273249138921,0.7284190106692532
oc_12_5000_1500_1.5_p019_0770_1.dat,4,5.690011481056257,0.6667563409918752,0.9172279903895658,0.762506949736456,0.6683964591742455,0.9483352468427095,0.5577312626603647,0.7688968316244522,0.8541905855338691,0.7591836734693878
oc_12_5000_1500_1.5_p019_0770_1.dat,5,5.690011481056257,0.6758093288563691,0.9214347005320062,0.769272055888201,0.7357425392132272,0.931113662456946,0.6540322580645161,0.768519068132764,0.8461538461538461,0.7653167185877466
oc_12_5000_1500_1.5_p019_0770_1.dat,6,5.690011481056257,0.6936577297537154,0.9251997406708236,0.7739470173416954,0.7181869991378993,0.9414466130884042,0.624048706240487,0.7737358233948911,0.8392652123995408,0.779317697228145
oc_12_5000_1500_1.5_p019_0770_1.dat,7,5.690011481056257,0.7025561298351897,0.925918402370387,0.7738203920646051,0.7369212040722111,0.931113662456946,0.6556184316895716,0.778251686450229,0.8300803673938002,0.7945054945054945
oc_12_5000_1500_1.5_p019_0770_1.dat,8,5.690011481056257,0.7108122740738336,0.9282596104341857,0.7763981790713337,0.7319406459002135,0.939150401836969,0.6435877261998426,0.7756400851294657,0.8197474167623421,0.799552071668533
oc_12_5000_1500_1.5_p019_0770_1.dat,9,5.690011481056257,0.7243400274865901,0.9307819918768949,0.778031223267601,0.7514108282867196,0.9299655568312285,0.676126878130217,0.7789412099128488,0.8071182548794489,0.8164924506387921
oc_12_5000_1500_1.5_p019_0770_1.dat,10,5.690011481056257,0.7232021948200811,0.9305800583490647,0.7765944686487627,0.7472463115560649,0.9334098737083811,0.6680361544782252,0.7789240388467794,0.8622273249138921,0.7678936605316974
oc_12_5000_1500_1.5_p019_0770_1.dat,11,5.690011481056257,0.7297912216060215,0.9322546651594813,0.778193498462953,0.7564237478640355,0.928817451205511,0.68385460693153,0.7794217724075049,0.8507462686567164,0.7783613445378151
oc_12_5000_1500_1.5_p019_0770_1.dat,12,5.690011481056257,0.7302631489113336,0.9328663978033294,0.7784768769968176,0.752601791349735,0.931113662456946,0.6769616026711185,0.7795502869465485,0.8415614236509759,0.7864806866952789
oc_12_5000_1500_1.5_p019_0770_1.dat,13,5.690011481056257,0.7325333293459002,0.9334266214307402,0.7793595427192526,0.7561184307575248,0.9265212399540758,0.6850594227504244,0.7748745726003744,0.8346727898966705,0.785097192224622
oc_12_5000_1500_1.5_p019_0770_1.dat,14,5.690011481056257,0.7326550795478757,0.9328075146310455,0.7784930192233623,0.7518639610291742,0.928817451205511,0.6775544388609716,0.7723417645383656,0.8277841561423651,0.787117903930131
oc_12_5000_1500_1.5_p019_0770_1.dat,15,5.690011481056257,0.7323734492878886,0.9327856911313235,0.7792554687384866,0.7565374225589994,0.9265212399540758,0.6856414613423959,0.7715598625306269,0.8266360505166476,0.7868852459016393
oc_12_5000_1500_1.5_p019_0770_1.dat,16,5.690011481056257,0.7357994671587402,0.9333638128539558,0.7798647570906291,0.7510833320667916,0.9276693455797933,0.6772841575859179,0.7742740897548301,0.8266360505166476,0.7912087912087912
oc_12_5000_1500_1.5_p019_0770_1.dat,17,5.690011481056257,0.7357541460626553,0.9333005938825525,0.7795646952940549,0.755757689694459,0.9253731343283582,0.685374149659864,0.7759981145932516,0.8243398392652124,0.7960088691796009
oc_12_5000_1500_1.5_p019_0770_1.dat,18,5.690011481056257,0.7363396519351669,0.9334420227675763,0.7797537755925827,0.751540940017616,0.9265212399540758,0.6787216148023549,0.7755397521962606,0.8220436280137773,0.7973273942093542
oc_12_5000_1500_1.5_p019_0770_1.dat,19,5.690011481056257,0.7357589682867993,0.9329651298497252,0.7790255561827633,0.7540841984056075,0.9253731343283582,0.6830508474576271,0.7761959156262874,0.8197474167623421,0.8004484304932735
oc_12_5000_1500_1.5_p019_0770_1.dat,20,5.690011481056257,0.7399553455006641,0.9336515359533207,0.777645055463791,0.751540940017616,0.9265212399540758,0.6787216148023549,0.779999890832765,0.8461538461538461,0.7832093517534537
oc_12_5000_1500_1.5_p019_0770_1.dat,21,5.690011481056257,0.740281050408,0.9335803653879606,0.7766518925472049,0.752940949274614,0.9230769230769231,0.6830926083262532,0.780328313535215,0.8427095292766934,0.7867095391211146
oc_12_5000_1500_1.5_p019_0770_1.dat,22,5.690011481056257,0.7394998883832888,0.933407037912709,0.7762190252411142,0.7515882455464745,0.9253731343283582,0.6795952782462057,0.780085537394456,0.8415614236509759,0.7873254564983888
oc_12_5000_1500_1.5_p019_0770_1.dat,23,5.690011481056257,0.7385533545990572,0.9331720564233444,0.776579445809044,0.7545584846102278,0.9242250287026407,0.6845238095238095,0.7796025491039797,0.8392652123995408,0.7885652642934197
oc_12_5000_1500_1.5_p019_0770_1.dat,24,5.690011481056257,0.7376532138253359,0.9329480340560228,0.776697049694209,0.7503466384777095,0.9253731343283582,0.6778805719091674,0.7778679116304956,0.8335246842709529,0.7908496732026143
