Name,n_run,CI,LSR,BSL,HMS,MCC_5,TPR_5,PPV_5,MCC_9,TPR_9,PPV_9
oc_12_1000_2000_2.0_p019_0710_1.dat,1,27.38121546961326,0.645561666813071,0.9250535331905781,0.22680735679170316,0.24448094531865697,0.3867403314917127,0.20348837209302326,0.24448094531865697,0.3867403314917127,0.20348837209302326
oc_12_1000_2000_2.0_p019_0710_1.dat,2,27.38121546961326,0.7658713423313733,0.9446661475569399,0.23863162921777858,0.2028339356639697,0.40331491712707185,0.15145228215767634,0.31928957285929505,0.30939226519337015,0.37583892617449666
oc_12_1000_2000_2.0_p019_0710_1.dat,3,27.38121546961326,0.7895470185437274,0.9473968810157247,0.2778772848685529,0.29879291651571915,0.36464088397790057,0.2920353982300885,0.3807559037930887,0.30386740331491713,0.5188679245283019
oc_12_1000_2000_2.0_p019_0710_1.dat,4,27.38121546961326,0.8120535219081075,0.9530976250729998,0.31043082532848776,0.28044261740909804,0.4419889502762431,0.2247191011235955,0.41653045452091003,0.287292817679558,0.6419753086419753
oc_12_1000_2000_2.0_p019_0710_1.dat,5,27.38121546961326,0.8165003844404801,0.9542145220946078,0.3245913060136194,0.36105188806913735,0.40331491712707185,0.36683417085427134,0.45110731955020744,0.287292817679558,0.7428571428571429
oc_12_1000_2000_2.0_p019_0710_1.dat,6,27.38121546961326,0.8232450592515581,0.9567678930633963,0.35674221151800356,0.30896827257493276,0.4530386740331492,0.25625,0.4546427952107638,0.287292817679558,0.7536231884057971
oc_12_1000_2000_2.0_p019_0710_1.dat,7,27.38121546961326,0.8217031045710202,0.956593421873324,0.34921524415757865,0.37437697562396643,0.430939226519337,0.36792452830188677,0.4546427952107638,0.287292817679558,0.7536231884057971
oc_12_1000_2000_2.0_p019_0710_1.dat,8,27.38121546961326,0.8308699073009117,0.95921135876971,0.3513490275039708,0.35339811043750774,0.44751381215469616,0.32270916334661354,0.43581510473740565,0.2430939226519337,0.8148148148148148
oc_12_1000_2000_2.0_p019_0710_1.dat,9,27.38121546961326,0.8332769803900186,0.9601967810390366,0.3583944335258945,0.43317716171225823,0.39779005524861877,0.5106382978723404,0.43581510473740565,0.2430939226519337,0.8148148148148148
oc_12_1000_2000_2.0_p019_0710_1.dat,10,27.38121546961326,0.8362851894961632,0.9611271169943547,0.3752915703175962,0.4094664475077884,0.43646408839779005,0.42473118279569894,0.4546427952107638,0.287292817679558,0.7536231884057971
oc_12_1000_2000_2.0_p019_0710_1.dat,11,27.38121546961326,0.8391915701695783,0.9619435725581866,0.37814219535824367,0.4278916718196088,0.430939226519337,0.4642857142857143,0.45825388528352173,0.287292817679558,0.7647058823529411
oc_12_1000_2000_2.0_p019_0710_1.dat,12,27.38121546961326,0.8396498935878849,0.9623564337161767,0.38476747521813504,0.3934637245042001,0.4530386740331492,0.38317757009345793,0.45825388528352173,0.287292817679558,0.7647058823529411
oc_12_1000_2000_2.0_p019_0710_1.dat,13,27.38121546961326,0.8375877449695179,0.9615125444478104,0.3894058543974742,0.42255995290507425,0.4530386740331492,0.43386243386243384,0.45825388528352173,0.287292817679558,0.7647058823529411
oc_12_1000_2000_2.0_p019_0710_1.dat,14,27.38121546961326,0.8376893862269457,0.961681557964825,0.39225559980954605,0.4164722921894366,0.46408839779005523,0.41379310344827586,0.45825388528352173,0.287292817679558,0.7647058823529411
oc_12_1000_2000_2.0_p019_0710_1.dat,15,27.38121546961326,0.8370824929246643,0.961544351437285,0.3983730648050603,0.4577740166346863,0.4530386740331492,0.5,0.45825388528352173,0.287292817679558,0.7647058823529411
oc_12_1000_2000_2.0_p019_0710_1.dat,16,27.38121546961326,0.8383471709907799,0.9615367067354487,0.39663959693317874,0.4053444443211155,0.4585635359116022,0.39903846153846156,0.45825388528352173,0.287292817679558,0.7647058823529411
oc_12_1000_2000_2.0_p019_0710_1.dat,17,27.38121546961326,0.8356389795976704,0.9608552647089135,0.3898239902837276,0.42255995290507425,0.4530386740331492,0.43386243386243384,0.452637382127545,0.281767955801105,0.7611940298507462
oc_12_1000_2000_2.0_p019_0710_1.dat,18,27.38121546961326,0.8356232276871399,0.9609556185216428,0.38606147593274565,0.4175447337535437,0.4530386740331492,0.42487046632124353,0.4469636132022313,0.27624309392265195,0.7575757575757576
oc_12_1000_2000_2.0_p019_0710_1.dat,19,27.38121546961326,0.837849825778397,0.9615235079594727,0.39265062288708263,0.45315123317723915,0.4530386740331492,0.49101796407185627,0.454474995345486,0.27624309392265195,0.78125
oc_12_1000_2000_2.0_p019_0710_1.dat,20,27.38121546961326,0.8360795344589641,0.9611100837064435,0.39329682537048694,0.4206177074775067,0.4585635359116022,0.4256410256410256,0.452637382127545,0.281767955801105,0.7611940298507462
oc_12_1000_2000_2.0_p019_0710_1.dat,21,27.38121546961326,0.8385637430474744,0.9619597628162939,0.3961517721358263,0.4562196155640075,0.4530386740331492,0.49696969696969695,0.4469636132022313,0.27624309392265195,0.7575757575757576
oc_12_1000_2000_2.0_p019_0710_1.dat,22,27.38121546961326,0.8385331047619484,0.9620360791985546,0.39041173048863154,0.4330628871082097,0.4530386740331492,0.4530386740331492,0.4469636132022313,0.27624309392265195,0.7575757575757576
oc_12_1000_2000_2.0_p019_0710_1.dat,23,27.38121546961326,0.8391062610088107,0.9620290615582933,0.3933387589737507,0.44124434718884775,0.4419889502762431,0.47904191616766467,0.4469636132022313,0.27624309392265195,0.7575757575757576
oc_12_1000_2000_2.0_p019_0710_1.dat,24,27.38121546961326,0.838667051199832,0.961881597019445,0.3873070776897831,0.4169512958982314,0.44751381215469616,0.42857142857142855,0.4469636132022313,0.27624309392265195,0.7575757575757576
