Name,n_run,CI,LSR,BSL,HMS,MCC_5,TPR_5,PPV_5,MCC_9,TPR_9,PPV_9
oc_12_1000_1000_1.0_p019_0920_1.dat,1,39.96774193548387,0.7348662393949328,0.944488188976378,0.5358669218808783,0.39582692360662686,0.6774193548387096,0.25766871165644173,0.39582692360662686,0.6774193548387096,0.25766871165644173
oc_12_1000_1000_1.0_p019_0920_1.dat,2,39.96774193548387,0.7857493909966188,0.9451279527559056,0.5191460781196644,0.2781255884853224,0.75,0.1308016877637131,0.44875081083087126,0.5725806451612904,0.3776595744680851
oc_12_1000_1000_1.0_p019_0920_1.dat,3,39.96774193548387,0.8250028251607721,0.9556867891513561,0.5688331305697341,0.4379316174519309,0.6612903225806451,0.3153846153846154,0.48361416987054545,0.5241935483870968,0.47101449275362317
oc_12_1000_1000_1.0_p019_0920_1.dat,4,39.96774193548387,0.8397126477217891,0.9584153543307087,0.60594071575156,0.38616139614547146,0.7419354838709677,0.22660098522167488,0.5086152703279513,0.49193548387096775,0.5495495495495496
oc_12_1000_1000_1.0_p019_0920_1.dat,5,39.96774193548387,0.8587071234545498,0.9642283464566929,0.6127681666001146,0.4799770714297003,0.6532258064516129,0.3767441860465116,0.5033130915390746,0.4274193548387097,0.6162790697674418
oc_12_1000_1000_1.0_p019_0920_1.dat,6,39.96774193548387,0.8566098675570335,0.9641622922134733,0.6335017257243603,0.4649777467032243,0.7338709677419355,0.3181818181818182,0.5033130915390746,0.4274193548387097,0.6162790697674418
oc_12_1000_1000_1.0_p019_0920_1.dat,7,39.96774193548387,0.8557431295373981,0.9644142696448659,0.6551389679195012,0.4921029521692329,0.717741935483871,0.3603238866396761,0.4885991189286957,0.3951612903225806,0.6282051282051282
oc_12_1000_1000_1.0_p019_0920_1.dat,8,39.96774193548387,0.8533193344812594,0.9640932578740158,0.660110302581222,0.4724121965741891,0.75,0.32068965517241377,0.4885991189286957,0.3951612903225806,0.6282051282051282
oc_12_1000_1000_1.0_p019_0920_1.dat,9,39.96774193548387,0.8613748101887242,0.9662122095849129,0.6845792581220498,0.5078949826806562,0.6854838709677419,0.39906103286384975,0.5024698100223468,0.3951612903225806,0.6621621621621622
oc_12_1000_1000_1.0_p019_0920_1.dat,10,39.96774193548387,0.8654805746668691,0.9673503937007873,0.7106169036330303,0.501034098230558,0.717741935483871,0.3723849372384937,0.5167733889944206,0.5241935483870968,0.5327868852459017
oc_12_1000_1000_1.0_p019_0920_1.dat,11,39.96774193548387,0.8622038755882425,0.9667827162100605,0.7115173020890939,0.522820423234252,0.717741935483871,0.40271493212669685,0.5167733889944206,0.5241935483870968,0.5327868852459017
oc_12_1000_1000_1.0_p019_0920_1.dat,12,39.96774193548387,0.8636583348244182,0.9670781386701662,0.7182714705994201,0.5093837230037527,0.7258064516129032,0.379746835443038,0.5322405352637771,0.5161290322580645,0.5714285714285714
oc_12_1000_1000_1.0_p019_0920_1.dat,13,39.96774193548387,0.8635799773676703,0.9670991939617015,0.7150988119009208,0.5165341104562041,0.7258064516129032,0.38961038961038963,0.5322405352637771,0.5161290322580645,0.5714285714285714
oc_12_1000_1000_1.0_p019_0920_1.dat,14,39.96774193548387,0.8586207474957649,0.9657389924473726,0.7114449003860419,0.49803398525413056,0.7258064516129032,0.3643724696356275,0.5322405352637771,0.5161290322580645,0.5714285714285714
oc_12_1000_1000_1.0_p019_0920_1.dat,15,39.96774193548387,0.8581823264426426,0.9658573928258968,0.7141643064166405,0.5065863439988991,0.7016129032258065,0.38839285714285715,0.5373770781610566,0.5161290322580645,0.5818181818181818
oc_12_1000_1000_1.0_p019_0920_1.dat,16,39.96774193548387,0.8583208159502692,0.9661232775590551,0.7143025927310784,0.5165341104562041,0.7258064516129032,0.38961038961038963,0.5239429483028012,0.49193548387096775,0.580952380952381
oc_12_1000_1000_1.0_p019_0920_1.dat,17,39.96774193548387,0.8588534607582385,0.9662704683540855,0.7129608548209061,0.5078209395327917,0.6935483870967742,0.3944954128440367,0.5320978943397668,0.49193548387096775,0.5980392156862745
oc_12_1000_1000_1.0_p019_0920_1.dat,18,39.96774193548387,0.855247258156346,0.9653245601244289,0.7047030008892411,0.4785835361048446,0.6935483870967742,0.35390946502057613,0.5320978943397668,0.49193548387096775,0.5980392156862745
oc_12_1000_1000_1.0_p019_0920_1.dat,19,39.96774193548387,0.8555877723050997,0.9653745065107859,0.7068484277700252,0.4932100487418999,0.6935483870967742,0.3739130434782609,0.5320978943397668,0.49193548387096775,0.5980392156862745
oc_12_1000_1000_1.0_p019_0920_1.dat,20,39.96774193548387,0.8557347787088527,0.9656446850393701,0.7145460956053336,0.4840715382168689,0.6935483870967742,0.36134453781512604,0.5347879865342878,0.5483870967741935,0.544
oc_12_1000_1000_1.0_p019_0920_1.dat,21,39.96774193548387,0.8578235261638805,0.966275644115914,0.7108632356109871,0.4844090186992581,0.6774193548387096,0.3700440528634361,0.525105480757864,0.532258064516129,0.5409836065573771
oc_12_1000_1000_1.0_p019_0920_1.dat,22,39.96774193548387,0.859891725634813,0.9667424513568036,0.7056358791332284,0.48940608395753604,0.6854838709677419,0.37280701754385964,0.5309000376929093,0.5241935483870968,0.5603448275862069
oc_12_1000_1000_1.0_p019_0920_1.dat,23,39.96774193548387,0.8600271863208476,0.9668948990071893,0.6988597486410504,0.49132374430098563,0.6612903225806451,0.3886255924170616,0.5309000376929093,0.5241935483870968,0.5603448275862069
oc_12_1000_1000_1.0_p019_0920_1.dat,24,39.96774193548387,0.8605244566928758,0.9671362368766404,0.7097951855530971,0.49516591071987925,0.6693548387096774,0.38967136150234744,0.5309000376929093,0.5241935483870968,0.5603448275862069
