Name,n_run,CI,LSR,BSL,HMS,MCC_5,TPR_5,PPV_5,MCC_9,TPR_9,PPV_9
oc_12_1000_2500_2.6_p019_0870_1.dat,1,34.179310344827584,0.6079989061662857,0.9168790433248383,0.16660939379984763,0.17644281998366376,0.3448275862068966,0.13192612137203166,0.17644281998366376,0.3448275862068966,0.13192612137203166
oc_12_1000_2500_2.6_p019_0870_1.dat,2,34.179310344827584,0.712283341451703,0.9275142128994315,0.21640068747375174,0.14507315577147456,0.46206896551724136,0.08470290771175727,0.24526669106295879,0.30344827586206896,0.2391304347826087
oc_12_1000_2500_2.6_p019_0870_1.dat,3,34.179310344827584,0.7726048538710811,0.9421899845346229,0.23539455513298246,0.23353627736559854,0.3586206896551724,0.1925925925925926,0.25220477748873965,0.22758620689655173,0.32038834951456313
oc_12_1000_2500_2.6_p019_0870_1.dat,4,34.179310344827584,0.7714171238279646,0.9404773573809057,0.2398082238928444,0.20433766220054347,0.43448275862068964,0.13577586206896552,0.23907296991612648,0.19310344827586207,0.3373493975903614
oc_12_1000_2500_2.6_p019_0870_1.dat,5,34.179310344827584,0.7873645180368911,0.9457596549696138,0.2662514383319743,0.2594706760166805,0.38620689655172413,0.21374045801526717,0.19305422168599498,0.1310344827586207,0.3275862068965517
oc_12_1000_2500_2.6_p019_0870_1.dat,6,34.179310344827584,0.7918641346061042,0.945843952166242,0.27446987054851213,0.24393004597130943,0.43448275862068964,0.17597765363128492,0.23561365353721875,0.1310344827586207,0.4634146341463415
oc_12_1000_2500_2.6_p019_0870_1.dat,7,34.179310344827584,0.7905291899596252,0.9455889001356277,0.3009192684173334,0.2406251408805998,0.38620689655172413,0.18983050847457628,0.20467909347037472,0.1103448275862069,0.42105263157894735
oc_12_1000_2500_2.6_p019_0870_1.dat,8,34.179310344827584,0.7888010567534864,0.9453201578121937,0.30391717238719185,0.24618275339286144,0.43448275862068964,0.17847025495750707,0.1938998816110187,0.10344827586206896,0.40540540540540543
oc_12_1000_2500_2.6_p019_0870_1.dat,9,34.179310344827584,0.7988059595890875,0.947616177897822,0.30349421369395135,0.26481546164868636,0.41379310344827586,0.20833333333333334,0.18654138864443195,0.08275862068965517,0.46153846153846156
oc_12_1000_2500_2.6_p019_0870_1.dat,10,34.179310344827584,0.802624876781371,0.9487923936483043,0.30501742875346416,0.2669379190759736,0.45517241379310347,0.19469026548672566,0.20908247671349883,0.14482758620689656,0.3442622950819672
oc_12_1000_2500_2.6_p019_0870_1.dat,11,34.179310344827584,0.8042632005230423,0.9499044912600187,0.31253825781543343,0.2999448101961378,0.42758620689655175,0.248,0.1819280132233498,0.12413793103448276,0.3103448275862069
oc_12_1000_2500_2.6_p019_0870_1.dat,12,34.179310344827584,0.8129400050926285,0.9523663660720121,0.3097760876598894,0.28888165306389624,0.43448275862068964,0.22992700729927007,0.19598039854040583,0.1103448275862069,0.3902439024390244
oc_12_1000_2500_2.6_p019_0870_1.dat,13,34.179310344827584,0.8151882549532241,0.9531858818725647,0.30439753618697263,0.2918628407010399,0.41379310344827586,0.24390243902439024,0.13581611743178915,0.06896551724137931,0.3125
oc_12_1000_2500_2.6_p019_0870_1.dat,14,34.179310344827584,0.8153045707656162,0.9534315000260053,0.3085896880164548,0.2883512446835067,0.4413793103448276,0.22614840989399293,0.13581611743178915,0.06896551724137931,0.3125
oc_12_1000_2500_2.6_p019_0870_1.dat,15,34.179310344827584,0.8147868295051703,0.9532414123592324,0.31276900186123335,0.3073984603693977,0.42758620689655175,0.25833333333333336,0.11501980074322081,0.05517241379310345,0.2857142857142857
oc_12_1000_2500_2.6_p019_0870_1.dat,16,34.179310344827584,0.8146240774022522,0.953133423593413,0.3046233400100824,0.28364936383543604,0.42758620689655175,0.22627737226277372,0.11501980074322081,0.05517241379310345,0.2857142857142857
oc_12_1000_2500_2.6_p019_0870_1.dat,17,34.179310344827584,0.814972555567343,0.9532990681656152,0.30718427937374737,0.28315600814737546,0.3931034482758621,0.2425531914893617,0.11501980074322081,0.05517241379310345,0.2857142857142857
oc_12_1000_2500_2.6_p019_0870_1.dat,18,34.179310344827584,0.8162961492387121,0.9537279061718714,0.30128724594433054,0.28418614905985706,0.41379310344827586,0.23346303501945526,0.11501980074322081,0.05517241379310345,0.2857142857142857
oc_12_1000_2500_2.6_p019_0870_1.dat,19,34.179310344827584,0.8149551721975465,0.95327351488845,0.30061135930181204,0.2944102355381528,0.4068965517241379,0.251063829787234,0.11501980074322081,0.05517241379310345,0.2857142857142857
oc_12_1000_2500_2.6_p019_0870_1.dat,20,34.179310344827584,0.8152226569221293,0.9530435208782592,0.2967020581818949,0.2795364722854065,0.41379310344827586,0.22727272727272727,0.18813002972010234,0.10344827586206896,0.38461538461538464
oc_12_1000_2500_2.6_p019_0870_1.dat,21,34.179310344827584,0.8191769155138224,0.9541764297694507,0.2998509073963229,0.28878312184276417,0.4,0.24680851063829787,0.14111970237621382,0.06896551724137931,0.3333333333333333
oc_12_1000_2500_2.6_p019_0870_1.dat,22,34.179310344827584,0.8201307981612062,0.9546584610698599,0.299246613622537,0.28149016266789584,0.4068965517241379,0.233201581027668,0.16875609798883395,0.06896551724137931,0.45454545454545453
oc_12_1000_2500_2.6_p019_0870_1.dat,23,34.179310344827584,0.818694375707118,0.9542211412640466,0.2998255593219854,0.2892257257975174,0.4068965517241379,0.24380165289256198,0.16875609798883395,0.06896551724137931,0.45454545454545453
oc_12_1000_2500_2.6_p019_0870_1.dat,24,34.179310344827584,0.8189238531232345,0.954373733908384,0.2981225428487536,0.2781279502944858,0.4068965517241379,0.22868217054263565,0.16875609798883395,0.06896551724137931,0.45454545454545453
