Name,n_run,CI,LSR,BSL,HMS,MCC_5,TPR_5,PPV_5,MCC_9,TPR_9,PPV_9
oc_12_2500_2000_2.0_p019_0800_1.dat,1,11.71631205673759,0.28773949184483805,0.8471834913552705,0.3860295607168521,0.3956623137508999,0.7139479905437353,0.30109670987038883,0.3956623137508999,0.7139479905437353,0.30109670987038883
oc_12_2500_2000_2.0_p019_0800_1.dat,2,11.71631205673759,0.586866996970993,0.8974716490053913,0.47854131030896596,0.3670712528062983,0.7825059101654847,0.25286478227654696,0.5102290548857489,0.6146572104018913,0.497131931166348
oc_12_2500_2000_2.0_p019_0800_1.dat,3,11.71631205673759,0.6848968820558144,0.9170023341802482,0.5399473269746979,0.5101691650627882,0.7257683215130024,0.42937062937062936,0.5761980940810084,0.5791962174940898,0.6380208333333334
oc_12_2500_2000_2.0_p019_0800_1.dat,4,11.71631205673759,0.6940139931337879,0.9187232757018033,0.5492359317092947,0.4636570531244571,0.7730496453900709,0.35161290322580646,0.5763640911616309,0.5508274231678487,0.667621776504298
oc_12_2500_2000_2.0_p019_0800_1.dat,5,11.71631205673759,0.7114355333669797,0.9208403048893846,0.5394382706728597,0.5096308419157413,0.7186761229314421,0.43243243243243246,0.5853693746571097,0.5200945626477541,0.7213114754098361
oc_12_2500_2000_2.0_p019_0800_1.dat,6,11.71631205673759,0.7244454444802173,0.9239583978847783,0.5442457039558259,0.4806021306878638,0.7423167848699763,0.3843329253365973,0.5775035046575622,0.4846335697399527,0.7509157509157509
oc_12_2500_2000_2.0_p019_0800_1.dat,7,11.71631205673759,0.7241547771564473,0.9234437779573625,0.5525165727583087,0.514416727230446,0.7328605200945626,0.43115438108484005,0.5755741258161154,0.47754137115839246,0.7565543071161048
oc_12_2500_2000_2.0_p019_0800_1.dat,8,11.71631205673759,0.7335569209773452,0.9266185629299126,0.5577847600772334,0.4916706370724885,0.7375886524822695,0.4,0.5788093875450461,0.475177304964539,0.767175572519084
oc_12_2500_2000_2.0_p019_0800_1.dat,9,11.71631205673759,0.7367689342811472,0.9274338476792464,0.5592533125579667,0.5273974451207321,0.7257683215130024,0.4521354933726068,0.5758344185535639,0.46335697399527187,0.7777777777777778
oc_12_2500_2000_2.0_p019_0800_1.dat,10,11.71631205673759,0.7383821478523016,0.9286912065439673,0.5572496451806888,0.5170862708660343,0.7375886524822695,0.43213296398891965,0.5846875391966079,0.5390070921985816,0.6972477064220184
oc_12_2500_2000_2.0_p019_0800_1.dat,11,11.71631205673759,0.7443214066085644,0.9295792176185625,0.5595363089017632,0.5307496580516302,0.7210401891252955,0.45933734939759036,0.5982215160790707,0.5366430260047281,0.7275641025641025
oc_12_2500_2000_2.0_p019_0800_1.dat,12,11.71631205673759,0.7502597328874934,0.9312152713226333,0.5643810916289427,0.5258927023774412,0.735224586288416,0.4449213161659514,0.6036574459924425,0.5224586288416075,0.7568493150684932
oc_12_2500_2000_2.0_p019_0800_1.dat,13,11.71631205673759,0.7521604764984565,0.9324372339945723,0.5694856686357194,0.5437945186104455,0.723404255319149,0.4758942457231726,0.5993570423392512,0.5153664302600472,0.7569444444444444
oc_12_2500_2000_2.0_p019_0800_1.dat,14,11.71631205673759,0.7517227314285788,0.9320676402183852,0.5712744054701067,0.5338088852032371,0.7375886524822695,0.45414847161572053,0.6018150734752044,0.5153664302600472,0.7622377622377622
oc_12_2500_2000_2.0_p019_0800_1.dat,15,11.71631205673759,0.7529228187955898,0.9325830906199004,0.5708837064481775,0.54541374035513,0.7210401891252955,0.47955974842767296,0.5944101793346647,0.5059101654846335,0.7588652482269503
oc_12_2500_2000_2.0_p019_0800_1.dat,16,11.71631205673759,0.7544838384445737,0.9330047987544153,0.5714603747360796,0.5341365064887228,0.7328605200945626,0.45722713864306785,0.5956993407552883,0.5011820330969267,0.7681159420289855
oc_12_2500_2000_2.0_p019_0800_1.dat,17,11.71631205673759,0.7514186546439506,0.9318244538063248,0.5710318961474302,0.5411605876752432,0.7257683215130024,0.4708588957055215,0.5956993407552883,0.5011820330969267,0.7681159420289855
oc_12_2500_2000_2.0_p019_0800_1.dat,18,11.71631205673759,0.7505557262505324,0.9315949772664156,0.568647587034824,0.5300007379252636,0.7399527186761229,0.44778254649499283,0.5919640300987083,0.49645390070921985,0.7664233576642335
oc_12_2500_2000_2.0_p019_0800_1.dat,19,11.71631205673759,0.7510500067575785,0.9313283060882606,0.5714014716456337,0.5360835877733451,0.7304964539007093,0.46119402985074626,0.5926440873182842,0.4940898345153664,0.7712177121771218
oc_12_2500_2000_2.0_p019_0800_1.dat,20,11.71631205673759,0.7543734161828156,0.9322220672987545,0.5744422960359433,0.5338088852032371,0.7375886524822695,0.45414847161572053,0.5871301494158884,0.5295508274231678,0.7133757961783439
oc_12_2500_2000_2.0_p019_0800_1.dat,21,11.71631205673759,0.7559498338728828,0.9329246726266884,0.5753489620116248,0.5469831541103951,0.7281323877068558,0.47751937984496123,0.5901987388140659,0.524822695035461,0.7254901960784313
oc_12_2500_2000_2.0_p019_0800_1.dat,22,11.71631205673759,0.7574215471646776,0.9330945719426174,0.576700643683741,0.5403792715906776,0.7399527186761229,0.4616519174041298,0.5924907240262919,0.524822695035461,0.7302631578947368
oc_12_2500_2000_2.0_p019_0800_1.dat,23,11.71631205673759,0.7596077446937586,0.9336901786018652,0.5777732357459608,0.5411357422560649,0.7163120567375887,0.47641509433962265,0.5927905145716655,0.5177304964539007,0.7398648648648649
oc_12_2500_2000_2.0_p019_0800_1.dat,24,11.71631205673759,0.7579251443161705,0.9332773672305881,0.5755635707424833,0.5350066929466826,0.7281323877068558,0.46107784431137727,0.5939745492387057,0.5177304964539007,0.7423728813559322
