Name,n_run,CI,LSR,BSL,HMS,MCC_5,TPR_5,PPV_5,MCC_9,TPR_9,PPV_9
oc_12_5000_1500_1.5_p019_0900_1.dat,1,7.172214182344429,0.2877027311438157,0.8471754914113688,0.5510186445282355,0.5546744105564029,0.8900144717800289,0.43865905848787445,0.5546744105564029,0.8900144717800289,0.43865905848787445
oc_12_5000_1500_1.5_p019_0900_1.dat,2,7.172214182344429,0.5812556413812082,0.8983531078448734,0.6566537447145578,0.5280302641880171,0.9261939218523878,0.39530574428659665,0.6662681114560285,0.8176555716353111,0.6201975850713501
oc_12_5000_1500_1.5_p019_0900_1.dat,3,7.172214182344429,0.6274900873460202,0.9070893099580899,0.6915861600723445,0.6450853822486636,0.8929088277858177,0.5440917107583775,0.6960382893047681,0.8075253256150506,0.6714801444043321
oc_12_5000_1500_1.5_p019_0900_1.dat,4,7.172214182344429,0.6557509710641113,0.9121768195502037,0.6994960996731103,0.6116058613826352,0.9131693198263386,0.4921996879875195,0.7070974520897745,0.7872648335745297,0.7046632124352331
oc_12_5000_1500_1.5_p019_0900_1.dat,5,7.172214182344429,0.6717201276129088,0.9163166282982115,0.7154503920098134,0.6552596997191302,0.8972503617945007,0.554561717352415,0.7143208076120151,0.7771345875542692,0.7246963562753036
oc_12_5000_1500_1.5_p019_0900_1.dat,6,7.172214182344429,0.6835132961784078,0.919072073667434,0.7245066106617617,0.6309033751609683,0.9175108538350217,0.5129449838187702,0.7209171496509293,0.7742402315484804,0.7379310344827587
oc_12_5000_1500_1.5_p019_0900_1.dat,7,7.172214182344429,0.6841577470340712,0.9196575389497041,0.7226833073239485,0.6645032154631415,0.8958031837916064,0.5673693858845096,0.7194360984952937,0.768451519536903,0.7405857740585774
oc_12_5000_1500_1.5_p019_0900_1.dat,8,7.172214182344429,0.6922607313760198,0.9220133477952895,0.7320910962535809,0.6626413264482972,0.9276410998552822,0.546462063086104,0.7172434113642168,0.7597684515195369,0.7446808510638298
oc_12_5000_1500_1.5_p019_0900_1.dat,9,7.172214182344429,0.7009300635572389,0.9234139398828615,0.7342701800070225,0.6837737383520949,0.9131693198263386,0.5821033210332104,0.7162584061341977,0.7424023154848046,0.7588757396449705
oc_12_5000_1500_1.5_p019_0900_1.dat,10,7.172214182344429,0.7055961810798219,0.9247706746945281,0.7328393641132749,0.6709319340267934,0.9160636758321273,0.5636687444345503,0.7253999383522188,0.7959479015918958,0.726552179656539
oc_12_5000_1500_1.5_p019_0900_1.dat,11,7.172214182344429,0.7052587411655673,0.9244826844356764,0.7347636742844468,0.6892040463558703,0.9044862518089725,0.5946717411988582,0.7266604691436496,0.7916063675832128,0.7322623828647925
oc_12_5000_1500_1.5_p019_0900_1.dat,12,7.172214182344429,0.7109043921667452,0.9261567105444386,0.7368118114186557,0.6798735682742572,0.914616497829233,0.5761166818596172,0.7256287673168595,0.7829232995658466,0.73806275579809
oc_12_5000_1500_1.5_p019_0900_1.dat,13,7.172214182344429,0.714208596560935,0.9267978074968852,0.7355004885340632,0.6884827426312529,0.9059334298118669,0.5928030303030303,0.725257153858181,0.7814761215629522,0.7387140902872777
oc_12_5000_1500_1.5_p019_0900_1.dat,14,7.172214182344429,0.7158818611435648,0.9270056703396783,0.7379263092491868,0.6804348665614349,0.9160636758321273,0.5759781619654231,0.7268359411329843,0.7727930535455861,0.7489481065918654
oc_12_5000_1500_1.5_p019_0900_1.dat,15,7.172214182344429,0.7197962628855724,0.9270645180331739,0.7368000004539139,0.6872233993091545,0.9059334298118669,0.591123701605288,0.7247769545548755,0.7670043415340086,0.7507082152974505
oc_12_5000_1500_1.5_p019_0900_1.dat,16,7.172214182344429,0.7188852876335784,0.9268866488843633,0.7381498744508463,0.6826632824514098,0.91027496382055,0.5824074074074074,0.7188000633518594,0.7583212735166426,0.7485714285714286
oc_12_5000_1500_1.5_p019_0900_1.dat,17,7.172214182344429,0.7223525398079742,0.9276757172102895,0.7394408534658636,0.6947470037734209,0.9044862518089725,0.6021194605009634,0.7173287613325956,0.7496382054992764,0.7540029112081513
oc_12_5000_1500_1.5_p019_0900_1.dat,18,7.172214182344429,0.7245926422208344,0.9279613123542053,0.740018068271973,0.6863865211647862,0.9059334298118669,0.590009425070688,0.717261221753792,0.743849493487699,0.7592319054652881
oc_12_5000_1500_1.5_p019_0900_1.dat,19,7.172214182344429,0.7231285083270972,0.9274534513704971,0.7390768070692045,0.6922799089257523,0.9001447178002895,0.6015473887814313,0.7162584061341977,0.7424023154848046,0.7588757396449705
oc_12_5000_1500_1.5_p019_0900_1.dat,20,7.172214182344429,0.7248296706281185,0.9278816185585267,0.7393598915997768,0.6858390253208279,0.9044862518089725,0.5901794145420207,0.7235249752470004,0.7771345875542692,0.7396694214876033
oc_12_5000_1500_1.5_p019_0900_1.dat,21,7.172214182344429,0.7275477214223881,0.9286547509624238,0.7397558298841023,0.6954065334534955,0.9015918958031838,0.6048543689320388,0.7214260550948803,0.7713458755426917,0.741307371349096
oc_12_5000_1500_1.5_p019_0900_1.dat,22,7.172214182344429,0.7291725617648797,0.9288794459721903,0.7427027306749963,0.6899921472858079,0.9088277858176556,0.5930122757318225,0.7234996953105644,0.7670043415340086,0.748587570621469
oc_12_5000_1500_1.5_p019_0900_1.dat,23,7.172214182344429,0.7293874046225353,0.9290983083846317,0.7423932858591951,0.6964715334556247,0.9044862518089725,0.6044487427466151,0.719157518322871,0.7597684515195369,0.7478632478632479
oc_12_5000_1500_1.5_p019_0900_1.dat,24,7.172214182344429,0.7290152527552756,0.9289728567774432,0.7429530938249602,0.6891532614501295,0.9088277858176556,0.5918944392082941,0.71815925977781,0.7583212735166426,0.7475035663338089
