Name,n_run,CI,LSR,BSL,HMS,MCC_5,TPR_5,PPV_5,MCC_9,TPR_9,PPV_9
oc_12_5000_4000_4.0_p019_0880_1.dat,1,14.200573065902578,0.44771685996473554,0.8819981149858624,0.482148917265837,0.44171873850752175,0.7449856733524355,0.32622333751568383,0.44171873850752175,0.7449856733524355,0.32622333751568383
oc_12_5000_4000_4.0_p019_0880_1.dat,2,14.200573065902578,0.624144661457731,0.9071159283694628,0.545820385899848,0.35628762476145676,0.7793696275071633,0.23129251700680273,0.5490961518207974,0.6848137535816619,0.4968814968814969
oc_12_5000_4000_4.0_p019_0880_1.dat,3,14.200573065902578,0.6972757158125572,0.924473766886585,0.5802075652909655,0.5366033056876467,0.7449856733524355,0.44293015332197616,0.5863289436127755,0.6361031518624641,0.5935828877005348
oc_12_5000_4000_4.0_p019_0880_1.dat,4,14.200573065902578,0.7200152156488067,0.9297714420358153,0.586714465610648,0.49287640734294264,0.7679083094555874,0.3758765778401122,0.5800375502965464,0.5816618911174785,0.632398753894081
oc_12_5000_4000_4.0_p019_0880_1.dat,5,14.200573065902578,0.7543060713517853,0.9368444863336475,0.5886662939592302,0.5582287254681766,0.7220630372492837,0.4864864864864865,0.5957403330458036,0.5358166189111748,0.7137404580152672
oc_12_5000_4000_4.0_p019_0880_1.dat,6,14.200573065902578,0.7720740858138663,0.9407110692219081,0.5913508692046296,0.5409705442843277,0.7421203438395415,0.4504347826086956,0.6043565852798465,0.5128939828080229,0.7617021276595745
oc_12_5000_4000_4.0_p019_0880_1.dat,7,14.200573065902578,0.7730740497628513,0.9412529573563638,0.5960137875850129,0.5575414858019909,0.7277936962750716,0.4819734345351044,0.6043565852798465,0.5128939828080229,0.7617021276595745
oc_12_5000_4000_4.0_p019_0880_1.dat,8,14.200573065902578,0.783852304567793,0.9439414467483506,0.601652603469371,0.5569622371673638,0.7392550143266475,0.4742647058823529,0.6070765075428278,0.49283667621776506,0.7962962962962963
oc_12_5000_4000_4.0_p019_0880_1.dat,9,14.200573065902578,0.7820763495215732,0.9437567633609104,0.6062668754152643,0.5762531379446815,0.7249283667621776,0.5111111111111111,0.6003013728555717,0.48424068767908307,0.7934272300469484
oc_12_5000_4000_4.0_p019_0880_1.dat,10,14.200573065902578,0.7779088413274778,0.9429010367577757,0.6053068819948427,0.5613323135927816,0.7363896848137536,0.4821763602251407,0.5960881015807321,0.5673352435530086,0.678082191780822
oc_12_5000_4000_4.0_p019_0880_1.dat,11,14.200573065902578,0.7810474784393818,0.9442020236639378,0.6139075704428678,0.5883471649691914,0.7249283667621776,0.5292887029288703,0.5936815813513348,0.5530085959885387,0.6892857142857143
oc_12_5000_4000_4.0_p019_0880_1.dat,12,14.200573065902578,0.7845413537664429,0.9456579222955284,0.6225069885179191,0.5907399529441661,0.7392550143266475,0.5233265720081136,0.5917836124788338,0.5472779369627507,0.6920289855072463
oc_12_5000_4000_4.0_p019_0880_1.dat,13,14.200573065902578,0.785862652275006,0.9461343267766816,0.6183062975121707,0.5953237837225772,0.7220630372492837,0.5419354838709678,0.5920865569343324,0.5444126074498568,0.6959706959706959
oc_12_5000_4000_4.0_p019_0880_1.dat,14,14.200573065902578,0.787521340655375,0.9464752159110581,0.6160894171585696,0.5910027146344053,0.7277936962750716,0.5313807531380753,0.5905618949412741,0.5358166189111748,0.7030075187969925
oc_12_5000_4000_4.0_p019_0880_1.dat,15,14.200573065902578,0.7885985607829447,0.946875274897895,0.6149382858073484,0.5921024829489866,0.7048710601719198,0.5491071428571429,0.5917501528811406,0.5272206303724928,0.7159533073929961
oc_12_5000_4000_4.0_p019_0880_1.dat,16,14.200573065902578,0.7907209007198828,0.9476812853440151,0.6165103824412361,0.5949040547435194,0.7191977077363897,0.5432900432900433,0.5926764198458466,0.5214899713467048,0.7250996015936255
oc_12_5000_4000_4.0_p019_0880_1.dat,17,14.200573065902578,0.7922933809937732,0.9483590919319438,0.6280944763190477,0.5972627795849255,0.7020057306590258,0.5593607305936074,0.5909518141750185,0.5157593123209169,0.728744939271255
oc_12_5000_4000_4.0_p019_0880_1.dat,18,14.200573065902578,0.7925478471545067,0.9483738844090713,0.6264894933981361,0.6010580812061165,0.7191977077363897,0.552863436123348,0.5923310642044205,0.5157593123209169,0.7317073170731707
oc_12_5000_4000_4.0_p019_0880_1.dat,19,14.200573065902578,0.7935779882548168,0.9482931745256787,0.6232497979157969,0.6008318887517031,0.7048710601719198,0.562929061784897,0.5878539792188057,0.5100286532951289,0.7295081967213115
oc_12_5000_4000_4.0_p019_0880_1.dat,20,14.200573065902578,0.7941432150427119,0.9486154571159283,0.6278177205463631,0.6018872602822162,0.7134670487106017,0.5582959641255605,0.5980572470769089,0.5472779369627507,0.7047970479704797
oc_12_5000_4000_4.0_p019_0880_1.dat,21,14.200573065902578,0.793849965473004,0.9487023964471116,0.625181418083482,0.5941383252812436,0.6962750716332379,0.5586206896551724,0.599331830517249,0.5472779369627507,0.7074074074074074
oc_12_5000_4000_4.0_p019_0880_1.dat,22,14.200573065902578,0.7922220091756071,0.9480807128780738,0.6205016952638345,0.5987324791568797,0.7191977077363897,0.5492341356673961,0.6031963982968117,0.5472779369627507,0.7153558052434457
oc_12_5000_4000_4.0_p019_0880_1.dat,23,14.200573065902578,0.7927728111723336,0.9483057143722529,0.6223904690769457,0.5972627795849255,0.7020057306590258,0.5593607305936074,0.5988267296206189,0.5415472779369628,0.7132075471698113
oc_12_5000_4000_4.0_p019_0880_1.dat,24,14.200573065902578,0.7940286446272765,0.9485348596711698,0.6221019934694128,0.5906025104301555,0.7106017191977078,0.5426695842450766,0.5988267296206189,0.5415472779369628,0.7132075471698113
