Name,n_run,CI,LSR,BSL,HMS,MCC_5,TPR_5,PPV_5,MCC_9,TPR_9,PPV_9
oc_12_2500_3500_3.5_p019_0920_1.dat,1,28.982456140350877,0.4396466432799806,0.8802418568363566,0.10640685677243034,0.13716364105520507,0.3391812865497076,0.1037567084078712,0.13716364105520507,0.3391812865497076,0.1037567084078712
oc_12_2500_3500_3.5_p019_0920_1.dat,2,28.982456140350877,0.730889428499361,0.9303198751706652,0.23135025551445754,0.184716472085448,0.5263157894736842,0.10909090909090909,0.24932727645420635,0.2573099415204678,0.2894736842105263
oc_12_2500_3500_3.5_p019_0920_1.dat,3,28.982456140350877,0.8092169626470521,0.9484862275968186,0.28501204391602897,0.28469671055990065,0.391812865497076,0.2518796992481203,0.40772240101499496,0.24561403508771928,0.711864406779661
oc_12_2500_3500_3.5_p019_0920_1.dat,4,28.982456140350877,0.8216815616864489,0.9554685976204408,0.29285883601572293,0.2745816859980323,0.4327485380116959,0.21893491124260356,0.39470307388920883,0.23391812865497075,0.7017543859649122
oc_12_2500_3500_3.5_p019_0920_1.dat,5,28.982456140350877,0.8321527659603067,0.9582992003120734,0.30005206044168165,0.32518302533922894,0.36257309941520466,0.33513513513513515,0.3928585200611274,0.19883040935672514,0.8095238095238095
oc_12_2500_3500_3.5_p019_0920_1.dat,6,28.982456140350877,0.8387193495878253,0.9602431571419283,0.31430128406865065,0.3100412207373668,0.4152046783625731,0.2751937984496124,0.38036974372732013,0.17543859649122806,0.8571428571428571
oc_12_2500_3500_3.5_p019_0920_1.dat,7,28.982456140350877,0.8374685670842451,0.9605052085199206,0.32595737689680293,0.36460722712883353,0.36257309941520466,0.40789473684210525,0.38036974372732013,0.17543859649122806,0.8571428571428571
oc_12_2500_3500_3.5_p019_0920_1.dat,8,28.982456140350877,0.837609361213377,0.9605489321240491,0.3270750368752572,0.33747643785454395,0.391812865497076,0.3333333333333333,0.37294776106456834,0.1695906432748538,0.8529411764705882
oc_12_2500_3500_3.5_p019_0920_1.dat,9,28.982456140350877,0.8368405837465571,0.9606368607733928,0.32581752193763824,0.3464925372085811,0.3567251461988304,0.37888198757763975,0.37294776106456834,0.1695906432748538,0.8529411764705882
oc_12_2500_3500_3.5_p019_0920_1.dat,10,28.982456140350877,0.8392793866734397,0.9620421299005266,0.3437437058527445,0.35148656400645323,0.3742690058479532,0.37209302325581395,0.3970398323000184,0.21052631578947367,0.782608695652174
oc_12_2500_3500_3.5_p019_0920_1.dat,11,28.982456140350877,0.8429776822951986,0.9632249942372821,0.34806888932094837,0.3737967997632196,0.3333333333333333,0.4596774193548387,0.37131208518863684,0.18128654970760233,0.7948717948717948
oc_12_2500_3500_3.5_p019_0920_1.dat,12,28.982456140350877,0.8403883289305323,0.9626609128145114,0.3532927649476386,0.34531160595611216,0.36257309941520466,0.3712574850299401,0.3876616548512729,0.18128654970760233,0.8611111111111112
oc_12_2500_3500_3.5_p019_0920_1.dat,13,28.982456140350877,0.8402674610539258,0.9626562242126899,0.3449789474124224,0.34150344270061755,0.34502923976608185,0.38064516129032255,0.3876616548512729,0.18128654970760233,0.8611111111111112
oc_12_2500_3500_3.5_p019_0920_1.dat,14,28.982456140350877,0.8417527434818554,0.963122405193792,0.34590660333115764,0.33424578246209324,0.3508771929824561,0.3614457831325301,0.38036974372732013,0.17543859649122806,0.8571428571428571
oc_12_2500_3500_3.5_p019_0920_1.dat,15,28.982456140350877,0.843807010954319,0.9637812886028216,0.35432739120686096,0.3687669767539767,0.3333333333333333,0.44881889763779526,0.37294776106456834,0.1695906432748538,0.8529411764705882
oc_12_2500_3500_3.5_p019_0920_1.dat,16,28.982456140350877,0.8418126163378284,0.9633938584942462,0.356961635630899,0.36094040428172125,0.3567251461988304,0.4066666666666667,0.37294776106456834,0.1695906432748538,0.8529411764705882
oc_12_2500_3500_3.5_p019_0920_1.dat,17,28.982456140350877,0.8421811749265006,0.9634191197561185,0.35958109941011995,0.3561500107443653,0.3333333333333333,0.4222222222222222,0.37294776106456834,0.1695906432748538,0.8529411764705882
oc_12_2500_3500_3.5_p019_0920_1.dat,18,28.982456140350877,0.8438885317027329,0.9638448831771762,0.3543596352004542,0.3507551849827334,0.34502923976608185,0.39864864864864863,0.37294776106456834,0.1695906432748538,0.8529411764705882
oc_12_2500_3500_3.5_p019_0920_1.dat,19,28.982456140350877,0.8446484001650489,0.9640802292139761,0.3520844084477639,0.3701211953932786,0.32748538011695905,0.45901639344262296,0.37294776106456834,0.1695906432748538,0.8529411764705882
oc_12_2500_3500_3.5_p019_0920_1.dat,20,28.982456140350877,0.8450102773967395,0.9641486249268578,0.3623733049925676,0.37081506020716737,0.3391812865497076,0.4461538461538462,0.40188069039653107,0.19298245614035087,0.868421052631579
oc_12_2500_3500_3.5_p019_0920_1.dat,21,28.982456140350877,0.8455437381547434,0.9642415967752422,0.3649148787174499,0.3774403708501038,0.3391812865497076,0.4603174603174603,0.40188069039653107,0.19298245614035087,0.868421052631579
oc_12_2500_3500_3.5_p019_0920_1.dat,22,28.982456140350877,0.8453048745455658,0.9640096104402717,0.36413830457679763,0.3760885728523254,0.34502923976608185,0.45038167938931295,0.40188069039653107,0.19298245614035087,0.868421052631579
oc_12_2500_3500_3.5_p019_0920_1.dat,23,28.982456140350877,0.8445764809825895,0.963825449831372,0.3611187956944032,0.36991422354790704,0.3216374269005848,0.4661016949152542,0.40188069039653107,0.19298245614035087,0.868421052631579
oc_12_2500_3500_3.5_p019_0920_1.dat,24,28.982456140350877,0.8440463161484093,0.963441096157597,0.3623916977751339,0.3636135337897522,0.34502923976608185,0.4244604316546763,0.3876616548512729,0.18128654970760233,0.8611111111111112
