Name,CI,LSR,BSL,HMS,MCC_5,TPR_5,PPV_5,MCC_9,TPR_9,PPV_9
1.00_1.31_8.35_53.01_9.61.dat,1.0,0.7572829611606686,0.9433473716216216,0.8629573573573571,0.8849477555881375,1.0,0.891566265060241,0.8971499589146108,1.0,0.9024390243902439
1.00_2.65_10.68_37.88_45.07.dat,1.0,0.8347091286689787,0.9662162162162162,0.8923550703875283,0.9331996211065261,0.9864864864864865,0.948051948051948,0.9331996211065261,0.9864864864864865,0.948051948051948
10.00_1.79_9.26_24.89_96.49.dat,10.0,0.909872616895724,0.9757175196560196,0.939660302432887,0.8465629471099356,0.9864864864864865,0.7525773195876289,0.8961024979576158,0.9594594594594594,0.8554216867469879
10.00_7.49_4.56_48.53_74.08.dat,10.0,0.905098643314189,0.9719621191646192,0.9308738465152125,0.8189492482128911,0.972972972972973,0.72,0.8941795332654086,0.9459459459459459,0.8641975308641975
100.00_4.51_5.21_22.99_1.70.dat,100.0,0.9068398951145423,0.9738654008563018,0.6740900483576084,0.14312035371212917,0.28378378378378377,0.08786610878661087,0.043966132050520274,0.04054054054054054,0.06521739130434782
101.00_0.85_0.38_3.08_19.93.dat,101.0,0.9510871650174897,0.9878186403020668,0.8201817168376064,0.23972226730802537,0.2702702702702703,0.22727272727272727,-0.0011453867059249899,0.0,0.0
102.00_6.47_6.17_2.56_9.35.dat,102.0,0.9601183676329913,0.9895225952505904,0.9074724384246732,0.4943458358155102,0.7297297297297297,0.34394904458598724,-0.0016041221153000186,0.0,0.0
103.00_0.13_0.92_41.41_10.35.dat,103.0,0.9589664494322858,0.9909389591995842,0.9680008167024824,0.7087694630823947,0.9864864864864865,0.5140845070422535,0.3850447909939508,0.16216216216216217,0.9230769230769231
103.00_0.55_1.45_13.42_0.67.dat,103.0,0.9194395660315356,0.9817154116424116,0.4176310945206668,0.05649836389265254,0.06756756756756757,0.0641025641025641,-0.0025123201646275336,0.0,0.0
104.00_0.00_4.03_32.13_5.55.dat,104.0,0.9711618942948046,0.9946175293436293,0.7616318088352894,0.669241194119423,0.7702702702702703,0.5876288659793815,0.5676537930947632,0.32432432432432434,1.0
105.00_1.36_0.00_8.68_4.15.dat,105.0,0.9274294875684328,0.9807769371494136,0.6171417022828372,-0.012619212114740569,0.0,0.0,-0.002700090657065742,0.0,0.0
106.00_0.00_2.68_29.45_20.98.dat,106.0,0.9690163140912765,0.9936950838595605,0.811504991169149,0.6512859258632114,0.8378378378378378,0.512396694214876,0.8699614012788105,0.7972972972972973,0.9516129032258065
106.00_0.45_7.36_30.11_9.13.dat,106.0,0.9517621886230485,0.9893549218236929,0.6972453485888863,0.357056392272711,0.3918918918918919,0.3372093023255814,0.0,0.0,0.0
107.00_1.46_1.03_17.91_2.52.dat,107.0,0.9275453690957176,0.9845416889389389,0.6606559772218811,0.03524474811599616,0.02702702702702703,0.0625,0.0,0.0,0.0
108.00_0.00_1.97_1.80_6.07.dat,108.0,0.9514938413709447,0.9889446542276221,0.7543963980975001,0.02214811809640285,0.013513513513513514,0.05263157894736842,0.0,0.0,0.0
109.00_1.44_4.40_4.14_16.40.dat,109.0,0.9690989211345092,0.9943065057739557,0.9207193180131668,0.749187326794637,0.8243243243243243,0.6853932584269663,0.0,0.0,0.0
109.00_2.45_0.97_30.43_1.85.dat,109.0,0.9639287998899845,0.9921487762899263,0.6908634304790469,0.5436962358344141,0.7162162162162162,0.42063492063492064,0.5709039225784706,0.36486486486486486,0.9
11.00_4.88_9.02_7.94_27.55.dat,11.0,0.9048199915203395,0.9731886497747748,0.9218218440579281,0.819652391981435,0.9864864864864865,0.7087378640776699,0.8889931527936639,0.9459459459459459,0.8536585365853658
110.00_0.07_2.83_1.88_34.57.dat,110.0,0.970596216567261,0.9937131327002678,0.9137741369167474,0.6463849362163698,0.8783783783783784,0.48148148148148145,0.2694662198756853,0.0945945945945946,0.7777777777777778
110.00_5.54_0.00_13.69_37.78.dat,110.0,0.973804931670358,0.9954298427075724,0.8767500766627544,0.7572117384249473,0.8918918918918919,0.6470588235294118,0.7533907111340068,0.6081081081081081,0.9375
111.00_0.00_2.08_4.65_13.14.dat,111.0,0.9643506588696243,0.9914129175916988,0.904500895768602,0.371565615402553,0.4189189189189189,0.34065934065934067,-0.001474623137708175,0.0,0.0
112.00_4.91_2.09_9.29_28.55.dat,112.0,0.9614119385816299,0.9920140538148768,0.8653418516454665,0.5918667001698242,0.7432432432432432,0.4782608695652174,0.16368951821422698,0.02702702702702703,1.0
112.00_5.20_2.60_12.26_13.54.dat,112.0,0.9756966522060352,0.9958311286773499,0.8844799465985709,0.7493633217217638,0.8783783783783784,0.6435643564356436,0.7470220612645037,0.6216216216216216,0.9019607843137255
113.00_0.00_0.96_7.64_11.08.dat,113.0,0.9638547949128822,0.9918718725699384,0.7330054917574325,0.5393600490252717,0.7702702702702703,0.38513513513513514,0.5872458234964865,0.40540540540540543,0.8571428571428571
114.00_0.78_2.63_1.32_16.68.dat,114.0,0.9607882674622223,0.9904041528789659,0.852419874219667,0.2745952090020924,0.32432432432432434,0.24489795918367346,0.0,0.0,0.0
115.00_0.00_0.87_2.88_2.07.dat,115.0,0.9557738087367964,0.9878962405638397,0.8662411158884604,0.3333020077820659,0.527027027027027,0.2215909090909091,-0.002663988800979967,0.0,0.0
115.00_2.38_3.32_1.36_5.93.dat,115.0,0.9614206061612571,0.9900534150745574,0.9069419757572964,0.3688194986082361,0.5135135135135135,0.2753623188405797,0.0,0.0,0.0
116.00_0.00_0.30_13.40_22.52.dat,116.0,0.972684359907173,0.9947396203511204,0.9421194142293048,0.6998683327240712,0.9459459459459459,0.5223880597014925,0.0,0.0,0.0
116.00_0.00_6.30_15.40_2.82.dat,116.0,0.976403717681719,0.9957943531993532,0.9211511232349592,0.6647701432471494,0.6351351351351351,0.7014925373134329,0.0,0.0,0.0
116.00_2.77_2.71_13.53_43.39.dat,116.0,0.9398841253379535,0.9855949528759529,0.9059422944774786,0.48893057267768913,0.8243243243243243,0.2975609756097561,0.44323342317656145,0.43243243243243246,0.463768115942029
117.00_3.94_5.31_12.50_5.67.dat,117.0,0.908173074431481,0.9764232584745762,0.45321911106183255,-0.011541459924850199,0.0,0.0,-0.003429568247964014,0.0,0.0
118.00_0.00_0.55_15.53_12.18.dat,118.0,0.9656096134433345,0.9929745690438337,0.9277654490831242,0.568884909698689,0.6891891891891891,0.4766355140186916,0.0,0.0,0.0
118.00_0.98_0.71_7.33_1.22.dat,118.0,0.9356305451504578,0.9856069948898478,0.53866284302886,-0.0077517501551685975,0.0,0.0,-0.004166296988504532,0.0,0.0
119.00_1.18_1.32_14.60_2.11.dat,119.0,0.9647739653496272,0.9913819653153153,0.8968236089141041,0.40845038358572233,0.5540540540540541,0.3106060606060606,0.0,0.0,0.0
12.00_4.88_5.43_54.59_12.08.dat,12.0,0.9131010253779774,0.9725942318087318,0.9664783592012282,0.7830984435362566,0.9864864864864865,0.6517857142857143,0.9567184981702812,0.972972972972973,0.9473684210526315
120.00_0.02_4.30_8.59_15.24.dat,120.0,0.939327557628376,0.9849162000223364,0.6782544324290242,0.2999303983850332,0.47297297297297297,0.20114942528735633,0.05993116671544583,0.04054054054054054,0.10344827586206896
120.00_5.09_6.15_3.72_27.57.dat,120.0,0.9744465970425537,0.9959027884744248,0.9385566970561885,0.8257990908767702,0.8918918918918919,0.7674418604651163,0.44873690054050713,0.20270270270270271,1.0
121.00_0.07_1.44_11.78_3.75.dat,121.0,0.9403370698231085,0.9855046319229065,0.7657052059123338,0.19817121653356093,0.2972972972972973,0.14473684210526316,-0.00165746488762572,0.0,0.0
122.00_0.00_1.67_7.31_6.41.dat,122.0,0.9687574678924344,0.9928900870138431,0.8967043997419865,0.4129883801029755,0.4864864864864865,0.36,0.0,0.0,0.0
122.00_0.00_8.26_10.77_24.46.dat,122.0,0.9487788812397621,0.9875597109426499,0.8548342312009388,0.3106606155368587,0.4594594594594595,0.22077922077922077,0.02188021387116226,0.013513513513513514,0.05
123.00_0.54_2.42_28.12_6.02.dat,123.0,0.9662642032285411,0.9938504778770706,0.9118838768503009,0.7729885380917886,0.8918918918918919,0.673469387755102,0.1637525929779374,0.02702702702702703,1.0
124.00_3.86_2.05_11.88_4.79.dat,124.0,0.9300236515520602,0.984968029081081,0.5643208820293456,0.008635589407459067,0.013513513513513514,0.017857142857142856,0.0,0.0,0.0
125.00_0.48_1.61_10.04_6.96.dat,125.0,0.9648380696751573,0.9914260292792793,0.9643653591971081,0.6035362143076741,0.9864864864864865,0.37435897435897436,0.1157916291606383,0.013513513513513514,1.0
126.00_0.15_1.54_8.86_29.97.dat,126.0,0.9412946240549793,0.9875640009576505,0.003759029699787253,-0.008043905767286478,0.0,0.0,0.0,0.0,0.0
127.00_4.55_2.77_16.27_9.69.dat,127.0,0.9505546728360392,0.9910803380489864,0.0017133560038495865,-0.003413992026906977,0.0,0.0,0.0,0.0,0.0
128.00_0.21_1.18_27.07_14.12.dat,128.0,0.9673451580340211,0.9928867274250995,0.9414249581464105,0.6278693734871338,0.9459459459459459,0.42168674698795183,0.6773023211644933,0.4864864864864865,0.9473684210526315
129.00_0.00_1.69_9.42_8.72.dat,129.0,0.9654084832112576,0.99263328991684,0.6595960056761766,0.5193597157030836,0.6891891891891891,0.3984375,0.3265670891620959,0.16216216216216217,0.6666666666666666
13.00_6.08_9.79_33.18_20.56.dat,13.0,0.8748652982154249,0.9589584951737452,0.8984357144149798,0.6875165780494593,1.0,0.5103448275862069,0.6841038349210586,0.5945945945945946,0.8301886792452831
130.00_2.12_2.68_25.82_15.07.dat,130.0,0.965824679823639,0.9938346678357747,0.4546062773364924,0.4829599496910781,0.5,0.47435897435897434,0.5575920884677493,0.33783783783783783,0.9259259259259259
131.00_0.87_2.55_1.26_0.41.dat,131.0,0.9581125888712868,0.9905693873873874,0.7796295692424723,-0.005163665959434538,0.0,0.0,0.0,0.0,0.0
131.00_1.87_0.33_16.05_0.79.dat,131.0,0.9758722191268097,0.9956174328419328,0.9098102986875085,0.6988266419414023,0.8513513513513513,0.5779816513761468,0.0,0.0,0.0
131.00_6.32_0.87_9.78_0.00.dat,131.0,0.9477414501951498,0.9897391266380017,0.00288250053482475,-0.0058771694892009296,0.0,0.0,0.0,0.0,0.0
132.00_1.31_3.98_6.22_1.14.dat,132.0,0.9724277680062604,0.9941411877667141,0.9281262827561667,0.3174803750115622,0.2972972972972973,0.3492063492063492,0.0,0.0,0.0
132.00_2.82_2.60_18.82_0.64.dat,132.0,0.9655564562956641,0.9919385530380004,0.9486549192585761,0.5437524651286346,0.8648648648648649,0.34782608695652173,0.0,0.0,0.0
133.00_0.64_0.94_5.09_3.30.dat,133.0,0.9626927449869827,0.9907015781565147,0.9026759799679821,0.4544785794426534,0.6891891891891891,0.3072289156626506,0.0,0.0,0.0
134.00_0.10_2.85_4.89_27.70.dat,134.0,0.9398004313317115,0.9866396866866867,0.6434273288187367,0.1257761701770514,0.16216216216216217,0.11009174311926606,-0.003869145123446162,0.0,0.0
134.00_0.40_1.36_8.83_20.14.dat,134.0,0.9710625676961743,0.9940781669669669,0.8058295620747318,0.5632375164655534,0.7162162162162162,0.4491525423728814,0.32770918198048365,0.10810810810810811,1.0
135.00_3.57_0.00_2.94_1.61.dat,135.0,-1.253276073503664,0.5118243243243243,0.1949636678695833,0.08683943983634576,1.0,0.014838580308802888,0.08683943983634576,1.0,0.014838580308802888
136.00_1.95_0.87_9.37_26.93.dat,136.0,0.9707223654934141,0.9943297434405208,0.9288464881357147,0.7180635542148165,0.8783783783783784,0.5909090909090909,0.0,0.0,0.0
136.00_4.21_0.22_3.50_6.15.dat,136.0,0.9746094836438014,0.9953580011836655,0.8631084783635474,0.6290914977118736,0.7162162162162162,0.5578947368421052,0.11582831297320532,0.013513513513513514,1.0
137.00_0.00_1.05_2.63_7.18.dat,137.0,0.9329198603238982,0.9817699507442225,0.7192618013443836,-0.010360608425945602,0.0,0.0,-0.0029304225900818473,0.0,0.0
137.00_0.00_3.02_15.97_20.50.dat,137.0,0.9594665347080931,0.991484758813161,0.7228080841068312,0.23996035357657178,0.22972972972972974,0.26153846153846155,-0.0022375988589767738,0.0,0.0
137.00_2.80_1.27_6.21_3.49.dat,137.0,0.9658520425627934,0.991918615746181,0.9016866273269347,0.37898344673315987,0.5,0.296,0.0,0.0,0.0
138.00_0.58_1.89_9.93_2.99.dat,138.0,0.9660989716968893,0.9925699545984834,0.7784583673301448,0.5499064609473695,0.7702702702702703,0.3986013986013986,0.3784260507999388,0.20270270270270271,0.7142857142857143
139.00_0.00_0.83_9.16_1.78.dat,139.0,0.9541629479581921,0.9886274705598456,0.7987550996272914,0.0631623648603108,0.08108108108108109,0.061855670103092786,0.0,0.0,0.0
14.00_9.99_9.25_46.28_11.15.dat,14.0,0.8939225731787646,0.9657446009009009,0.8863440891281853,0.6991169159962908,0.972972972972973,0.5373134328358209,0.7150256227737654,0.581081081081081,0.9148936170212766
140.00_0.00_0.18_1.88_2.78.dat,140.0,0.9647978185178688,0.9919327193789534,0.8778479607633635,0.33875164427443294,0.3918918918918919,0.3020833333333333,0.0,0.0,0.0
141.00_0.00_2.49_3.04_16.31.dat,141.0,0.9655322254853583,0.9924394955272173,0.8582183636250991,0.3100186714974195,0.33783783783783783,0.29411764705882354,0.0,0.0,0.0
142.00_4.78_2.70_17.94_5.53.dat,142.0,0.9619505387104231,0.9914888647703648,0.8439217590871426,0.10031706036166523,0.08108108108108109,0.13636363636363635,0.0,0.0,0.0
143.00_0.34_0.00_5.14_16.08.dat,143.0,0.957587545121933,0.9910962015765766,0.7170634419275058,-0.00486878921816001,0.0,0.0,0.0,0.0,0.0
144.00_3.18_2.92_3.02_22.39.dat,144.0,0.968385149491614,0.9933575413793103,0.8397897420004693,0.21378685809964418,0.17567567567567569,0.2708333333333333,0.0,0.0,0.0
145.00_0.00_5.22_18.31_8.79.dat,145.0,0.9729883011666327,0.9955406104220659,0.933295198078153,0.7587608454934464,0.918918918918919,0.6296296296296297,0.3066065796786365,0.0945945945945946,1.0
146.00_0.00_0.32_15.48_6.47.dat,146.0,0.9759794668452014,0.9958163753447324,0.8892223554790781,0.673251209445762,0.7972972972972973,0.5728155339805825,0.0,0.0,0.0
146.00_0.00_1.40_15.82_2.23.dat,146.0,0.9490967975204858,0.9898424521970951,0.003930723294749083,-0.0061634759932999005,0.0,0.0,0.0,0.0,0.0
146.00_0.70_3.08_26.42_5.10.dat,146.0,0.9740596537755166,0.9952543926273212,0.8740827104720648,0.6449355858116527,0.8783783783783784,0.47794117647058826,0.6525581140187203,0.527027027027027,0.8125
147.00_0.16_0.55_28.02_0.00.dat,147.0,0.9612001083383579,0.9914641923849525,0.8565385202939297,0.4487821392665065,0.6081081081081081,0.3383458646616541,-0.0020858470988071825,0.0,0.0
147.00_1.10_3.45_16.40_2.82.dat,147.0,0.9513622064832026,0.9904587384039445,0.0019710667505957735,-0.005859616616953132,0.0,0.0,0.0,0.0,0.0
148.00_1.58_5.89_40.00_4.82.dat,148.0,0.9783996332036149,0.9965902393433702,0.9066374802335707,0.7070798671437466,0.8648648648648649,0.5818181818181818,0.7265128384359698,0.5675675675675675,0.9333333333333333
149.00_0.00_0.88_26.55_26.10.dat,149.0,0.9778845842955468,0.9968166614414414,0.9899779083244326,0.8349505998791427,0.9864864864864865,0.7087378640776699,0.6272779758884848,0.43243243243243246,0.9142857142857143
15.00_3.20_2.70_85.33_15.91.dat,15.0,0.9116505439124835,0.9718524738175676,0.9289051081129512,0.740177181486774,0.9864864864864865,0.584,0.8721697623780796,0.8243243243243243,0.9384615384615385
15.00_3.39_10.29_66.64_48.48.dat,15.0,0.9126892670381981,0.971726387668919,0.9521819270035882,0.7351957701951368,1.0,0.5692307692307692,0.8428336015444514,0.8108108108108109,0.8955223880597015
150.00_3.55_0.53_9.16_24.58.dat,150.0,0.968436888175301,0.9928558330946841,0.8970193693688341,0.41046938485745643,0.5675675675675675,0.30434782608695654,0.0,0.0,0.0
151.00_0.00_0.00_18.98_3.16.dat,151.0,0.9707820464905152,0.9942391523826458,0.8996283653849845,0.5574776671629734,0.6486486486486487,0.48484848484848486,0.0,0.0,0.0
151.00_4.10_0.00_2.11_12.58.dat,151.0,0.9750778652320765,0.995395488086771,0.9495534772885631,0.6908473234529156,0.918918918918919,0.5230769230769231,0.11586976497863974,0.013513513513513514,1.0
152.00_4.22_1.50_11.08_6.57.dat,152.0,0.962842497391496,0.9917141818583289,0.8931997322297691,0.40600708099360006,0.5675675675675675,0.2978723404255319,0.0,0.0,0.0
153.00_0.00_0.56_28.71_6.48.dat,153.0,0.9746798123677675,0.9954696081958582,0.9560282652950067,0.7142424642417649,0.9459459459459459,0.5426356589147286,0.5118581314769337,0.33783783783783783,0.78125
153.00_0.92_0.48_22.06_9.77.dat,153.0,0.9695842274109001,0.9937661083713584,0.9020828274695133,0.5836493303181163,0.7567567567567568,0.45528455284552843,0.0,0.0,0.0
154.00_0.39_2.43_3.19_0.47.dat,154.0,0.922852484137087,0.9823987924149956,0.37797880656106186,-0.009369570795787706,0.0,0.0,-0.004262256508777625,0.0,0.0
155.00_4.24_2.86_1.81_18.11.dat,155.0,0.9551151586470462,0.9915156162508663,0.0008313117389066038,-0.004853690888788933,0.0,0.0,0.0,0.0,0.0
156.00_0.00_1.06_3.21_23.51.dat,156.0,0.9744905089539403,0.9956447822344637,0.911562439215889,0.7187135052514929,0.8378378378378378,0.62,0.16388869433927222,0.02702702702702703,1.0
157.00_0.00_0.00_4.43_12.39.dat,157.0,0.9721226868719698,0.9945212431577147,0.9474242017297695,0.6706293367884392,0.8783783783783784,0.5158730158730159,0.28662346788044124,0.0945945945945946,0.875
158.00_0.47_0.00_1.43_20.73.dat,158.0,0.9513875948305881,0.9906736449940506,0.007321388516744243,-0.00545199954328344,0.0,0.0,0.0,0.0,0.0
159.00_0.00_4.70_28.67_7.13.dat,159.0,0.9735292819271639,0.9956538689189189,0.88326757592372,0.6544397733460793,0.7162162162162162,0.6022727272727273,0.11588868952794065,0.013513513513513514,1.0
16.00_6.65_8.35_6.28_45.83.dat,16.0,0.9355019132571177,0.9815713116057234,0.9129106249627055,0.8040087811606118,0.972972972972973,0.6857142857142857,0.8719623217181547,0.8108108108108109,0.9523809523809523
160.00_1.96_2.81_7.46_17.67.dat,160.0,0.9729579639752588,0.995010764730569,0.9264324447721104,0.694360802646161,0.9054054054054054,0.536,0.25918349737903523,0.06756756756756757,1.0
161.00_0.19_0.64_0.00_0.96.dat,161.0,0.9618068362728729,0.9899483721221222,0.9128085157528393,0.4056695473411573,0.7027027027027027,0.24074074074074073,-0.0021602202569170796,0.0,0.0
162.00_1.63_0.25_15.08_20.33.dat,162.0,0.9533567724350267,0.9909554566406897,0.002926234693009122,-0.005219477203598799,0.0,0.0,0.0,0.0,0.0
163.00_0.00_1.24_23.12_22.85.dat,163.0,0.968828495768674,0.9935173619808834,0.9582897413238205,0.616125349797881,0.918918918918919,0.4171779141104294,0.44919212218328847,0.25675675675675674,0.7916666666666666
164.00_0.00_0.24_7.35_30.40.dat,164.0,0.9647587414287543,0.9933853682227682,0.6916552846020856,0.2601626016260163,0.17567567567567569,0.3939393939393939,0.0,0.0,0.0
164.00_1.46_0.39_4.24_11.16.dat,164.0,0.9687373610994978,0.9933110757575757,0.8781269919696002,0.30368762902512897,0.35135135135135137,0.2708333333333333,0.0,0.0,0.0
165.00_0.28_2.15_13.36_11.08.dat,165.0,0.972804170074238,0.9948567401497883,0.7709354196530934,0.5969287401575605,0.7702702702702703,0.4672131147540984,0.6964030005138943,0.4864864864864865,1.0
166.00_1.77_0.00_3.96_6.96.dat,166.0,0.9538983609687525,0.9908063863893833,0.0022105137056493973,-0.006024096385542169,0.0,0.0,0.0,0.0,0.0
167.00_0.00_0.17_9.07_22.45.dat,167.0,0.9573969758868417,0.9932080912966538,0.019947463913570385,-0.0012022209666856377,0.0,0.0,0.0,0.0,0.0
168.00_0.21_0.61_2.60_2.33.dat,168.0,0.9545533261669659,0.991124076283384,0.0017180324982343231,-0.005445793919322883,0.0,0.0,-0.0015429717819839678,0.0,0.0
169.00_0.00_2.83_9.28_0.93.dat,169.0,0.9733793600715729,0.9951933682829889,0.715744614762345,0.48960999951219253,0.5405405405405406,0.449438202247191,0.133455780867573,0.02702702702702703,0.6666666666666666
17.00_4.01_7.64_31.07_8.61.dat,17.0,0.8892600612562407,0.963033683933934,0.9278027522019751,0.6629871959369052,0.9864864864864865,0.477124183006536,0.8632223750139444,0.8648648648648649,0.8767123287671232
17.00_4.49_12.39_43.63_31.96.dat,17.0,0.927664794219598,0.9793343055555556,0.8952905762429847,0.7763958054506308,0.9459459459459459,0.660377358490566,0.7478220240263653,0.6486486486486487,0.8888888888888888
170.00_1.04_2.55_15.96_23.72.dat,170.0,0.9543045974644098,0.9904486202781729,0.7738046977893076,0.38996911146836133,0.527027027027027,0.29545454545454547,0.1479629014434753,0.06756756756756757,0.3333333333333333
171.00_8.89_2.90_3.76_11.91.dat,171.0,0.9675173385397619,0.9930409761156506,0.926890983068677,0.565044856110522,0.8513513513513513,0.3795180722891566,0.0,0.0,0.0
172.00_0.74_1.62_20.83_14.41.dat,172.0,0.9676778746395995,0.994256009529761,0.9654099681834645,0.6929189591696957,0.9594594594594594,0.5035460992907801,0.5832548231978134,0.3783783783783784,0.9032258064516129
172.00_1.86_0.20_10.34_11.58.dat,172.0,0.9446585289221442,0.9878824468832995,0.49597479146739054,-0.006867040793240568,0.0,0.0,-0.003090743798312391,0.0,0.0
173.00_0.00_1.34_6.65_0.00.dat,173.0,0.9574523558029212,0.9919869962721342,0.0015654911407523286,-0.004699075696885079,0.0,0.0,-0.000947622128996835,0.0,0.0
173.00_1.36_0.00_31.25_3.71.dat,173.0,0.9734932738341311,0.9946925436470954,0.8902715475490313,0.5228292406326123,0.6756756756756757,0.4098360655737705,0.0,0.0,0.0
174.00_0.00_0.98_4.24_1.12.dat,174.0,0.9583062742906719,0.9925830878764479,0.0026739758018726745,-0.0034002713420172802,0.0,0.0,0.0,0.0,0.0
175.00_5.65_1.15_8.04_1.34.dat,175.0,0.969691268604404,0.9950595483722359,0.9507637032519841,0.5207605022681877,0.527027027027027,0.52,0.0,0.0,0.0
176.00_0.00_0.19_10.30_0.28.dat,176.0,0.9629496104869935,0.9920509341120782,0.7719920421480854,0.021279514609990894,0.02702702702702703,0.02666666666666667,0.0,0.0,0.0
176.00_0.00_2.31_4.86_3.36.dat,176.0,0.9631208159706157,0.9921589318979996,0.8543937000739186,0.24571193188185128,0.25675675675675674,0.24358974358974358,0.0,0.0,0.0
176.00_0.45_0.14_13.41_7.37.dat,176.0,0.9737707021384133,0.9949597752328599,0.88747053438783,0.5606906588665285,0.7027027027027027,0.45217391304347826,0.25925178312627106,0.06756756756756757,1.0
177.00_0.00_5.00_13.18_1.93.dat,177.0,0.9579132139249167,0.992323465077437,0.0025841523206922012,-0.004497929455195108,0.0,0.0,0.0,0.0,0.0
178.00_1.74_2.26_7.22_3.34.dat,178.0,0.9702230433082728,0.9939241815642458,0.7051181686847791,0.1284168387609973,0.12162162162162163,0.14516129032258066,-0.0006512744151021871,0.0,0.0
178.00_2.37_1.85_17.03_14.39.dat,178.0,0.9460052459585491,0.9895705772308622,0.05024961339279088,-0.00565602415688672,0.0,0.0,0.0,0.0,0.0
179.00_0.36_6.59_6.44_3.40.dat,179.0,0.9580071284087429,0.9920694819069069,0.0018343539910143924,-0.004942913033849137,0.0,0.0,0.0,0.0,0.0
18.00_3.39_6.74_20.34_49.30.dat,18.0,0.9298786031657827,0.9780827190611664,0.9579461415496348,0.7447734554883116,1.0,0.578125,0.8573164048583934,0.7972972972972973,0.9365079365079365
180.00_2.32_3.85_1.74_2.02.dat,180.0,0.9352333481528927,0.9854483965208303,0.17167087990714858,-0.007932312055730128,0.0,0.0,-0.0031579384759050635,0.0,0.0
181.00_2.41_1.70_1.24_16.45.dat,181.0,0.9540758271746349,0.98949008991684,0.7673625769726484,-0.005853162358391796,0.0,0.0,0.0,0.0,0.0
181.00_2.58_1.08_0.99_6.73.dat,181.0,0.9652921864324131,0.9922398372438372,0.8697273664938968,0.08108701228131764,0.08108108108108109,0.09090909090909091,0.0,0.0,0.0
182.00_2.57_0.15_4.56_13.72.dat,182.0,0.9725291124698892,0.9947223749815389,0.9452226452985831,0.5788041188935247,0.7972972972972973,0.4244604316546763,0.25927430674336677,0.06756756756756757,1.0
183.00_0.56_1.47_2.44_8.08.dat,183.0,0.9607300642354124,0.9931128092685076,0.0016971046319403937,-0.0038060616666786115,0.0,0.0,0.0,0.0,0.0
183.00_3.69_1.54_2.65_2.08.dat,183.0,0.9706249030931055,0.9941201553319624,0.6309483300251598,0.45189915488082477,0.5945945945945946,0.3492063492063492,0.0,0.0,0.0
184.00_0.58_0.01_3.94_0.09.dat,184.0,0.9605148017806714,0.9911198216216216,0.8103268171148538,0.0445744814484611,0.05405405405405406,0.046511627906976744,-0.0006300938297217826,0.0,0.0
184.00_4.76_0.00_0.00_2.40.dat,184.0,0.969910702697609,0.9939898369612856,0.8843964675417657,-0.002819822873313623,0.0,0.0,0.0,0.0,0.0
185.00_0.00_0.11_17.23_2.94.dat,185.0,0.9649867165787116,0.9920450132955536,0.8730721037724747,0.2094635512147539,0.25675675675675674,0.1792452830188679,0.0,0.0,0.0
186.00_5.01_0.84_1.97_17.78.dat,186.0,0.9585445318226771,0.9925773715132244,0.00425966855848392,-0.0037447580819155385,0.0,0.0,0.0,0.0,0.0
187.00_0.60_0.16_10.97_11.23.dat,187.0,0.9691844308706998,0.9936009737636573,0.9788579734906192,0.6264566786124516,0.9864864864864865,0.4010989010989011,0.4927819238059211,0.25675675675675674,0.95
188.00_1.01_0.00_16.30_7.03.dat,188.0,0.9757608966064512,0.9956019405834405,0.9701307814349935,0.6857644011554114,0.9594594594594594,0.4930555555555556,0.5259135616924632,0.32432432432432434,0.8571428571428571
189.00_0.04_1.48_17.27_7.03.dat,189.0,0.9533818850041368,0.9904767150071123,0.6379783078078031,-0.004431826022219811,0.0,0.0,0.0,0.0,0.0
19.00_2.43_3.62_51.21_86.63.dat,19.0,0.9162524412238178,0.9725056797297297,0.9461995754130238,0.701946847758175,0.9864864864864865,0.5251798561151079,0.9288762446657184,0.9324324324324325,0.9324324324324325
190.00_0.00_0.13_19.37_16.06.dat,190.0,0.971334882012664,0.9939876471628697,0.9977854329459839,0.5921717134429543,1.0,0.35406698564593303,0.8823452147004014,0.8648648648648649,0.9014084507042254
191.00_3.15_0.00_15.23_4.33.dat,191.0,0.971229981320122,0.9943094480574325,0.9685582110089603,0.5910544297633158,0.9054054054054054,0.38953488372093026,0.20084299636010716,0.04054054054054054,1.0
192.00_0.00_0.95_2.68_5.69.dat,192.0,0.9608233491430319,0.9928305965551043,0.0012508806660708194,-0.004487185923886164,0.0,0.0,0.0,0.0,0.0
192.00_2.11_1.36_6.88_2.30.dat,192.0,0.9548807975001055,0.9922151818372776,0.031310388961598545,-0.002960913371834997,0.0,0.0,0.0,0.0,0.0
193.00_0.05_0.00_2.16_6.76.dat,193.0,0.9575358627290614,0.9925634579966565,0.015805205829150792,-0.003507187376637819,0.0,0.0,0.0,0.0,0.0
194.00_0.00_0.01_9.11_19.44.dat,194.0,0.9721943282326294,0.9946655310464311,0.9719443076150999,0.6128113180252602,0.918918918918919,0.4121212121212121,0.7532393857185151,0.5945945945945946,0.9565217391304348
195.00_0.00_0.00_3.11_5.95.dat,195.0,0.9579739890834053,0.9931492457942637,0.018641035475915113,-0.002524321733561461,0.0,0.0,0.0,0.0,0.0
196.00_1.84_3.30_0.00_0.00.dat,196.0,0.9540768311904824,0.9896123047743175,0.68424067807233,-0.006285021175882552,0.0,0.0,-0.0015655837511726236,0.0,0.0
197.00_0.00_1.76_5.23_10.28.dat,197.0,0.9745958696784679,0.9950563037128037,0.9341758847355032,0.524173340245086,0.7432432432432432,0.3741496598639456,0.0,0.0,0.0
197.00_0.37_2.19_21.38_3.97.dat,197.0,0.9718246650460142,0.9941987979797979,0.968665778964248,0.5976569028249287,0.9594594594594594,0.37566137566137564,0.6985192093939687,0.527027027027027,0.9285714285714286
197.00_0.72_1.19_15.11_12.47.dat,197.0,0.961760044312454,0.9930956888479389,0.9617117947578305,0.653367202968405,0.972972972972973,0.44171779141104295,0.42180284999466844,0.20270270270270271,0.8823529411764706
198.00_0.00_1.89_22.21_2.24.dat,198.0,0.976266829270594,0.9957751724161348,0.8983803598872406,0.5007741936787589,0.5675675675675675,0.44680851063829785,0.0,0.0,0.0
199.00_1.06_1.35_6.62_12.91.dat,199.0,0.9737215039573687,0.9956362441891892,0.9258842745060702,0.4155057614394669,0.43243243243243246,0.4050632911392405,0.0,0.0,0.0
2.00_13.64_11.55_46.65_34.22.dat,2.0,0.8537671012557884,0.9656533378378378,0.9140071396399507,0.9221692506045532,0.9864864864864865,0.9125,0.911431438681006,0.972972972972973,0.9113924050632911
20.00_0.50_3.86_40.30_15.74.dat,20.0,0.9211405721257413,0.9761509002574003,0.922873542719937,0.7308970695766877,1.0,0.556390977443609,0.7813855516207668,0.7297297297297297,0.8571428571428571
200.00_3.10_0.65_0.29_0.00.dat,200.0,0.9726905782964413,0.9944751081753396,0.8934360310395285,0.308749653313482,0.3918918918918919,0.25,0.0,0.0,0.0
21.00_0.96_6.96_13.89_64.82.dat,21.0,0.9278238276922792,0.9772542948402948,0.9573831373980597,0.7286404081230193,1.0,0.5522388059701493,0.9009009009009009,0.9054054054054054,0.9054054054054054
21.00_6.49_5.58_65.22_8.31.dat,21.0,0.9380424523190842,0.9815940503685504,0.9678929308267678,0.7657433264627015,0.9864864864864865,0.6134453781512605,0.8710152648332151,0.8648648648648649,0.8888888888888888
22.00_1.00_8.60_82.87_39.03.dat,22.0,0.9222013052870583,0.9756167444183313,0.9696768960655804,0.7093826376702363,1.0,0.524822695035461,0.9360360226040786,0.9324324324324325,0.9452054794520548
22.00_11.64_4.48_70.83_51.40.dat,22.0,0.9267248436664676,0.9763918777908344,0.9529619766382982,0.6908492797077574,1.0,0.5,0.9278809000789633,0.9054054054054054,0.9571428571428572
23.00_2.15_8.94_3.73_9.79.dat,23.0,0.9297097983994068,0.9784486272522522,0.9111160270965664,0.7203213137057708,0.972972972972973,0.5538461538461539,0.6507194169221503,0.47297297297297297,0.9210526315789473
23.00_3.20_4.54_58.38_45.70.dat,23.0,0.9323401444013433,0.9810344149774775,0.941725283094742,0.7341975772906634,0.9864864864864865,0.5658914728682171,0.72264970122716,0.6486486486486487,0.8275862068965517
24.00_2.24_5.87_72.22_40.62.dat,24.0,0.9318020424053655,0.980143058918919,0.9589102699937975,0.7316917900802502,0.9864864864864865,0.5615384615384615,0.8966297995677571,0.918918918918919,0.8831168831168831
25.00_2.97_6.20_21.00_67.37.dat,25.0,0.9363207324527678,0.9814562219334719,0.9543182599196355,0.7118144364998557,0.9864864864864865,0.5328467153284672,0.8760222284067868,0.8378378378378378,0.9253731343283582
26.00_8.50_10.40_48.78_40.50.dat,26.0,0.9523497092815649,0.9874954419419419,0.9131753372582302,0.7735319310485175,0.9459459459459459,0.6481481481481481,0.9424948510233707,0.9054054054054054,0.9852941176470589
27.00_0.00_8.21_5.42_17.01.dat,27.0,0.9198719158318049,0.9768717755791506,0.9122350910513415,0.6915422152035219,0.972972972972973,0.5106382978723404,0.7424346995260883,0.7567567567567568,0.7466666666666667
28.00_6.04_11.69_5.92_18.30.dat,28.0,0.8949062036397563,0.9672679137931035,0.8097949350538913,0.5511997314842179,0.8108108108108109,0.40268456375838924,0.03835891447287267,0.013513513513513514,0.16666666666666666
29.00_1.61_7.29_73.12_13.59.dat,29.0,0.8842165230110635,0.966906672972973,0.8612470680921178,0.6296351694934528,0.9459459459459459,0.44025157232704404,0.5653729801412951,0.4594594594594595,0.723404255319149
3.00_4.45_11.36_12.41_41.29.dat,3.0,0.7717908381624663,0.9382101317567567,0.9060774476242385,0.8397994748121345,1.0,0.7789473684210526,0.8876253645985945,1.0,0.8409090909090909
3.00_6.36_10.10_38.36_53.64.dat,3.0,0.8637787116205778,0.9670463310810811,0.924453993325109,0.9096433259207461,1.0,0.8705882352941177,0.9231240985120627,0.9864864864864865,0.9012345679012346
30.00_4.57_4.32_53.47_22.81.dat,30.0,0.914134232632901,0.9730703692240628,0.8888898032355623,0.6245170680511306,0.972972972972973,0.42105263157894735,0.7036049047557004,0.5540540540540541,0.9111111111111111
31.00_2.57_8.37_55.93_13.06.dat,31.0,0.9296901084171584,0.9797441224662162,0.938953677881433,0.706203519742381,0.9864864864864865,0.5214285714285715,0.8017659248479123,0.6891891891891891,0.9444444444444444
32.00_0.00_13.69_4.03_33.51.dat,32.0,0.9489178224338584,0.9854573787878788,0.9202732959284663,0.7194689887055589,0.9594594594594594,0.5546875,0.5009277402060753,0.25675675675675674,1.0
32.00_3.68_11.43_7.29_7.89.dat,32.0,0.8317442866808621,0.9435207166257166,0.6062577729306671,0.20850933494072751,0.4189189189189189,0.14622641509433962,-0.012422599874998832,0.0,0.0
33.00_0.88_4.49_5.91_16.41.dat,33.0,0.9374571075447911,0.981010862082671,0.928275710924142,0.6742717158005944,0.9864864864864865,0.477124183006536,0.7674188245601724,0.6351351351351351,0.94
34.00_4.42_6.01_38.14_16.18.dat,34.0,0.9394682281108853,0.9828362918918919,0.9523212195113127,0.7237502895839678,0.9864864864864865,0.5447761194029851,0.8732240899535232,0.8648648648648649,0.8888888888888888
35.00_2.28_7.32_11.41_9.78.dat,35.0,0.9191992049150132,0.9757660210210211,0.8080149985500981,0.5531260209346932,0.7567567567567568,0.42748091603053434,0.17042311658956016,0.04054054054054054,0.75
35.00_3.10_8.84_11.89_27.17.dat,35.0,0.9399758475965184,0.9821564354354354,0.9235062547356351,0.6674583840294368,0.972972972972973,0.47368421052631576,0.6412167476122714,0.5,0.8409090909090909
36.00_2.15_5.63_8.62_45.17.dat,36.0,0.9455049320343465,0.9849294419284149,0.937135784368171,0.7176443813054848,0.9594594594594594,0.5503875968992248,0.8413401798827523,0.8513513513513513,0.84
37.00_14.80_2.89_15.49_34.73.dat,37.0,0.9193278214577909,0.9750529495021337,0.856522804529308,0.5668203721153995,0.9054054054054054,0.3743016759776536,0.1622791409052739,0.02702702702702703,1.0
37.00_2.73_4.78_19.82_41.02.dat,37.0,0.9556375057846515,0.9876587098150782,0.9741622515802032,0.7236695452028725,1.0,0.5362318840579711,0.9058275975353716,0.8378378378378378,0.9841269841269841
37.00_3.47_7.62_8.75_11.62.dat,37.0,0.9518473417725424,0.9868936216216216,0.9223947363153607,0.7083189169774733,0.9324324324324325,0.552,0.44572937049883454,0.21621621621621623,0.9411764705882353
38.00_0.69_6.69_5.61_12.52.dat,38.0,0.9499379372234182,0.9861619525294525,0.9308874415991644,0.7075144525030217,0.9459459459459459,0.5426356589147286,0.7196498759733175,0.6081081081081081,0.8653846153846154
38.00_5.02_3.27_5.40_4.26.dat,38.0,0.9450444045226972,0.9841326011781012,0.906345057247264,0.6852559763514664,0.9594594594594594,0.5035460992907801,0.37697825359686804,0.1891891891891892,0.7777777777777778
39.00_8.47_7.40_19.22_10.17.dat,39.0,0.9545282873582519,0.9880629506756756,0.9142126882353614,0.7383383265946587,0.9459459459459459,0.5882352941176471,0.6290398764603214,0.47297297297297297,0.8536585365853658
4.00_7.11_10.02_77.59_71.55.dat,4.0,0.8320316936129648,0.9560878324324324,0.9503168981797668,0.8661685839794792,0.9864864864864865,0.8111111111111111,0.8791923147810631,0.9864864864864865,0.8295454545454546
4.00_8.12_10.38_76.22_31.68.dat,4.0,0.8217795525380512,0.9556963621621621,0.9112648944773583,0.8661685839794792,0.9864864864864865,0.8111111111111111,0.8858536035720219,0.9864864864864865,0.8390804597701149
40.00_4.49_1.89_11.07_7.47.dat,40.0,0.9153955754459617,0.9736373335530653,0.8976810247158962,0.5940897809683838,0.972972972972973,0.37894736842105264,0.452497491359746,0.36486486486486486,0.5869565217391305
40.00_4.80_4.62_37.76_6.94.dat,40.0,0.9596324447582684,0.989833237969677,0.93083901470984,0.7495362784143531,0.9594594594594594,0.5966386554621849,0.8602677971171728,0.7837837837837838,0.9508196721311475
41.00_1.72_4.09_14.10_63.55.dat,41.0,-1.1420203564114417,0.5360360360360361,0.21366476330465256,0.16004053801408674,1.0,0.048812664907651716,0.16004053801408674,1.0,0.048812664907651716
42.00_4.85_6.42_26.80_38.70.dat,42.0,0.938368660304915,0.9838364280326839,0.9309610777560015,0.7171477882311459,0.9459459459459459,0.5555555555555556,0.2837229850736969,0.0945945945945946,0.875
43.00_0.00_6.76_4.88_5.25.dat,43.0,0.9479286747955786,0.9849858141891892,0.9187582389651777,0.6373908218061171,0.8648648648648649,0.48484848484848486,0.0,0.0,0.0
43.00_0.00_9.37_19.67_5.32.dat,43.0,0.9188266579579935,0.9744603538083538,0.8218212508169058,0.48298847101715336,0.7567567567567568,0.32941176470588235,-0.002672946558329041,0.0,0.0
43.00_1.86_3.44_4.83_58.24.dat,43.0,0.938048159137789,0.9823679616093366,0.9264455963447293,0.6598298019281366,0.9594594594594594,0.46710526315789475,0.7774002196685063,0.6486486486486487,0.9411764705882353
43.00_3.58_8.14_43.09_31.32.dat,43.0,0.9516631846037541,0.9882413009828009,0.9475049169217684,0.7356606902529117,0.972972972972973,0.5669291338582677,0.847894406033941,0.8513513513513513,0.8513513513513513
44.00_0.08_5.56_16.52_28.80.dat,44.0,0.9421060604381474,0.9836827891891892,0.9225613647307891,0.6594826954272264,0.9459459459459459,0.47297297297297297,0.29681304793331004,0.16216216216216217,0.5714285714285714
44.00_4.60_4.79_15.42_4.80.dat,44.0,0.9077063957616806,0.9712368261261262,0.7823378484873463,0.3698297139608802,0.5945945945945946,0.2558139534883721,-0.002612863753101522,0.0,0.0
45.00_11.27_2.53_52.32_6.84.dat,45.0,0.9450489728605349,0.9847321433607521,0.9454687223125412,0.6794494667506878,0.972972972972973,0.4864864864864865,0.6837827989994811,0.4864864864864865,0.972972972972973
46.00_1.85_5.31_2.48_20.17.dat,46.0,0.9499971076364376,0.986229681426107,0.9313768150235548,0.6797667397424775,0.918918918918919,0.5151515151515151,0.3045794716759607,0.0945945945945946,1.0
46.00_3.70_3.86_25.24_75.35.dat,46.0,0.9658976940240515,0.9914519669350201,0.9974122922406248,0.7542902653142397,1.0,0.578125,0.9649170059623905,0.9324324324324325,1.0
46.00_6.75_4.15_43.57_21.13.dat,46.0,0.9338493319993858,0.9809507009775733,0.8987513835851801,0.6218248084664263,0.9324324324324325,0.42857142857142855,0.7340147293143254,0.5945945945945946,0.9166666666666666
47.00_0.00_7.39_33.49_9.44.dat,47.0,0.9522059049264056,0.9874353153153154,0.9512529678812087,0.6926142400798199,0.9459459459459459,0.5185185185185185,0.5064504975666735,0.2972972972972973,0.88
48.00_1.59_2.73_4.46_29.77.dat,48.0,0.9364506110081652,0.9810570471594043,0.8683635739437288,0.5751806894807734,0.8918918918918919,0.38596491228070173,0.17147910183756032,0.04054054054054054,0.75
49.00_1.99_4.53_35.10_24.32.dat,49.0,0.9433477922533712,0.9835428316216216,0.9376104278012958,0.6030510113219814,0.9594594594594594,0.39226519337016574,0.8456575468185213,0.7702702702702703,0.9344262295081968
5.00_4.31_10.50_55.73_14.67.dat,5.0,0.8750290209054111,0.9639816824324324,0.9583010127830708,0.8688145427405203,1.0,0.7956989247311828,0.903718173861913,0.9864864864864865,0.8588235294117647
5.00_4.73_11.26_98.38_59.75.dat,5.0,0.9003371774606487,0.9756804752252253,0.9350628302321757,0.9084935132126079,0.972972972972973,0.8780487804878049,0.9224906563152881,0.972972972972973,0.9
50.00_0.00_3.54_30.88_7.87.dat,50.0,0.873352035011847,0.9638874864864865,0.4679738221033234,-0.013307188213981917,0.013513513513513514,0.009009009009009009,-0.00831447835919583,0.0,0.0
51.00_2.86_6.83_20.34_29.60.dat,51.0,0.9500058438367396,0.9866704477650727,0.9217456186870839,0.6678843004531156,0.9459459459459459,0.4827586206896552,0.23036865898525324,0.05405405405405406,1.0
51.00_3.68_3.82_47.05_6.54.dat,51.0,0.9437053407611585,0.9835462323284824,0.9404155316028706,0.6214870555202762,0.972972972972973,0.4090909090909091,0.7483588953728354,0.6486486486486487,0.8727272727272727
52.00_2.33_4.42_40.59_49.71.dat,52.0,0.9572941456695626,0.9884579477307496,0.9908650248183299,0.6906328143163531,1.0,0.4868421052631579,0.9650825211958738,0.9459459459459459,0.9859154929577465
53.00_0.00_2.70_21.30_15.66.dat,53.0,0.923111620024047,0.9767349329329329,0.9077562700079951,0.5595863605658818,0.9864864864864865,0.33031674208144796,0.11518065475172597,0.013513513513513514,1.0
53.00_0.60_15.22_9.38_24.83.dat,53.0,0.9457644860003609,0.9863822062062062,0.7466005887723431,0.5937845607623672,0.7837837837837838,0.464,0.5379354430854856,0.35135135135135137,0.8387096774193549
54.00_3.14_6.15_3.28_4.83.dat,54.0,0.9411442502434904,0.9834536921375922,0.8479899780811807,0.5295519023577383,0.7162162162162162,0.4076923076923077,0.0,0.0,0.0
55.00_0.36_4.48_23.00_37.63.dat,55.0,0.9596220599271769,0.9898626158301158,0.957771943199801,0.7207808035156061,0.9594594594594594,0.5503875968992248,0.35129837396456887,0.17567567567567569,0.7222222222222222
55.00_6.09_3.52_2.80_15.16.dat,55.0,0.9680404650809389,0.9933223368725869,0.912365267681372,0.8107030485414662,0.9324324324324325,0.711340206185567,0.529278587730074,0.28378378378378377,1.0
56.00_1.53_6.81_15.03_50.43.dat,56.0,0.9622390529361844,0.9907131628733997,0.9390323499033165,0.7191012094028307,0.9459459459459459,0.5555555555555556,0.5543059796502389,0.32432432432432434,0.96
57.00_0.53_1.94_18.61_12.64.dat,57.0,0.9550636525464485,0.9881854797297297,0.9109052662019668,0.6495475968239393,0.9324324324324325,0.46308724832214765,0.5684949038246079,0.40540540540540543,0.8108108108108109
58.00_0.00_2.13_16.83_21.84.dat,58.0,0.9603164135052208,0.9904809040311497,0.8626258671541257,0.6784165697752332,0.8648648648648649,0.5423728813559322,0.2906591794880899,0.10810810810810811,0.8
59.00_0.84_1.91_34.41_10.20.dat,59.0,0.8582758871385839,0.9604244445945946,0.5662806486305808,0.23289801707388313,0.43243243243243246,0.14883720930232558,0.09650906595555943,0.10810810810810811,0.11428571428571428
6.00_7.80_13.47_53.60_62.63.dat,6.0,0.8761027492172057,0.9607727432432432,0.9678607023522545,0.8145314840210527,1.0,0.7115384615384616,0.9399821276515921,0.9864864864864865,0.9125
60.00_5.49_1.95_6.14_31.56.dat,60.0,0.9686319050474026,0.9929071976074435,0.9676127229614147,0.7869263963856935,0.972972972972973,0.6428571428571429,0.11530362427086922,0.013513513513513514,1.0
61.00_0.88_4.66_1.29_15.36.dat,61.0,0.9615353777842306,0.9905826983435048,0.9071656496168115,0.6707557772566611,0.8513513513513513,0.5384615384615384,0.494410286111126,0.28378378378378377,0.875
62.00_4.26_5.77_33.09_23.15.dat,62.0,0.9297261331161194,0.9819719721149721,0.6596280274778016,0.3441303877790683,0.40540540540540543,0.3125,0.11533371819308527,0.013513513513513514,1.0
62.00_5.67_5.76_18.69_63.81.dat,62.0,0.9704130340399131,0.9939212498927499,0.9396213321184033,0.7794260368001081,0.9594594594594594,0.6396396396396397,0.7513083071718586,0.5945945945945946,0.9565217391304348
63.00_1.23_2.79_4.71_3.76.dat,63.0,0.966413347127328,0.9921916663851351,0.9340808243655452,0.7246350103002842,0.8648648648648649,0.6153846153846154,0.0,0.0,0.0
64.00_3.44_7.03_56.49_15.10.dat,64.0,0.9356758662271727,0.9858861307692308,0.9378517286271183,0.6792683420168285,0.9324324324324325,0.5036496350364964,0.3579611437949802,0.24324324324324326,0.5454545454545454
65.00_1.39_3.54_24.95_24.83.dat,65.0,0.9544607943696467,0.9878275532350532,0.9618789067199699,0.6612538991827799,1.0,0.4457831325301205,0.7692369726797008,0.6216216216216216,0.9583333333333334
66.00_5.75_2.08_42.63_20.49.dat,66.0,0.9553499620373007,0.9886322426381605,0.887958570353617,0.6408413992249365,0.918918918918919,0.4563758389261745,0.823138072394455,0.7972972972972973,0.855072463768116
67.00_0.37_2.73_35.47_3.47.dat,67.0,0.9622722516870795,0.9913946039348172,0.8717346959308945,0.691196154381393,0.9054054054054054,0.536,0.7874447632734758,0.6621621621621622,0.9423076923076923
68.00_0.15_3.83_31.61_3.95.dat,68.0,0.9285752490527999,0.9834154923619272,0.8303649504203074,0.47057914770007775,0.6216216216216216,0.3709677419354839,-0.002400519336520391,0.0,0.0
68.00_3.45_2.23_7.03_37.62.dat,68.0,0.9571742786757109,0.9907964122600862,0.7142916236273098,0.6385657167461856,0.7567567567567568,0.5490196078431373,0.6821835028427484,0.5405405405405406,0.8695652173913043
68.00_4.44_1.58_20.03_8.48.dat,68.0,0.9529259789644416,0.9875576762632198,0.930772492150046,0.6318478774987198,0.9594594594594594,0.4251497005988024,0.2350090184531761,0.06756756756756757,0.8333333333333334
69.00_0.00_1.18_3.70_9.02.dat,69.0,0.9654954934590224,0.992465927992278,0.840946159119181,0.6979603791390642,0.8648648648648649,0.5714285714285714,0.38319304842619345,0.14864864864864866,1.0
69.00_1.30_2.88_9.35_34.51.dat,69.0,0.9633870672995286,0.9918509380308881,0.8301677273563001,0.6765032571879938,0.8648648648648649,0.5378151260504201,0.7045586403542586,0.5,1.0
7.00_6.09_14.50_64.82_69.66.dat,7.0,0.8710490245866994,0.9632860304054054,0.9497652309446954,0.8297584076531092,0.9864864864864865,0.7373737373737373,0.9148491421045714,0.9864864864864865,0.8690476190476191
70.00_1.37_1.29_29.88_34.79.dat,70.0,0.9590612738047352,0.9893987856870955,0.9122908549139684,0.6252184935213226,0.8783783783783784,0.45454545454545453,0.4771353201826394,0.24324324324324326,0.9473684210526315
71.00_0.28_2.69_23.91_10.19.dat,71.0,0.9605303945231977,0.9909338723723724,0.9430166569712806,0.6739256755321685,0.8243243243243243,0.5596330275229358,0.0,0.0,0.0
71.00_0.71_2.64_3.23_4.77.dat,71.0,0.9239366572363998,0.9794320743243243,0.6563154032576796,0.10162661985712253,0.12162162162162163,0.10843373493975904,-0.0016260334567207884,0.0,0.0
72.00_2.09_3.57_7.20_12.88.dat,72.0,0.9463979995313018,0.9854312861902998,0.8469193539594075,0.37766466636407214,0.47297297297297297,0.3181818181818182,0.0,0.0,0.0
72.00_6.96_5.27_54.16_4.62.dat,72.0,0.9684915900845531,0.9932904409477971,0.966659107099232,0.7770120971004217,0.972972972972973,0.6260869565217392,0.43317365002506875,0.20270270270270271,0.9375
73.00_0.60_4.44_16.98_16.09.dat,73.0,0.964912863491549,0.991772430788897,0.9185406127544375,0.6022475738243536,0.6891891891891891,0.5368421052631579,0.25829326068954733,0.06756756756756757,1.0
74.00_0.94_2.68_34.22_6.73.dat,74.0,0.9608214842018069,0.9900748702702703,0.9185522889543605,0.6318656636609099,0.9324324324324325,0.43670886075949367,0.8179596985528363,0.7567567567567568,0.8888888888888888
75.00_1.15_5.61_25.65_18.33.dat,75.0,0.9711410138203128,0.9941123527738265,0.9193778615645176,0.7474093186836597,0.9324324324324325,0.6052631578947368,0.8646352290247795,0.8243243243243243,0.9104477611940298
76.00_2.74_2.86_4.00_9.38.dat,76.0,0.941056811062786,0.9839262286767286,0.8594682792132196,0.4668887275467649,0.7027027027027027,0.32298136645962733,0.11550045269427328,0.013513513513513514,1.0
77.00_3.17_1.92_17.31_13.99.dat,77.0,0.9145880057179512,0.9766039426541927,0.6120579700089612,-0.016030808757670087,0.0,0.0,-0.0036761476277302565,0.0,0.0
78.00_1.75_5.11_3.16_49.54.dat,78.0,0.9788700771894973,0.9968393362983237,0.9727472341033289,0.8660922017037002,0.972972972972973,0.7741935483870968,0.7692068697513608,0.6081081081081081,0.9782608695652174
79.00_3.20_5.27_8.09_20.46.dat,79.0,0.9536155561498397,0.9878129114864865,0.888658884804786,0.5700553491330898,0.8243243243243243,0.40397350993377484,0.23111570529925105,0.05405405405405406,1.0
8.00_2.40_9.87_66.46_34.50.dat,8.0,0.8855835419775728,0.9681378498498499,0.9346785249871473,0.8277553303517864,0.9864864864864865,0.73,0.9144460492631756,0.972972972972973,0.8780487804878049
80.00_3.13_6.15_3.44_3.96.dat,80.0,0.9648471616661671,0.9918383980647314,0.8842235606240137,0.6603628370098239,0.8648648648648649,0.512,-0.0014442183795566226,0.0,0.0
81.00_3.00_7.40_52.17_38.41.dat,81.0,0.9648952178866678,0.992753554383652,0.7735337720092413,0.6342472234525947,0.7972972972972973,0.5130434782608696,0.8611961667839395,0.7702702702702703,0.9661016949152542
82.00_3.09_6.78_11.16_7.93.dat,82.0,0.9642438890841035,0.991571149951156,0.9341958825200644,0.6123584279320959,0.7567567567567568,0.5045045045045045,0.0,0.0,0.0
83.00_0.00_4.21_9.38_36.80.dat,83.0,0.9713209531673239,0.9940705426319176,0.9568217035845611,0.7488370536448915,0.9459459459459459,0.5982905982905983,0.7161443565894772,0.5540540540540541,0.9318181818181818
83.00_1.15_4.33_26.81_2.61.dat,83.0,0.9327392451779118,0.9819096796975547,0.7661015452509534,0.3028162052127226,0.44594594594594594,0.2214765100671141,-0.0027853208229902046,0.0,0.0
83.00_3.14_4.66_2.77_7.21.dat,83.0,0.9476950119944597,0.9852460926640927,0.8695496059584683,0.3044239179031257,0.43243243243243246,0.2302158273381295,-0.0031143340305657733,0.0,0.0
83.00_4.17_0.92_6.02_8.40.dat,83.0,0.9691779766141388,0.9932500075611326,0.9435805833166531,0.7545686354318867,0.9324324324324325,0.6160714285714286,0.0,0.0,0.0
84.00_0.00_4.59_21.03_14.40.dat,84.0,0.9337644991725015,0.9801828810810811,0.808398940586385,0.23366040865655657,0.40540540540540543,0.15151515151515152,0.0,0.0,0.0
84.00_0.41_0.00_29.54_5.95.dat,84.0,0.9637049121662721,0.9916979216216216,0.8997591759215162,0.6781719665662238,0.9324324324324325,0.5,0.5680635987632786,0.44594594594594594,0.7333333333333333
84.00_4.97_1.65_4.14_26.40.dat,84.0,0.9597467288019356,0.990322966772655,0.9362691246384415,0.5998959943839939,0.8243243243243243,0.44525547445255476,0.0,0.0,0.0
85.00_0.00_3.30_13.48_20.06.dat,85.0,0.9701117658059492,0.9942917067881836,0.8598096555287654,0.7338715365004096,0.8783783783783784,0.6190476190476191,0.8058973840161011,0.7027027027027027,0.9285714285714286
86.00_0.70_4.04_15.53_3.01.dat,86.0,0.9650399021846855,0.992261775240758,0.8617919566088917,0.6476273779851724,0.8378378378378378,0.5081967213114754,0.46812433421089994,0.25675675675675674,0.8636363636363636
86.00_0.94_1.10_14.88_53.00.dat,86.0,0.9569474387476943,0.9912351115253184,0.9479786587269248,0.6903766813878356,0.8918918918918919,0.5409836065573771,0.5893966123945822,0.4189189189189189,0.8378378378378378
86.00_2.30_1.62_17.93_3.67.dat,86.0,0.9689211047371178,0.9933981053122087,0.899907014002679,0.6989587256632293,0.8648648648648649,0.5714285714285714,0.504953031743392,0.2702702702702703,0.9523809523809523
86.00_3.09_5.60_37.27_48.93.dat,86.0,0.9459830101732098,0.9866697390493943,0.81254986292911,0.545678210712049,0.7432432432432432,0.41044776119402987,0.43361924586046197,0.20270270270270271,0.9375
87.00_0.08_10.08_5.38_22.88.dat,87.0,0.8983785163354234,0.9721454758906634,0.5825702232012564,0.001479871612512109,0.02702702702702703,0.012345679012345678,-0.007993522542192008,0.0,0.0
88.00_2.11_1.84_3.28_2.31.dat,88.0,0.9270035588152064,0.9806036073489219,0.6027480497635507,0.021162895396841255,0.04054054054054054,0.028846153846153848,-0.0026279053593535,0.0,0.0
89.00_2.10_2.42_4.01_24.19.dat,89.0,0.96489373486075,0.9915164687687688,0.941033445647782,0.6365263956690365,0.8918918918918919,0.46153846153846156,0.5790879714462217,0.33783783783783783,1.0
9.00_6.39_8.89_19.88_90.76.dat,9.0,0.9189387159890796,0.9770368743243243,0.9309443739255985,0.8520256543537802,0.972972972972973,0.7741935483870968,0.9124158771113355,0.9459459459459459,0.8974358974358975
90.00_3.02_6.95_54.08_2.61.dat,90.0,0.9609626702216176,0.9911095674190674,0.9199261899109471,0.6759949798768866,0.918918918918919,0.5037037037037037,0.42406819765931364,0.21621621621621623,0.8421052631578947
90.00_5.39_1.66_5.80_23.14.dat,90.0,0.958114402883621,0.9885107591327591,0.9111770465521414,0.41654196497505874,0.6216216216216216,0.2911392405063291,0.0,0.0,0.0
91.00_0.00_1.37_25.92_3.66.dat,91.0,0.9599804001824707,0.9900086548178614,0.837491837072989,0.5671169828433578,0.8243243243243243,0.39869281045751637,0.3933951831738482,0.21621621621621623,0.7272727272727273
91.00_0.30_0.56_6.08_3.72.dat,91.0,0.9672146193756405,0.9924941520270271,0.9421263450362884,0.6412296063831111,0.7837837837837838,0.5321100917431193,0.0,0.0,0.0
91.00_1.67_3.84_3.81_12.24.dat,91.0,0.921210375306219,0.9786688053760282,0.6780094456046701,0.017318708963318972,0.04054054054054054,0.024,-0.0022010295155433213,0.0,0.0
92.00_2.71_3.35_19.40_30.55.dat,92.0,0.9623613220924233,0.9923627029933159,0.8638944885005786,0.5610160098375455,0.5540540540540541,0.5774647887323944,0.0,0.0,0.0
93.00_0.69_0.91_2.27_27.25.dat,93.0,0.969624956413882,0.9934631053766533,0.8833125548340706,0.6586718705465013,0.8513513513513513,0.5163934426229508,0.6031517044843268,0.3918918918918919,0.9354838709677419
94.00_1.70_2.95_27.42_3.39.dat,94.0,0.9705626394725407,0.9941719496443813,0.9128548843361639,0.7157964386730495,0.8648648648648649,0.5981308411214953,0.6558031230317733,0.44594594594594594,0.9705882352941176
94.00_1.87_2.82_17.19_18.49.dat,94.0,0.9579091997898327,0.9887078477951636,0.9216074775061192,0.5553191017625265,0.918918918918919,0.3434343434343434,0.387914877921826,0.17567567567567569,0.8666666666666667
95.00_0.00_6.60_19.15_3.58.dat,95.0,0.9629517371587509,0.9915912215653153,0.8196472587780483,0.6184354837384385,0.8513513513513513,0.45652173913043476,0.37534190979102566,0.17567567567567569,0.8125
95.00_1.16_2.85_19.48_11.32.dat,95.0,0.9573880124501606,0.9899283398085585,0.9097935825706334,0.45660618097686123,0.5675675675675675,0.3783783783783784,0.0,0.0,0.0
96.00_0.81_2.01_21.67_1.58.dat,96.0,0.9340247244098534,0.986578485650599,0.001758013615534293,-0.007640224276268837,0.0,0.0,-0.0020869596778242054,0.0,0.0
96.00_7.79_1.21_14.04_21.46.dat,96.0,0.9632867368455729,0.9912753755920869,0.9397893684478162,0.6021880687814738,0.8648648648648649,0.4266666666666667,0.46368770541085375,0.22972972972972974,0.9444444444444444
97.00_1.40_1.09_37.43_2.87.dat,97.0,0.9633430835283198,0.9913237460011032,0.8325010638337905,0.5849719188106525,0.8378378378378378,0.4161073825503356,0.2834081449944334,0.08108108108108109,1.0
98.00_0.66_3.51_17.58_7.66.dat,98.0,0.9537260751804617,0.9890996999727,0.7911157002088003,0.5161559717948394,0.6621621621621622,0.4117647058823529,0.0,0.0,0.0
99.00_0.84_0.65_4.76_19.81.dat,99.0,0.9537641998870408,0.9875157505405405,0.9417349124648499,0.5418739606914779,0.9324324324324325,0.32242990654205606,0.24466854359793086,0.08108108108108109,0.75
