Name,CI,LSR,BSL,HMS,MCC_5,TPR_5,PPV_5,MCC_9,TPR_9,PPV_9
1_00_1_31_8_35_53_01_9_61,1.0,0.9589015570509946,0.9932432432432432,0.9783860148148149,0.9865765724632495,1.0,0.9866666666666667,0.9865765724632495,1.0,0.9866666666666667
1_00_2_65_10_68_37_88_45_07,1.0,0.9899496641464985,1.0,1.0,1.0,1.0,1.0,1.0,1.0,1.0
10_00_1_79_9_26_24_89_96_49,10.0,0.9617768820132423,0.9928109336609336,0.9829068065163017,0.9578622030334007,1.0,0.925,0.9423494974004264,0.972972972972973,0.9230769230769231
10_00_7_49_4_56_48_53_74_08,10.0,0.9835239328125661,0.9985633906633906,0.984329068090812,0.9925498454392663,0.9864864864864865,1.0,0.9850636549546777,0.972972972972973,1.0
100_00_4_51_5_21_22_99_1_70,100.0,0.8755229401029454,0.9660743644634734,0.853211818235061,0.3801945967564202,0.8918918918918919,0.17142857142857143,0.5058578450725827,0.8783783783783784,0.2995391705069124
101_00_0_85_0_38_3_08_19_93,101.0,0.9500013800937309,0.9891473502914679,0.9715220882776064,0.6516067037246749,1.0,0.43023255813953487,0.6999653652293409,0.9324324324324325,0.5307692307692308
102_00_6_47_6_17_2_56_9_35,102.0,0.6375817778875238,0.875552847021779,0.41733821747237665,0.13013307487509268,0.7567567567567568,0.03402187120291616,-0.010823457425400983,0.0,0.0
103_00_0_13_0_92_41_41_10_35,103.0,0.91465335826181,0.9775105249480249,0.9837116715242755,0.48504615820034247,1.0,0.24262295081967214,0.6636281988011097,1.0,0.4457831325301205
103_00_0_55_1_45_13_42_0_67,103.0,0.9277388568125127,0.9817259095634095,0.9299662116364357,0.5108866347429087,0.9459459459459459,0.2834008097165992,0.6388971415167017,0.9459459459459459,0.4375
104_00_0_00_4_03_32_13_5_55,104.0,0.9514484527220007,0.9887948648648649,0.9832868104544658,0.6244289863781197,1.0,0.39572192513368987,0.7594239365784363,0.9864864864864865,0.5887096774193549
105_00_1_36_0_00_8_68_4_15,105.0,0.8727426692390087,0.965802027027027,0.8920330414153942,0.40597661475449076,0.9864864864864865,0.1750599520383693,0.4783268342912359,0.8783783783783784,0.26859504132231404
106_00_0_00_2_68_29_45_20_98,106.0,0.934757853628138,0.9834243369537762,0.9708513276445476,0.5393993348595292,0.9864864864864865,0.30165289256198347,0.6893381141860935,0.9864864864864865,0.4866666666666667
106_00_0_45_7_36_30_11_9_13,106.0,0.9488737122203433,0.9876285173023491,0.9711778018024144,0.5987796245349778,1.0,0.3645320197044335,0.7353203512236084,0.9594594594594594,0.568
107_00_1_46_1_03_17_91_2_52,107.0,0.8505135600785794,0.9555617492492492,0.9480322774201105,0.3528598864811481,1.0,0.13261648745519714,0.5167500709048775,0.9864864864864865,0.27756653992395436
108_00_0_00_1_97_1_80_6_07,108.0,0.4881484817446058,0.8366895115298785,0.5549700303235466,-0.05114945831556872,0.0,0.0,-0.010221551104780015,0.0,0.0
109_00_1_44_4_40_4_14_16_40,109.0,0.935885201845733,0.9840764496314496,0.9889968884742918,0.5392039924120634,1.0,0.2971887550200803,0.7112331392012095,1.0,0.5103448275862069
109_00_2_45_0_97_30_43_1_85,109.0,0.88585381364512,0.9668398648648648,0.9746471627865371,0.3973569886151355,1.0,0.16554809843400448,0.5734517309476967,0.9864864864864865,0.3395348837209302
11_00_4_88_9_02_7_94_27_55,11.0,0.8884658877135074,0.9752016891891891,0.9609593300175188,0.8560599219572467,1.0,0.7551020408163265,0.8815475595262826,1.0,0.7956989247311828
110_00_0_07_2_83_1_88_34_57,110.0,0.9453081011592761,0.9870737034331629,0.9646380342780279,0.5900803905686269,1.0,0.35406698564593303,0.6916996971576004,0.9594594594594594,0.5035460992907801
110_00_5_54_0_00_13_69_37_78,110.0,0.9336058617285705,0.9832872169466764,0.986643048260195,0.5294697974245349,1.0,0.2868217054263566,0.6967284001504165,1.0,0.4900662251655629
111_00_0_00_2_08_4_65_13_14,111.0,0.8251510711040266,0.9455772200772201,0.8070664247949415,0.2875711898526988,0.918918918918919,0.09883720930232558,0.42015960012791975,0.8513513513513513,0.21575342465753425
112_00_4_91_2_09_9_29_28_55,112.0,0.9511901888666636,0.9883899425974647,0.9938417617046518,0.6005655043668098,1.0,0.36633663366336633,0.7701778775929886,1.0,0.5967741935483871
112_00_5_20_2_60_12_26_13_54,112.0,0.8749229649269493,0.9640343338914136,0.9631565458389981,0.3803870364143279,1.0,0.1522633744855967,0.5631169937023582,1.0,0.3231441048034934
113_00_0_00_0_96_7_64_11_08,113.0,0.8388093155930036,0.9533371621621621,0.8269181018670633,0.3267306882316491,0.9459459459459459,0.12110726643598616,0.4080024327145701,0.8513513513513513,0.20388349514563106
114_00_0_78_2_63_1_32_16_68,114.0,0.6417355762379138,0.8747271445358402,0.7223489535461995,0.17932079887072408,0.972972972972973,0.04169079328314997,0.30177443341445004,0.5675675675675675,0.17142857142857143
115_00_0_00_0_87_2_88_2_07,115.0,0.7776909197246433,0.9344249534016775,0.026271005117619817,-0.022710671775192974,0.013513513513513514,0.0014684287812041115,-0.017123258981776537,0.0,0.0
115_00_2_38_3_32_1_36_5_93,115.0,0.4621863303737752,0.8052910880708295,0.20429453134680964,0.06860252970996697,0.7027027027027027,0.01723566456745111,-0.003631675267746824,0.0,0.0
116_00_0_00_0_30_13_40_22_52,116.0,0.9777559571835515,0.9969569877569877,0.9930187450878039,0.8420520911071542,1.0,0.7115384615384616,0.862012871425241,0.972972972972973,0.7659574468085106
116_00_0_00_6_30_15_40_2_82,116.0,0.5907840209599373,0.8568676830676831,0.76149969340905,0.16719606828042757,0.9864864864864865,0.03675730110775428,0.3678896853484607,0.7567567567567568,0.18791946308724833
116_00_2_77_2_71_13_53_43_39,116.0,0.9786783092672657,0.9969097366597367,0.9761065021773556,0.819017231472004,0.972972972972973,0.6923076923076923,0.8861689619626543,0.972972972972973,0.8089887640449438
117_00_3_94_5_31_12_50_5_67,117.0,0.847945115662188,0.9542539166284929,0.9580624017484319,0.33353905657289706,1.0,0.1187800963081862,0.5152924903965569,0.9864864864864865,0.27547169811320754
118_00_0_00_0_55_15_53_12_18,118.0,0.7665844697724139,0.9268894617306382,0.8741764975276504,0.2578261471105601,0.9864864864864865,0.07533539731682147,0.39969528119922704,0.9459459459459459,0.17632241813602015
118_00_0_98_0_71_7_33_1_22,118.0,0.5572231735590946,0.8409312854871678,0.7981397631747273,0.1487375149285732,1.0,0.03034030340303403,-0.007163387865653992,0.0,0.0
119_00_1_18_1_32_14_60_2_11,119.0,0.6311200719797163,0.8702604166666666,0.9145632172179778,0.1721905795545492,1.0,0.03773584905660377,0.5063674115229857,0.918918918918919,0.2857142857142857
12_00_4_88_5_43_54_59_12_08,12.0,0.9607368294734908,0.9923997920997921,0.9664783591988743,0.9366909008798288,0.972972972972973,0.9113924050632911,0.9491017793939456,0.9594594594594594,0.9466666666666667
120_00_0_02_4_30_8_59_15_24,120.0,0.9739529323501415,0.995817210185392,0.9847799716777922,0.7784053578870467,0.972972972972973,0.6260869565217392,0.8246340792504188,0.9459459459459459,0.7216494845360825
120_00_5_09_6_15_3_72_27_57,120.0,0.9025735765524029,0.9722970962698235,0.9592844600630662,0.41252325824914554,1.0,0.17703349282296652,0.5964775392388959,0.972972972972973,0.3711340206185567
121_00_0_07_1_44_11_78_3_75,121.0,0.9257218878455282,0.98034657731502,0.9594466369504632,0.47937282033160894,0.9864864864864865,0.23934426229508196,0.6324753000422647,0.972972972972973,0.4161849710982659
122_00_0_00_1_67_7_31_6_41,122.0,0.6710429528443214,0.890261096462316,0.36661647465015224,0.11819187345764609,0.6486486486486487,0.03204272363150868,-0.006455972519724377,0.02702702702702703,0.005333333333333333
122_00_0_00_8_26_10_77_24_46,122.0,0.9438676772347179,0.9863815754779169,0.9816056222928574,0.5537137161345812,1.0,0.31223628691983124,0.6898043602191225,0.9864864864864865,0.4866666666666667
123_00_0_54_2_42_28_12_6_02,123.0,0.9134777574796529,0.9767234851787271,0.9776973676314387,0.441751178866108,1.0,0.2016348773841962,0.618428935370662,1.0,0.387434554973822
124_00_3_86_2_05_11_88_4_79,124.0,0.5870720530628086,0.8559495567567568,0.5596009450566564,0.15068641616883716,0.9324324324324325,0.03268593083846518,0.20731871404026908,0.4594594594594595,0.10493827160493827
125_00_0_48_1_61_10_04_6_96,125.0,0.9470173282748994,0.9878029172029172,0.9755166734700259,0.5740386415485896,1.0,0.334841628959276,0.6729509565787961,0.9594594594594594,0.47651006711409394
126_00_0_15_1_54_8_86_29_97,126.0,0.9319283502646222,0.9817924026388594,0.9633178743673483,0.479168727165197,1.0,0.2356687898089172,0.6690426165633636,0.972972972972973,0.4645161290322581
127_00_4_55_2_77_16_27_9_69,127.0,0.839743613662606,0.9514037584459459,0.9553623887203935,0.30646947758563003,0.9864864864864865,0.10238429172510519,0.48296879978100254,0.9864864864864865,0.2425249169435216
128_00_0_21_1_18_27_07_14_12,128.0,0.9019089778175563,0.9712836371254976,0.9768719827712978,0.3932773514498371,1.0,0.16122004357298475,0.6100562571571442,0.9864864864864865,0.38219895287958117
129_00_0_00_1_69_9_42_8_72,129.0,0.7778479195036045,0.9298268399168399,0.8792535393358162,0.2508255989805572,0.9864864864864865,0.07108081791626096,0.4226071396884324,0.9324324324324325,0.19827586206896552
13_00_6_08_9_79_33_18_20_56,13.0,0.9244369396642876,0.9836692084942085,0.9563020817164035,0.8700550201249072,0.9864864864864865,0.7849462365591398,0.876595981278618,0.9324324324324325,0.8414634146341463
130_00_2_12_2_68_25_82_15_07,130.0,0.8264077437968363,0.9463831029502785,0.9433821526404264,0.29184069865282924,1.0,0.0921544209215442,0.4515264088480488,0.9864864864864865,0.21282798833819241
131_00_0_87_2_55_1_26_0_41,131.0,0.756672146301056,0.9194925675675676,0.60895503333988,0.16387812453757886,0.7567567567567568,0.04455051710421639,-0.011202919152008177,0.0,0.0
131_00_1_87_0_33_16_05_0_79,131.0,0.7514755642889203,0.9185748976248976,0.9033274183332974,0.2269316261874576,1.0,0.05868358445678033,0.4411081680840446,0.9459459459459459,0.21212121212121213
131_00_6_32_0_87_9_78_0_00,131.0,0.9316168568761578,0.9873054873054873,0.05565715822598771,0.0822188170722999,0.08108108108108109,0.0967741935483871,0.0822188170722999,0.08108108108108109,0.0967741935483871
132_00_1_31_3_98_6_22_1_14,132.0,0.6647923350316449,0.8848078236130867,0.31027849402782237,0.10564215053636808,0.6621621621621622,0.026486486486486487,-0.009295992989187835,0.0,0.0
132_00_2_82_2_60_18_82_0_64,132.0,0.9572643736421874,0.99080836212152,0.9676419054874689,0.6201350429091187,0.972972972972973,0.4,0.6595863716325957,0.8783783783783784,0.5
133_00_0_64_0_94_5_09_3_30,133.0,0.8337613426287165,0.9514084409035901,0.7433521681783024,0.2754052290819827,0.8783783783783784,0.09406657018813314,0.3086882244658445,0.6891891891891891,0.14697406340057637
134_00_0_10_2_85_4_89_27_70,134.0,0.9094387325206926,0.9749811711711711,0.9689456503211883,0.42079990256898686,1.0,0.18316831683168316,0.5852758531316551,1.0,0.3474178403755869
134_00_0_40_1_36_8_83_20_14,134.0,0.9781659969601307,0.9966725725725726,0.989024502354353,0.7780215310635911,0.9594594594594594,0.6339285714285714,0.8366132239839729,0.918918918918919,0.7640449438202247
135_00_3_57_0_00_2_94_1_61,135.0,0.8127256122392442,0.948268759936407,0.018897892366873115,-0.02097060041752131,0.0,0.0,-0.015871711143270496,0.0,0.0
136_00_1_95_0_87_9_37_26_93,136.0,0.9033661457871371,0.972358561846518,0.9647316423066487,0.3893452714156953,1.0,0.15778251599147122,0.5892973941603061,0.972972972972973,0.36180904522613067
136_00_4_21_0_22_3_50_6_15,136.0,0.6939577290433174,0.8986284178338922,0.683747441567194,0.1823073819495324,0.918918918918919,0.0437862202189311,0.2625183918555827,0.6756756756756757,0.11086474501108648
137_00_0_00_1_05_2_63_7_18,137.0,0.7361426186792774,0.9153565902859381,0.915735483011698,0.22438743594143057,1.0,0.05723124516627997,0.38224252946135917,0.972972972972973,0.1565217391304348
137_00_0_00_3_02_15_97_20_50,137.0,0.961247020075675,0.9913899432040736,0.9678254570564155,0.61360179697778,0.9864864864864865,0.3862433862433862,0.7344657292292174,0.9459459459459459,0.5737704918032787
137_00_2_80_1_27_6_21_3_49,137.0,0.5723490250864502,0.8590288092440266,0.2124905485112868,0.0031798082262005168,0.22972972972972974,0.007762557077625571,-0.007249425397192064,0.0,0.0
138_00_0_58_1_89_9_93_2_99,138.0,0.7059572907628691,0.9024741590511375,0.6358959728310063,0.18714203041940894,0.918918918918919,0.04560697518443997,0.15061507135702856,0.4189189189189189,0.06485355648535565
139_00_0_00_0_83_9_16_1_78,139.0,0.7312319180757446,0.9125891023166023,0.0425550567352776,-0.025209243043086863,0.04054054054054054,0.0019933554817275745,-0.008116258985920166,0.0,0.0
14_00_9_99_9_25_46_28_11_15,14.0,0.9343798136866125,0.9866706306306307,0.9612139053147944,0.889585688604179,0.972972972972973,0.8275862068965517,0.883149363044275,0.9324324324324325,0.8518518518518519
140_00_0_00_0_18_1_88_2_78,140.0,0.8001070846806507,0.9438896108874832,0.0008169161935636104,-0.008298163308497693,0.04054054054054054,0.0044444444444444444,-0.0024352876264492358,0.02702702702702703,0.005970149253731343
141_00_0_00_2_49_3_04_16_31,141.0,0.9094116533295321,0.975045841263799,0.9343741831976189,0.4054149392806324,0.9864864864864865,0.17257683215130024,0.5306715150470965,0.9459459459459459,0.30303030303030304
142_00_4_78_2_70_17_94_5_53,142.0,0.8111486698563493,0.9407177187677188,0.7094558304137255,0.22631800304444744,0.8378378378378378,0.06881243063263041,0.2713720849375764,0.6486486486486487,0.12213740458015267
143_00_0_34_0_00_5_14_16_08,143.0,0.8233799379320635,0.9458692192192192,0.8696111517847467,0.2727235154402647,0.972972972972973,0.08304498269896193,0.3990707364992297,0.8378378378378378,0.19682539682539682
144_00_3_18_2_92_3_02_22_39,144.0,0.8379308428510995,0.9577296085740913,0.026329110657191346,0.013783131649421274,0.08108108108108109,0.012072434607645875,0.00773776402619053,0.04054054054054054,0.010830324909747292
145_00_0_00_5_22_18_31_8_79,145.0,0.90052448132664,0.9711514716771567,0.9890257239664173,0.376993551577523,1.0,0.148,0.5509657143514509,1.0,0.30833333333333335
146_00_0_00_0_32_15_48_6_47,146.0,0.8884136132468242,0.9685239933811363,0.9833458274353755,0.36353266815766183,1.0,0.13805970149253732,0.5197382225041386,1.0,0.275092936802974
146_00_0_00_1_40_15_82_2_23,146.0,0.8445080249477076,0.9563501930501931,0.7408919439946693,0.27593042372993426,0.8513513513513513,0.09662576687116564,0.297733993327966,0.6756756756756757,0.1392757660167131
146_00_0_70_3_08_26_42_5_10,146.0,0.8979104864574935,0.971032092296378,0.9684051619740127,0.37392206559960006,1.0,0.14566929133858267,0.5565746621683472,0.9864864864864865,0.31877729257641924
147_00_0_16_0_55_28_02_0_00,147.0,0.9543756221884805,0.9891528853177501,0.9567468623740358,0.5566033482531028,0.9864864864864865,0.31877729257641924,0.6885949734346901,0.9054054054054054,0.5275590551181102
147_00_1_10_3_45_16_40_2_82,147.0,0.9497730994601823,0.9887390065741417,0.9759305303022161,0.563138624952978,1.0,0.3217391304347826,0.6789421321218821,0.9864864864864865,0.47096774193548385
148_00_1_58_5_89_40_00_4_82,148.0,0.9164159669353783,0.9768760112461454,0.9641408528087754,0.4151262238220825,1.0,0.1778846153846154,0.5601167285017082,0.9594594594594594,0.3317757009345794
149_00_0_00_0_88_26_55_26_10,149.0,0.8806889068388141,0.9647981081081081,0.9827751645016707,0.3403174489939077,1.0,0.12171052631578948,0.5208273648193862,1.0,0.27611940298507465
15_00_3_20_2_70_85_33_15_91,15.0,0.9624634350757441,0.9933710304054054,0.9864640714382579,0.9403921253379307,1.0,0.891566265060241,0.9516726000723107,0.9864864864864865,0.9240506329113924
15_00_3_39_10_29_66_64_48_48,15.0,0.9628910250988626,0.9930492398648648,0.9903313742191915,0.9343531843023134,1.0,0.8809523809523809,0.9656549339576707,1.0,0.9367088607594937
150_00_3_55_0_53_9_16_24_58,150.0,0.8522924779808011,0.9547512081618041,0.9771869631693973,0.2986743196298423,1.0,0.09523809523809523,0.4740032584560101,1.0,0.22981366459627328
151_00_0_00_0_00_18_98_3_16,151.0,0.9452753282718499,0.9873199502133713,0.9924427911158047,0.5397571197718201,1.0,0.296,0.664915650402008,1.0,0.4457831325301205
151_00_4_10_0_00_2_11_12_58,151.0,0.6471500933899803,0.8750925231152205,0.7506205853075227,0.16121832344835182,1.0,0.03239929947460595,0.11708145601465486,0.24324324324324326,0.06716417910447761
152_00_4_22_1_50_11_08_6_57,152.0,0.7274619104631954,0.9075193693693694,0.8826054666700818,0.19053482060246243,1.0,0.04260218767990789,0.42874207357837324,0.8783783783783784,0.2152317880794702
153_00_0_00_0_56_28_71_6_48,153.0,0.9264267347951721,0.9805766233766233,0.9876408811506928,0.4444422061005503,1.0,0.20273972602739726,0.6095520466877136,1.0,0.3756345177664975
153_00_0_92_0_48_22_06_9_77,153.0,0.9677446417780061,0.9939881537381537,0.9363581823809997,0.6588074462421276,0.9324324324324325,0.46938775510204084,0.7171247799369099,0.8648648648648649,0.5981308411214953
154_00_0_39_2_43_3_19_0_47,154.0,0.7589350155446394,0.9240233653007847,0.43669509123069994,0.12503187912235741,0.581081081081081,0.03565505804311774,0.11804784650199435,0.33783783783783783,0.0513347022587269
155_00_4_24_2_86_1_81_18_11,155.0,0.8956329090360304,0.9705598492723493,0.9485833762504929,0.3661581896417898,1.0,0.13962264150943396,0.5145193793867545,0.972972972972973,0.27692307692307694
156_00_0_00_1_06_3_21_23_51,156.0,0.8593430135969311,0.9580734291616457,0.9286809592207073,0.30697030675746023,1.0,0.1,0.43033556899225756,0.9324324324324325,0.20414201183431951
157_00_0_00_0_00_4_43_12_39,157.0,0.7333531637425306,0.9131513427984947,0.8339107444068974,0.20255947432438198,0.9864864864864865,0.04774362328319163,0.33137023921527586,0.8783783783783784,0.13131313131313133
158_00_0_47_0_00_1_43_20_73,158.0,0.8184895202357878,0.9437620176780555,0.9493250981317645,0.263052467215921,1.0,0.07505070993914807,0.4213589516682434,1.0,0.18271604938271604
159_00_0_00_4_70_28_67_7_13,159.0,0.927354868016712,0.9806551689189189,0.9766343196364158,0.43200261420078523,1.0,0.19170984455958548,0.606011676215517,0.9864864864864865,0.37628865979381443
16_00_6_65_8_35_6_28_45_83,16.0,0.9450014704952057,0.9890496025437202,0.9590025935559742,0.9017896859474271,0.972972972972973,0.8470588235294118,0.903951955786434,0.9459459459459459,0.875
160_00_1_96_2_81_7_46_17_67,160.0,0.920224747637311,0.9784370068826591,0.9729083840329291,0.41255475006470094,1.0,0.17535545023696683,0.5863589789673843,0.9864864864864865,0.3526570048309179
161_00_0_19_0_64_0_00_0_96,161.0,0.8915104750117663,0.9744953703703704,0.005500925126376344,-0.012232278383997527,0.0,0.0,-0.009310332458770953,0.0,0.0
162_00_1_63_0_25_15_08_20_33,162.0,0.9169348330570801,0.9765167965511524,0.9735285717417667,0.39236372129898006,1.0,0.15913978494623657,0.5582353773700744,0.9864864864864865,0.3201754385964912
163_00_0_00_1_24_23_12_22_85,163.0,0.9416353145779559,0.9850566001977588,0.9708725405616393,0.475193558125932,1.0,0.23052959501557632,0.6540109506651332,0.9864864864864865,0.437125748502994
164_00_0_00_0_24_7_35_30_40,164.0,0.796386797406336,0.9352629484029484,0.8831474368164256,0.23236534152770044,0.972972972972973,0.061381074168797956,0.3620380185142482,0.9324324324324325,0.1461864406779661
164_00_1_46_0_39_4_24_11_16,164.0,0.8753937925413853,0.9626740376740377,0.9701464795259374,0.3124018970953674,1.0,0.10306406685236769,0.5368202994804242,1.0,0.2924901185770751
165_00_0_28_2_15_13_36_11_08,165.0,0.8793147314969383,0.9624347362422664,0.9914431590410167,0.2985666759470148,1.0,0.09462915601023018,0.5712256133076503,1.0,0.33035714285714285
166_00_1_77_0_00_3_96_6_96,166.0,0.7077242990671857,0.906511377245509,0.05098700678323642,-0.030093273448193663,0.0,0.0,-0.013597537767959527,0.0,0.0
167_00_0_00_0_17_9_07_22_45,167.0,0.8906407635065743,0.9671123873873874,0.9967619872054347,0.32972156677821735,1.0,0.1140215716486903,0.5599199214342673,1.0,0.31759656652360513
168_00_0_21_0_61_2_60_2_33,168.0,0.9193679665902608,0.9834349752118983,0.003764320509949237,-0.008471922417185291,0.0,0.0,-0.007301020754057114,0.0,0.0
169_00_0_00_2_83_9_28_0_93,169.0,0.5424962181606289,0.8379123847376788,0.7748670528792375,0.12337843695045987,0.9864864864864865,0.02130142982200175,0.2894300096849559,0.5405405405405406,0.16260162601626016
17_00_4_01_7_64_31_07_8_61,17.0,0.8864894871747027,0.9723512012012012,0.9562534614470939,0.7707902743670444,1.0,0.6166666666666667,0.8467279169867826,1.0,0.7326732673267327
17_00_4_49_12_39_43_63_31_96,17.0,0.941369792664676,0.9887993243243243,0.9743048435396289,0.9063920764032288,1.0,0.8314606741573034,0.9098413265335613,0.9864864864864865,0.8488372093023255
170_00_1_04_2_55_15_96_23_72,170.0,0.9452526589383725,0.9866678283546705,0.9860386171161145,0.4972915840508736,1.0,0.25170068027210885,0.6652240474529686,1.0,0.4457831325301205
171_00_8_89_2_90_3_76_11_91,171.0,0.9531488041803553,0.9896957338152106,0.9287933094608104,0.5183181085527915,0.918918918918919,0.29694323144104806,0.6236574123294887,0.8918918918918919,0.44
172_00_0_74_1_62_20_83_14_41,172.0,0.9595891016387285,0.9911229339165756,0.9945849580210169,0.5700763809379925,1.0,0.3288888888888889,0.7148864675588061,1.0,0.5138888888888888
172_00_1_86_0_20_10_34_11_58,172.0,0.7084811643657927,0.9013042962037181,0.8871436679076161,0.18025789401072556,1.0,0.03808543489449305,0.34933814683575276,0.9459459459459459,0.1343570057581574
173_00_0_00_1_34_6_65_0_00,173.0,0.5954867408549995,0.8563226234855545,0.8090871550219381,0.1343285361816045,1.0,0.023687580025608196,0.1233298002450162,0.24324324324324326,0.072
173_00_1_36_0_00_31_25_3_71,173.0,0.9067434443599133,0.9737162084498291,0.977266417955776,0.3683982471611338,1.0,0.14068441064638784,0.5265119978154353,1.0,0.2813688212927757
174_00_0_00_0_98_4_24_1_12,174.0,0.7953555733205049,0.9409657992277992,0.033957003494713756,-0.02114799961004627,0.0,0.0,-0.01348176848069967,0.0,0.0
175_00_5_65_1_15_8_04_1_34,175.0,0.5573068080272012,0.841229937039312,0.9668165081893854,0.12181476488188119,1.0,0.020436343551505108,0.5395466868901452,0.9864864864864865,0.29918032786885246
176_00_0_00_0_19_10_30_0_28,176.0,0.6938185801108699,0.8983042678271492,0.7726208322360362,0.17624849982985555,0.9864864864864865,0.037037037037037035,0.2649589927447181,0.6081081081081081,0.1226158038147139
176_00_0_00_2_31_4_86_3_36,176.0,0.5346153722833236,0.8348835471064284,0.9118397193005965,0.12081487833806917,1.0,0.020163487738419618,0.41621656786171185,0.8918918918918919,0.19939577039274925
176_00_0_45_0_14_13_41_7_37,176.0,0.9341684489894876,0.9830599404489235,0.9712313293905619,0.44210241511955745,1.0,0.2,0.5842747816000358,0.972972972972973,0.35467980295566504
177_00_0_00_5_00_13_18_1_93,177.0,0.9548058939318891,0.9902842241117522,0.9855702895427566,0.5601260392927605,1.0,0.31759656652360513,0.6633004768443594,1.0,0.4431137724550898
178_00_1_74_2_26_7_22_3_34,178.0,0.651403910598517,0.8813309149932055,0.6345657691628475,0.1454637258277613,0.9324324324324325,0.028524183546920216,0.17369811940298685,0.5,0.06826568265682657
178_00_2_37_1_85_17_03_14_39,178.0,0.6065345350423887,0.8658126377774422,0.9568101058474676,0.14188520053831874,1.0,0.02560553633217993,0.509559394248989,0.9864864864864865,0.2673992673992674
179_00_0_36_6_59_6_44_3_40,179.0,0.7058868305630217,0.9032506156156156,0.7286365451630072,0.17130106807213238,0.972972972972973,0.035696579077838374,0.18265585649985733,0.44594594594594594,0.0829145728643216
18_00_3_39_6_74_20_34_49_30,18.0,0.9548342697239635,0.9916464438122333,0.9854075022198094,0.917754492111343,1.0,0.8505747126436781,0.9350607597042153,1.0,0.8809523809523809
180_00_2_32_3_85_1_74_2_02,180.0,0.6589782761335878,0.88274793937584,0.38331459870008255,0.09195093198737826,0.6486486486486487,0.020202020202020204,-0.009425237932188994,0.013513513513513514,0.0019880715705765406
181_00_2_41_1_70_1_24_16_45,181.0,0.8885050728744882,0.9675600089100089,0.927772779816416,0.32691772391639945,1.0,0.11178247734138973,0.450791345981662,0.9459459459459459,0.219435736677116
181_00_2_58_1_08_0_99_6_73,181.0,0.5429210713772112,0.8384138624888624,0.2172571589615493,0.051473160760710755,0.5675675675675675,0.01186775925402656,-0.011352341727223995,0.0,0.0
182_00_2_57_0_15_4_56_13_72,182.0,0.9109472293258382,0.9757866637128932,0.8837187235499346,0.36072572947375575,0.9459459459459459,0.1425661914460285,0.47352032848631026,0.8783783783783784,0.26
183_00_0_56_1_47_2_44_8_08,183.0,0.5095209035812294,0.8258874926556992,0.6789043190989423,0.10026374723129744,0.972972972972973,0.015855538427659105,0.007746750629626582,0.013513513513513514,0.012987012987012988
183_00_3_69_1_54_2_65_2_08,183.0,0.9562017216513855,0.9926556991774383,0.0003500555278931339,-0.0032333401917525907,0.0,0.0,-0.0032333401917525907,0.0,0.0
184_00_0_58_0_01_3_94_0_09,184.0,0.817218610764941,0.9457092403214025,0.018664737231316453,-0.01963714457564931,0.0,0.0,-0.01274015874703823,0.0,0.0
184_00_4_76_0_00_0_00_2_40,184.0,0.6152406777903359,0.8663110445580716,0.771614537725553,0.14317246850123114,1.0,0.025792959219240155,0.28287157839422006,0.7972972972972973,0.1063063063063063
185_00_0_00_0_11_17_23_2_94,185.0,0.6125362800502134,0.8641285454809648,0.9582725270204441,0.13704689260048056,1.0,0.024057217165149546,0.4729887027863622,0.9864864864864865,0.2310126582278481
186_00_5_01_0_84_1_97_17_78,186.0,0.9661673211213085,0.9930680228356699,0.955054554564743,0.5850527894409224,0.9594594594594594,0.3604060913705584,0.712164958315747,0.9054054054054054,0.5630252100840336
187_00_0_60_0_16_10_97_11_23,187.0,0.9218983361119683,0.9790833165612421,0.9432433056021639,0.3908055646884368,0.9864864864864865,0.15938864628820962,0.5236369666108426,0.9594594594594594,0.2897959183673469
188_00_1_01_0_00_16_30_7_03,188.0,0.8560044288818258,0.954725218075218,0.9948844574749425,0.26410242567373876,1.0,0.07467204843592332,0.5178675467675048,1.0,0.27205882352941174
189_00_0_04_1_48_17_27_7_03,189.0,0.7153229423696169,0.9039844950213372,0.7618244758749972,0.1698966964091593,1.0,0.03397612488521579,0.2579192518836914,0.7027027027027027,0.10097087378640776
19_00_2_43_3_62_51_21_86_63,19.0,0.9793343806009281,0.9975406756756757,0.995384282979425,0.9661147696665692,1.0,0.9367088607594937,0.9792795208933002,1.0,0.961038961038961
190_00_0_00_0_13_19_37_16_06,190.0,0.9110394303407146,0.9739643696052073,0.9895469022926389,0.3451578700965135,1.0,0.12374581939799331,0.5603614632585902,1.0,0.31759656652360513
191_00_3_15_0_00_15_23_4_33,191.0,0.6439994920869931,0.879278223536036,0.8098166769445704,0.14863588109398648,1.0,0.02718589272593681,0.28216988261988,0.7297297297297297,0.11513859275053305
192_00_0_00_0_95_2_68_5_69,192.0,0.6675395553843297,0.8871260817812632,0.8170932137787622,0.15380763182732546,1.0,0.02871556072953046,0.27474964019650017,0.7567567567567568,0.10566037735849057
192_00_2_11_1_36_6_88_2_30,192.0,0.7943207363704798,0.9340417098445596,0.9137634726073307,0.21686082304794868,1.0,0.05196629213483146,0.37308382493705566,0.9459459459459459,0.15184381778741865
193_00_0_05_0_00_2_16_6_76,193.0,0.6368016384390085,0.8759433198662581,0.33563535255930577,-0.009118021959666692,0.13513513513513514,0.003780718336483932,-0.014729920470179195,0.0,0.0
194_00_0_00_0_01_9_11_19_44,194.0,0.9606528299398321,0.9913673735273735,0.9965915022267597,0.5604275359509714,1.0,0.31759656652360513,0.6981673872023917,1.0,0.4900662251655629
195_00_0_00_0_00_3_11_5_95,195.0,0.6978323717548522,0.895503585217871,0.8603290311062125,0.15935092400339268,1.0,0.030365203118588428,0.35930285795229916,0.8918918918918919,0.14965986394557823
196_00_1_84_3_30_0_00_0_00,196.0,0.7746894859974438,0.93034224173412,0.03463834159134149,-0.023078607838537334,0.0,0.0,-0.012181392967433226,0.0,0.0
197_00_0_00_1_76_5_23_10_28,197.0,0.8536981485571193,0.9567657384657384,0.8597763189493942,0.2653686707687964,0.9594594594594594,0.0782800441014333,0.3694926389639981,0.8918918918918919,0.15789473684210525
197_00_0_37_2_19_21_38_3_97,197.0,0.8774496868209527,0.9637025184275184,0.984658942644038,0.29646821248698557,1.0,0.0925,0.4636486965772078,1.0,0.21893491124260356
197_00_0_72_1_19_15_11_12_47,197.0,0.9029025004185016,0.9706481640731641,0.9977113062273572,0.3209797155688104,1.0,0.10755813953488372,0.5452190711837933,1.0,0.3008130081300813
198_00_0_00_1_89_22_21_2_24,198.0,0.5759914054902,0.848666807008013,0.3113278181056325,0.07114394018921884,0.6756756756756757,0.013854253255749516,-0.009282107576582302,0.0,0.0
199_00_1_06_1_35_6_62_12_91,199.0,0.9278288196509223,0.9803720270270271,0.9677853504975317,0.39446830040322534,1.0,0.15982721382289417,0.5270047126755717,0.972972972972973,0.2891566265060241
2_00_13_64_11_55_46_65_34_22,2.0,0.9455599132300412,0.9899490990990991,0.9756767664075628,0.9800644447124249,1.0,0.9736842105263158,0.9697464427701223,0.9864864864864865,0.9733333333333334
20_00_0_50_3_86_40_30_15_74,20.0,0.9191925614083833,0.9827734234234234,0.9176011383951365,0.8080744464778461,0.8918918918918919,0.75,0.8040123414561802,0.8513513513513513,0.7777777777777778
200_00_3_10_0_65_0_29_0_00,200.0,0.5064863440582925,0.8254384294742504,0.02402166202973366,-0.021716906294913196,0.16216216216216217,0.0026595744680851063,-0.004684667955115496,0.0,0.0
21_00_0_96_6_96_13_89_64_82,21.0,0.9490970948634279,0.989778316953317,0.9619545536561881,0.8762772318778805,0.972972972972973,0.8,0.8955740388936035,0.9594594594594594,0.8452380952380952
21_00_6_49_5_58_65_22_8_31,21.0,0.9818751592822607,0.9978321253071253,0.9916538449043057,0.9716859716859717,0.972972972972973,0.972972972972973,0.9641368179334232,0.9459459459459459,0.9859154929577465
22_00_1_00_8_60_82_87_39_03,22.0,0.9797418530219979,0.9971618683901292,0.9933291512136553,0.958249673108672,0.972972972972973,0.9473684210526315,0.9434889434889435,0.9459459459459459,0.9459459459459459
22_00_11_64_4_48_70_83_51_40,22.0,0.9780413108977084,0.9969696827262045,0.9933291522869662,0.966349828371701,1.0,0.9367088607594937,0.9649306940618209,0.972972972972973,0.96
23_00_2_15_8_94_3_73_9_79,23.0,0.915890707993119,0.9817199887387388,0.7686484218545917,0.7279090023430628,0.6756756756756757,0.8064516129032258,0.7159107670222419,0.6081081081081081,0.8653846153846154
23_00_3_20_4_54_58_38_45_70,23.0,0.9556111403287769,0.9917037162162162,0.9797994590380532,0.8949026344844374,0.9864864864864865,0.8202247191011236,0.911210050159574,0.9864864864864865,0.8488372093023255
24_00_2_24_5_87_72_22_40_62,24.0,0.9454500703548862,0.9887844324324324,0.9840667362844714,0.8584595866742137,1.0,0.7474747474747475,0.90267093384844,1.0,0.8222222222222222
25_00_2_97_6_20_21_00_67_37,25.0,0.9237873200965834,0.981443762993763,0.9574896747797961,0.7754568545917518,1.0,0.6166666666666667,0.8544820349953913,0.9594594594594594,0.7717391304347826
26_00_8_50_10_40_48_78_40_50,26.0,0.9243329258984826,0.9825785785785786,0.9807328430445743,0.7828007750730831,1.0,0.6271186440677966,0.8544003745317532,1.0,0.74
27_00_0_00_8_21_5_42_17_01,27.0,0.9245097126803624,0.983545415057915,0.9292932338230453,0.7660234769723181,0.8783783783783784,0.6842105263157895,0.739445047448194,0.7837837837837838,0.7160493827160493
28_00_6_04_11_69_5_92_18_30,28.0,0.9359567226268543,0.9855220410065237,0.9098291282550226,0.7900730396100839,0.9324324324324325,0.6831683168316832,0.8149159669036743,0.8648648648648649,0.7804878048780488
29_00_1_61_7_29_73_12_13_59,29.0,0.9824333895771433,0.9982021621621622,0.9969444239239416,0.9731133552274451,1.0,0.9487179487179487,0.9796404835126283,1.0,0.961038961038961
3_00_4_45_11_36_12_41_41_29,3.0,0.8722752474163861,0.9730320945945946,0.9399970074567772,0.9248900944150001,1.0,0.891566265060241,0.9311150888273562,0.9864864864864865,0.9125
3_00_6_36_10_10_38_36_53_64,3.0,0.9217971048043246,0.9841537162162162,0.9657061696609088,0.9568760705263727,1.0,0.9367088607594937,0.9652066781907032,1.0,0.9487179487179487
30_00_4_57_4_32_53_47_22_81,30.0,0.916598124914063,0.9794755013077594,0.9728469083672346,0.7388907875725585,1.0,0.5606060606060606,0.8378084965689216,1.0,0.7115384615384616
31_00_2_57_8_37_55_93_13_06,31.0,0.9666620919641725,0.993601097972973,0.981021451663668,0.8857951273485366,0.9864864864864865,0.8021978021978022,0.9142941455885628,0.9594594594594594,0.8765432098765432
32_00_0_00_13_69_4_03_33_51,32.0,0.9438933495520662,0.9885008599508599,0.8408523982914351,0.7854184421552415,0.7972972972972973,0.7866666666666666,0.7485815890739103,0.7027027027027027,0.8125
32_00_3_68_11_43_7_29_7_89,32.0,0.919914606465782,0.9837097051597051,0.6736540416158048,0.6852284486974473,0.6351351351351351,0.7580645161290323,0.6783937867091073,0.6081081081081081,0.7758620689655172
33_00_0_88_4_49_5_91_16_41,33.0,0.9546262142703863,0.9918418918918919,0.9354476098004825,0.8735425842241729,0.9459459459459459,0.813953488372093,0.834500688417656,0.8783783783783784,0.8024691358024691
34_00_4_42_6_01_38_14_16_18,34.0,0.9602087143873905,0.9916057528957529,0.9670235495760001,0.8405191708885061,0.972972972972973,0.7346938775510204,0.9030615080610804,0.9594594594594594,0.8554216867469879
35_00_2_28_7_32_11_41_9_78,35.0,0.944580538153854,0.988203003003003,0.8209781971919454,0.7445516943939464,0.7567567567567568,0.7466666666666667,0.740345195911695,0.6891891891891891,0.8095238095238095
35_00_3_10_8_84_11_89_27_17,35.0,0.9617656130136385,0.9925020645645646,0.9483477163371197,0.850555031280588,0.9054054054054054,0.8072289156626506,0.8371330331534499,0.8243243243243243,0.8591549295774648
36_00_2_15_5_63_8_62_45_17,36.0,0.9400714343519665,0.9879271000730461,0.9650129144013057,0.8108891966087588,0.9864864864864865,0.6759259259259259,0.8353764736955296,0.9864864864864865,0.7156862745098039
37_00_14_80_2_89_15_49_34_73,37.0,0.9575967267444762,0.9914180654338549,0.9534825476629711,0.8268027058145092,0.9324324324324325,0.7419354838709677,0.8380289852548387,0.8648648648648649,0.8205128205128205
37_00_2_73_4_78_19_82_41_02,37.0,0.9751434007394828,0.9959601706970128,0.9583114882973056,0.901461369591875,0.9459459459459459,0.8641975308641975,0.9073061378492475,0.8783783783783784,0.9420289855072463
37_00_3_47_7_62_8_75_11_62,37.0,0.9620960458025191,0.9930751422475107,0.9641057991943793,0.8613014970684753,0.9594594594594594,0.7802197802197802,0.8671752400735144,0.9054054054054054,0.8375
38_00_0_69_6_69_5_61_12_52,38.0,0.9284509064023907,0.9837631323631324,0.9718852612137753,0.7530093135651043,1.0,0.578125,0.8149324097959812,1.0,0.6727272727272727
38_00_5_02_3_27_5_40_4_26,38.0,0.8130094900302901,0.9451128551628551,0.8160135630149369,0.4662071134121746,0.9459459459459459,0.25089605734767023,0.5408091815425533,0.7702702702702703,0.4014084507042254
39_00_8_47_7_40_19_22_10_17,39.0,0.9499765358762485,0.9895177702702703,0.9687156616683401,0.8074519440010848,0.9864864864864865,0.6697247706422018,0.83797233347343,0.9594594594594594,0.7395833333333334
4_00_7_11_10_02_77_59_71_55,4.0,0.9738812781456739,0.9959397297297298,0.9933559267356765,0.9831081081081081,0.9864864864864865,0.9864864864864865,0.9831081081081081,0.9864864864864865,0.9864864864864865
4_00_8_12_10_38_76_22_31_68,4.0,0.9770510290573277,0.9961943243243243,0.9938230881280508,0.9834151021607787,1.0,0.9736842105263158,0.9831081081081081,0.9864864864864865,0.9864864864864865
40_00_4_49_1_89_11_07_7_47,40.0,0.9512500875282736,0.9901451219512195,0.9179756186608016,0.7794080573336758,0.8513513513513513,0.7241379310344828,0.783899342728542,0.7837837837837838,0.7945205479452054
40_00_4_80_4_62_37_76_6_94,40.0,0.9582301368676663,0.9911611733684904,0.9866344902807084,0.8310030311231417,1.0,0.6981132075471698,0.8866487073145867,0.9864864864864865,0.8021978021978022
41_00_1_72_4_09_14_10_63_55,41.0,0.9562692887179538,0.9910496782496783,0.9567417769814747,0.819971538425113,0.972972972972973,0.6990291262135923,0.8366467590026578,0.9324324324324325,0.7582417582417582
42_00_4_85_6_42_26_80_38_70,42.0,0.9502536253741459,0.9889897234443746,0.979500370216676,0.7794483193513746,1.0,0.6166666666666667,0.8474571483295958,0.9594594594594594,0.7553191489361702
43_00_0_00_6_76_4_88_5_25,43.0,0.9204830935912143,0.9804159398034398,0.8999191627685628,0.6592625036404272,0.9459459459459459,0.47297297297297297,0.7651907960885191,0.9054054054054054,0.6568627450980392
43_00_0_00_9_37_19_67_5_32,43.0,0.9528332616813096,0.9898299447174447,0.9579620159103047,0.788801757956362,0.9594594594594594,0.6574074074074074,0.7925899514132164,0.8648648648648649,0.735632183908046
43_00_1_86_3_44_4_83_58_24,43.0,0.9480238146698765,0.9880460073710073,0.975527338124496,0.7729214375397176,1.0,0.6065573770491803,0.8674181874811431,0.9864864864864865,0.7684210526315789
43_00_3_58_8_14_43_09_31_32,43.0,0.9736828756758572,0.9961175061425062,0.9771829784968473,0.9130107460361653,0.9864864864864865,0.8488372093023255,0.9224679934661723,0.972972972972973,0.8780487804878049
44_00_0_08_5_56_16_52_28_80,44.0,0.9721877402071105,0.9955643543543543,0.9310867627777664,0.8810554700237331,0.918918918918919,0.85,0.881765035049106,0.8783783783783784,0.8904109589041096
44_00_4_60_4_79_15_42_4_80,44.0,0.9294415748905659,0.9835292192192192,0.9453004670996661,0.7100001888850525,0.972972972972973,0.5294117647058824,0.7733920051963377,0.9324324324324325,0.6509433962264151
45_00_11_27_2_53_52_32_6_84,45.0,0.9462248759576508,0.9876385428907168,0.9628180705477618,0.7527898120334018,0.9864864864864865,0.584,0.8296873213145074,0.9594594594594594,0.7244897959183674
46_00_1_85_5_31_2_48_20_17,46.0,0.9497179506366327,0.9897002012650948,0.9068759454207997,0.7372457055324285,0.8243243243243243,0.6703296703296703,0.7289840389673872,0.7297297297297297,0.7397260273972602
46_00_3_70_3_86_25_24_75_35,46.0,0.9803612625216921,0.9974488786658999,0.9974122921196343,0.9315443822284482,1.0,0.8705882352941177,0.9671261378063248,1.0,0.9367088607594937
46_00_6_75_4_15_43_57_21_13,46.0,0.9044516799729149,0.9763084818861415,0.9143080625226402,0.626577341315053,0.9594594594594594,0.4226190476190476,0.7013773661056288,0.9324324324324325,0.5390625
47_00_0_00_7_39_33_49_9_44,47.0,0.8899193729686985,0.9701072635135135,0.944383551894207,0.566392652988429,0.9864864864864865,0.3395348837209302,0.7244868978018277,0.972972972972973,0.549618320610687
48_00_1_59_2_73_4_46_29_77,48.0,0.9251949787064319,0.9820645063430777,0.9503805172133043,0.6688881641208572,0.9864864864864865,0.46496815286624205,0.7711079778040419,0.9594594594594594,0.6283185840707964
49_00_1_99_4_53_35_10_24_32,49.0,0.9794017917049206,0.9975149459459459,0.9641439214047303,0.9320405883451228,0.9459459459459459,0.9210526315789473,0.9383781757642518,0.9459459459459459,0.9333333333333333
5_00_4_31_10_50_55_73_14_67,5.0,0.9469397190875368,0.9907308558558559,0.9782764108833635,0.9687422456265332,1.0,0.9487179487179487,0.9603815430149473,0.9864864864864865,0.948051948051948
5_00_4_73_11_26_98_38_59_75,5.0,0.9650382586129921,0.9940488738738739,0.9891382089231482,0.9763435631204588,1.0,0.961038961038961,0.9758381846400693,0.9864864864864865,0.9733333333333334
50_00_0_00_3_54_30_88_7_87,50.0,0.9588879016172921,0.9916922098569158,0.957939789045863,0.7895598203728854,0.9594594594594594,0.6574074074074074,0.8470233221257624,0.9324324324324325,0.7752808988764045
51_00_2_86_6_83_20_34_29_60,51.0,0.9736588357977083,0.9958856548856548,0.9678782804020404,0.8749308181648238,0.9459459459459459,0.813953488372093,0.904895383478756,0.918918918918919,0.8947368421052632
51_00_3_68_3_82_47_05_6_54,51.0,0.9418347690536276,0.9863962577962578,0.9705469804355337,0.7105378514813544,0.9864864864864865,0.5214285714285715,0.812565062994914,0.9864864864864865,0.6759259259259259
52_00_2_33_4_42_40_59_49_71,52.0,0.9153782737135076,0.9765976542580316,0.9902918916156614,0.5966644110731386,1.0,0.3681592039800995,0.7805734249863185,1.0,0.6166666666666667
53_00_0_00_2_70_21_30_15_66,53.0,0.955300800733279,0.991019094094094,0.970191078850381,0.7904125060318448,0.9864864864864865,0.6403508771929824,0.8498644235309125,0.9864864864864865,0.7373737373737373
53_00_0_60_15_22_9_38_24_83,53.0,0.9485483797727056,0.9885418168168169,0.9634639270196895,0.7385445800499449,0.9594594594594594,0.5772357723577236,0.7820553610549767,0.918918918918919,0.6732673267326733
54_00_3_14_6_15_3_28_4_83,54.0,0.9037505150970513,0.9751372481572481,0.8926011694825905,0.5753094733660349,0.9459459459459459,0.3626943005181347,0.6419100916690565,0.8513513513513513,0.49606299212598426
55_00_0_36_4_48_23_00_37_63,55.0,0.9657621876680622,0.9932196428571428,0.9736539044153844,0.817114245773495,0.972972972972973,0.6923076923076923,0.8453994332417049,0.9459459459459459,0.7608695652173914
55_00_6_09_3_52_2_80_15_16,55.0,0.9240545650134306,0.9813513996138996,0.8780672697433315,0.6134727948236837,0.8918918918918919,0.4342105263157895,0.6837707267618313,0.8378378378378378,0.5688073394495413
56_00_1_53_6_81_15_03_50_43,56.0,0.9748053835604462,0.9961474158368895,0.988819677294989,0.8874879501099416,0.9864864864864865,0.8021978021978022,0.9061118856949478,0.972972972972973,0.8470588235294118
57_00_0_53_1_94_18_61_12_64,57.0,0.9534420773125122,0.9893047763280521,0.9299409394901799,0.7067586077807891,0.918918918918919,0.5528455284552846,0.8065321141901319,0.8783783783783784,0.7471264367816092
58_00_0_00_2_13_16_83_21_84,58.0,0.9326181972106206,0.9846851351351351,0.8378909211719863,0.6082884421785911,0.8108108108108109,0.46875,0.6391444392060734,0.7162162162162162,0.5824175824175825
59_00_0_84_1_91_34_41_10_20,59.0,0.9514160298405953,0.9884997522522523,0.9903896279574751,0.7162473490210688,1.0,0.5211267605633803,0.8447925842768951,1.0,0.7184466019417476
6_00_7_80_13_47_53_60_62_63,6.0,0.9895444818850624,0.9999635135135135,1.0,1.0,1.0,1.0,1.0,1.0,1.0
60_00_5_49_1_95_6_14_31_56,60.0,0.9539764163253147,0.9906514621178556,0.8258615744785518,0.6880338804463231,0.7432432432432432,0.6470588235294118,0.6673952733801499,0.6351351351351351,0.7121212121212122
61_00_0_88_4_66_1_29_15_36,61.0,0.839241796064665,0.9529890366172624,0.9012392131585564,0.43878454409702433,1.0,0.20555555555555555,0.576515547215902,0.9459459459459459,0.3626943005181347
62_00_4_26_5_77_33_09_23_15,62.0,0.9254628969036098,0.9806079365079365,0.9716056717623439,0.6074584199343867,0.9864864864864865,0.38421052631578945,0.7607843776997899,0.9864864864864865,0.5934959349593496
62_00_5_67_5_76_18_69_63_81,62.0,0.9238282248721396,0.9804707207207207,0.9879604105713926,0.6094805804820218,1.0,0.38144329896907214,0.762000762001143,1.0,0.5873015873015873
63_00_1_23_2_79_4_71_3_76,63.0,0.927886530876576,0.9823513513513513,0.9668548954727533,0.6320255401755406,1.0,0.4088397790055249,0.7484424268074383,0.9864864864864865,0.5748031496062992
64_00_3_44_7_03_56_49_15_10,64.0,0.9238419687732294,0.9794193762993763,0.9929998705401715,0.5792861381964375,1.0,0.34579439252336447,0.7916666666666666,1.0,0.6324786324786325
65_00_1_39_3_54_24_95_24_83,65.0,0.9479731063728163,0.9870962735462735,0.9944852579536426,0.6717990052745065,1.0,0.45962732919254656,0.8327477381269719,1.0,0.6981132075471698
66_00_5_75_2_08_42_63_20_49,66.0,0.9729586585127699,0.9958416498588141,0.9913994218311241,0.8623506289700095,1.0,0.7474747474747475,0.87036279072006,0.9459459459459459,0.8045977011494253
67_00_0_37_2_73_35_47_3_47,67.0,0.9374788882687715,0.9846893282988871,0.9718653735652146,0.6474600800500291,1.0,0.4277456647398844,0.7741221912575816,0.9864864864864865,0.6134453781512605
68_00_0_15_3_83_31_61_3_95,68.0,0.9610090784494849,0.991766803760282,0.9863798169973748,0.7623860524676451,1.0,0.5873015873015873,0.8505311741442996,0.9864864864864865,0.7373737373737373
68_00_3_45_2_23_7_03_37_62,68.0,0.9620085663609347,0.9927063063063063,0.901840578690121,0.7392098777504679,0.8378378378378378,0.6595744680851063,0.7749151149454561,0.8243243243243243,0.7349397590361446
68_00_4_44_1_58_20_03_8_48,68.0,0.8788547397555156,0.9655085193889542,0.9656351646430715,0.4778055204396972,1.0,0.23948220064724918,0.6456281435913093,1.0,0.42528735632183906
69_00_0_00_1_18_3_70_9_02,69.0,0.9095620403668075,0.9776810231660231,0.9126912427604481,0.5526630832940773,0.9459459459459459,0.3333333333333333,0.6184288357682596,0.8783783783783784,0.4452054794520548
69_00_1_30_2_88_9_35_34_51,69.0,0.9403110736271177,0.9854549613899614,0.9771135054062108,0.6515577505722007,1.0,0.4327485380116959,0.7580770579584247,0.9864864864864865,0.5887096774193549
7_00_6_09_14_50_64_82_69_66,7.0,0.9731074874621954,0.9951103040540541,0.9881419351241946,0.977483042477076,1.0,0.961038961038961,0.9691119691119691,0.972972972972973,0.972972972972973
70_00_1_37_1_29_29_88_34_79,70.0,0.8800626141116055,0.964801218119528,0.9396813824236308,0.451314747056387,0.972972972972973,0.22085889570552147,0.6340127690559163,0.9594594594594594,0.42771084337349397
71_00_0_28_2_69_23_91_10_19,71.0,0.9745514562872105,0.9959631006006006,0.9100147402209756,0.8275728595687517,0.8243243243243243,0.8356164383561644,0.821363528400358,0.7837837837837838,0.8656716417910447
71_00_0_71_2_64_3_23_4_77,71.0,0.8066852021259094,0.9480573198198198,0.2933900523114854,0.17610435521218662,0.4189189189189189,0.09422492401215805,0.1754806439198267,0.2972972972972973,0.125
72_00_2_09_3_57_7_20_12_88,72.0,0.8922232340015758,0.9697964272491669,0.9838050685709206,0.4930066485916347,1.0,0.2534246575342466,0.651820562336047,1.0,0.4327485380116959
72_00_6_96_5_27_54_16_4_62,72.0,0.9350389507079864,0.984319937060348,0.9838221274075517,0.6384477117581271,1.0,0.4157303370786517,0.7504984098902964,1.0,0.5692307692307692
73_00_0_60_4_44_16_98_16_09,73.0,0.9597601664864023,0.9924183893352813,0.8459189230745572,0.7315627152763522,0.8378378378378378,0.6458333333333334,0.6933590802851008,0.7162162162162162,0.6794871794871795
74_00_0_94_2_68_34_22_6_73,74.0,0.8960483791894113,0.9711121081081081,0.9870820828721586,0.48976000741676007,1.0,0.25,0.6881129801852843,1.0,0.4805194805194805
75_00_1_15_5_61_25_65_18_33,75.0,0.9628070478893856,0.9923751244665718,0.9856519015512689,0.747719178211746,1.0,0.5648854961832062,0.8464077519428077,0.9864864864864865,0.73
76_00_2_74_2_86_4_00_9_38,76.0,0.7614082917993844,0.9223671463671463,0.8286736283004081,0.30379322732500064,1.0,0.10407876230661041,0.4370909148112042,0.8243243243243243,0.244
77_00_3_17_1_92_17_31_13_99,77.0,0.9249139069680123,0.9814441787941788,0.9330804351056124,0.5811459459645093,0.9864864864864865,0.35096153846153844,0.6573450081595124,0.8783783783783784,0.5
78_00_1_75_5_11_3_16_49_54,78.0,0.9722073802237164,0.9949986486486486,0.9957808588216922,0.8101632359373442,1.0,0.6607142857142857,0.9055070512939256,1.0,0.8222222222222222
79_00_3_20_5_27_8_09_20_46,79.0,0.9467450230844622,0.989575945945946,0.6409857242658693,0.5590534799622868,0.5945945945945946,0.5365853658536586,0.567266477357398,0.5405405405405406,0.6060606060606061
8_00_2_40_9_87_66_46_34_50,8.0,0.9684963492114144,0.9953815315315315,0.9894500596918261,0.9778388574651916,1.0,0.961038961038961,0.9778388574651916,1.0,0.961038961038961
80_00_3_13_6_15_3_44_3_96,80.0,0.9018251441453137,0.9788475975975977,0.20453116191548615,0.15710914111268434,0.1891891891891892,0.15053763440860216,0.13068436497110347,0.13513513513513514,0.14705882352941177
81_00_3_00_7_40_52_17_38_41,81.0,0.949878798181207,0.9877006591957811,0.9981527098412152,0.6447727680342813,1.0,0.4228571428571429,0.8215442007047656,1.0,0.6788990825688074
82_00_3_09_6_78_11_16_7_93,82.0,0.8648453548961821,0.9624123901009443,0.9678998441206299,0.4282202750466476,1.0,0.19321148825065274,0.5812196446774792,1.0,0.34579439252336447
83_00_0_00_4_21_9_38_36_80,83.0,0.9672449584412044,0.9933503861003861,0.9787678592794008,0.752579463060525,0.9864864864864865,0.5793650793650794,0.8464045154018898,0.9459459459459459,0.7608695652173914
83_00_1_15_4_33_26_81_2_61,83.0,0.9640421575835424,0.9928018500643501,0.9742168741251832,0.7481440283145144,0.972972972972973,0.5806451612903226,0.8183355386849469,0.972972972972973,0.6923076923076923
83_00_3_14_4_66_2_77_7_21,83.0,0.7866368202265303,0.9381760135135135,0.30815223732017705,0.14544708153766328,0.43243243243243246,0.06625258799171843,0.12293706278109827,0.25675675675675674,0.0778688524590164
83_00_4_17_0_92_6_02_8_40,83.0,0.46018231588020597,0.8070134009009009,0.5314433606747453,0.1374230913176526,0.972972972972973,0.03139991277802006,-0.0013923242501485723,0.0,0.0
84_00_0_00_4_59_21_03_14_40,84.0,0.7702142208952599,0.9254188076311606,0.9054575803580499,0.2932214793954153,1.0,0.09673202614379085,0.49961257944337134,0.9324324324324325,0.27710843373493976
84_00_0_41_0_00_29_54_5_95,84.0,0.9398150719088181,0.986684546899841,0.9739858843438556,0.6393549451231276,1.0,0.4157303370786517,0.7088988418723179,0.9594594594594594,0.5298507462686567
84_00_4_97_1_65_4_14_26_40,84.0,0.906212900951759,0.9757348171701112,0.9343098708078987,0.5016259572160306,0.972972972972973,0.26765799256505574,0.6390899926415082,0.9594594594594594,0.4329268292682927
85_00_0_00_3_30_13_48_20_06,85.0,0.9383767196098108,0.9842488372093023,0.9549833125522478,0.5877056757625936,0.9864864864864865,0.35784313725490197,0.720022471657301,0.9594594594594594,0.5461538461538461
86_00_0_70_4_04_15_53_3_01,86.0,0.8899821676602528,0.9707226312519416,0.8528505076017922,0.43705194487029675,0.9054054054054054,0.22112211221122113,0.5301778015835722,0.8243243243243243,0.3505747126436782
86_00_0_94_1_10_14_88_53_00,86.0,0.9524567581763341,0.9889043025784405,0.995822458236324,0.6508512543793734,1.0,0.43023255813953487,0.7995828032491504,1.0,0.6434782608695652
86_00_2_30_1_62_17_93_3_67,86.0,0.895379025064228,0.9706204255980118,0.9812015717300943,0.4676665325728685,1.0,0.2276923076923077,0.6269156688215357,1.0,0.4
86_00_3_09_5_60_37_27_48_93,86.0,0.9854591051584418,0.9988339857098478,0.9979112291181614,0.9493706307029375,1.0,0.9024390243902439,0.9542207711909905,0.9864864864864865,0.9240506329113924
87_00_0_08_10_08_5_38_22_88,87.0,0.7067281012702036,0.9040021038083538,0.7968729139860664,0.25405298896265804,0.9864864864864865,0.07620041753653445,0.396522825209621,0.8378378378378378,0.1987179487179487
88_00_2_11_1_84_3_28_2_31,88.0,0.7404139150334901,0.9186678560583055,0.31792401645454704,0.14304411806353867,0.5405405405405406,0.05326231691078562,0.14045523656510883,0.2972972972972973,0.08396946564885496
89_00_2_10_2_42_4_01_24_19,89.0,0.9584712449585576,0.9910732882882883,0.9754184519037814,0.6982488417055415,0.9864864864864865,0.5,0.7918214474209223,0.972972972972973,0.6486486486486487
9_00_6_39_8_89_19_88_90_76,9.0,0.9612937423244806,0.9933332432432432,0.9874083262539856,0.9641973407736577,1.0,0.9367088607594937,0.9641973407736577,1.0,0.9367088607594937
90_00_3_02_6_95_54_08_2_61,90.0,0.9294203867474289,0.9819852984852985,0.970442872143669,0.5605380438032057,1.0,0.3217391304347826,0.7032363787456107,0.9864864864864865,0.5069444444444444
90_00_5_39_1_66_5_80_23_14,90.0,0.9169477236162673,0.982722185922186,0.19152809709085228,0.17372370181596833,0.1891891891891892,0.17721518987341772,0.16452534690916729,0.14864864864864866,0.2
91_00_0_00_1_37_25_92_3_66,91.0,0.9503555900925634,0.9880062573443008,0.9356161626214308,0.6167151250343306,0.9594594594594594,0.4034090909090909,0.7337685077408987,0.918918918918919,0.591304347826087
91_00_0_30_0_56_6_08_3_72,91.0,0.6761477617512147,0.8902383519388954,0.7527102833213284,0.22158949008008097,1.0,0.05943775100401606,0.2015494770686181,0.33783783783783783,0.1366120218579235
91_00_1_67_3_84_3_81_12_24,91.0,0.6395464680015639,0.8718374706227967,0.47832062935438546,0.1397375632472736,0.7432432432432432,0.03939828080229226,0.26625749646679947,0.4594594594594595,0.1691542288557214
92_00_2_71_3_35_19_40_30_55,92.0,0.9602314711234005,0.9918220430107527,0.9776480429635538,0.7157078749306607,1.0,0.5174825174825175,0.7992438843032407,0.9594594594594594,0.6698113207547169
93_00_0_69_0_91_2_27_27_25,93.0,0.5548700097251791,0.8453314692351926,0.7082180629443002,0.17464971683367023,1.0,0.04081632653061224,0.2976366618571522,0.44594594594594594,0.2129032258064516
94_00_1_70_2_95_27_42_3_39,94.0,0.9537111640382949,0.9894995590327169,0.9550122944760164,0.644881018537779,0.972972972972973,0.43373493975903615,0.7626345010941566,0.9459459459459459,0.6194690265486725
94_00_1_87_2_82_17_19_18_49,94.0,0.9181457356363221,0.9782637695590327,0.9320098178822187,0.5015869314785215,0.972972972972973,0.26666666666666666,0.6332020395055867,0.9324324324324325,0.43670886075949367
95_00_0_00_6_60_19_15_3_58,95.0,0.9236739684189142,0.9808788429054054,0.9735056031570487,0.5349911577279739,1.0,0.29365079365079366,0.6730443599144841,0.9864864864864865,0.46496815286624205
95_00_1_16_2_85_19_48_11_32,95.0,0.890898446873314,0.9730868524774775,0.6301716401864361,0.34612746708867004,0.6621621621621622,0.19291338582677164,0.3830941872063476,0.5945945945945946,0.25882352941176473
96_00_0_81_2_01_21_67_1_58,96.0,0.9497342842334663,0.9882775424909446,0.9652327626904365,0.6275570159562472,0.9864864864864865,0.40555555555555556,0.7504626972482482,0.9594594594594594,0.5916666666666667
96_00_7_79_1_21_14_04_21_46,96.0,0.6695624384816962,0.8909260100306492,0.6231325421291458,0.19422407835140157,0.8783783783783784,0.05403158769742311,0.3637293283822844,0.6081081081081081,0.22959183673469388
97_00_1_40_1_09_37_43_2_87,97.0,0.9310422519106224,0.9834093491450634,0.9677851862596639,0.5622865897180239,1.0,0.3231441048034934,0.6747827117672244,0.972972972972973,0.47368421052631576
98_00_0_66_3_51_17_58_7_66,98.0,0.9488126131742104,0.9881336472836473,0.9622901493340181,0.6206200702159274,0.9864864864864865,0.3967391304347826,0.7380966666057014,0.9594594594594594,0.5725806451612904
99_00_0_84_0_65_4_76_19_81,99.0,0.8516434199116192,0.9573616351351352,0.9533499958613558,0.37741867565155146,1.0,0.1510204081632653,0.5352718497946812,1.0,0.29365079365079366
