Name,CI,LSR,BSL,HMS,MCC_5,TPR_5,PPV_5,MCC_9,TPR_9,PPV_9
oc_12_10000_1000_1_0_p019_0710_1,2.742667404537908,0.9034641701606579,0.9760308295135295,0.9271685435992844,0.9266690580145893,0.9784172661870504,0.9160621761658031,0.941075582561125,0.9562811289429994,0.9573407202216067
oc_12_10000_1000_1_0_p019_0770_1,2.8450057405281286,0.8936961464625445,0.9742898178560765,0.9290612132062214,0.9228524217675969,0.9822043628013777,0.90625,0.9401956018767658,0.9626865671641791,0.9490662139219015
oc_12_10000_1000_1_0_p019_0800_1,2.9290780141843973,0.8980448277124624,0.9762852286401925,0.9260937128173481,0.9295199597723551,0.975177304964539,0.9212730318257957,0.9338148078171561,0.9509456264775413,0.9503839338452451
oc_12_10000_1000_1_0_p019_0830_1,3.047970479704797,0.892233471523576,0.9720628988149499,0.921097698553667,0.9099984324562053,0.9797047970479705,0.8884551031790295,0.9341108682196777,0.955719557195572,0.9452554744525548
oc_12_10000_1000_1_0_p019_0870_1,3.286472148541114,0.8937582194401171,0.9730027227722773,0.9250876967730572,0.9142271136156677,0.9787798408488063,0.8929219600725953,0.9371511271010372,0.9575596816976127,0.9462647444298821
oc_12_10000_1000_1_0_p019_0880_1,3.3714285714285714,0.9033905720604483,0.9763640678493619,0.9226400295158997,0.919293967230485,0.9755102040816327,0.9024543738200126,0.9313374814654227,0.9496598639455782,0.9445196211096076
oc_12_10000_1000_1_0_p019_0900_1,3.591304347826087,0.8920006745589691,0.9729465593434343,0.9232681376364515,0.9099232281297892,0.9775362318840579,0.8851706036745407,0.932850434453475,0.9557971014492753,0.9394586894586895
oc_12_10000_1000_1_0_p019_0920_1,4.009708737864078,0.889077576232197,0.9724554909560723,0.911858169598095,0.8986779994771077,0.9724919093851133,0.869753979739508,0.9219878887846508,0.9425566343042071,0.932746196957566
oc_12_10000_1500_1_5_p019_0710_1,2.742667404537908,0.862121420571588,0.962041934052935,0.8750268198794412,0.8839275009997924,0.9551743220807969,0.8783715012722646,0.8982402808100894,0.9064748201438849,0.9435483870967742
oc_12_10000_1500_1_5_p019_0770_1,2.8450057405281286,0.8559568023264703,0.9600697223051657,0.8733203041051553,0.8730938078300444,0.9563719862227325,0.8609819121447029,0.9011439660194036,0.9138920780711826,0.9392330383480826
oc_12_10000_1500_1_5_p019_0800_1,2.9290780141843973,0.8645415045746893,0.9633976684717208,0.873517430844496,0.8849170412075574,0.9533096926713948,0.8785403050108932,0.8961014312919382,0.8971631205673759,0.9469744229569557
oc_12_10000_1500_1_5_p019_0830_1,3.047970479704797,0.8501696335651852,0.9573196900638103,0.8690056851987689,0.8598799356325356,0.956949569495695,0.8392664509169363,0.8954029520619926,0.9145141451414515,0.9276356830941984
oc_12_10000_1500_1_5_p019_0870_1,3.286472148541114,0.8657610842195431,0.9628527691831683,0.8683235139847725,0.8761041001360048,0.9535809018567639,0.8610778443113772,0.8896471610445433,0.8779840848806366,0.9518332135154565
oc_12_10000_1500_1_5_p019_0880_1,3.3714285714285714,0.8633790575684454,0.9622237628384687,0.8578532526669437,0.8686823797717548,0.9408163265306122,0.8606098319850654,0.8819799898501486,0.8734693877551021,0.9434239529757531
oc_12_10000_1500_1_5_p019_0900_1,3.591304347826087,0.8468086954758631,0.957037105429293,0.8508707623483421,0.8492862170308462,0.9420289855072463,0.8290816326530612,0.8811962931895347,0.8847826086956522,0.9285171102661597
oc_12_10000_1500_1_5_p019_0920_1,4.009708737864078,0.8384513698769459,0.9562361434108527,0.8360574231562026,0.838059359085778,0.9385113268608414,0.8106219426974144,0.8546274510005103,0.860032362459547,0.9062233589087809
oc_12_10000_2000_2_0_p019_0710_1,2.742667404537908,0.852550473144223,0.9581782936566613,0.8356506663992135,0.8574320668220913,0.9214167127836193,0.8721843897328444,0.863808583738183,0.819590481460985,0.9794973544973545
oc_12_10000_2000_2_0_p019_0770_1,2.8450057405281286,0.8465958702457212,0.9563697372349955,0.8377562368138922,0.8571493398992156,0.9351320321469575,0.8578199052132701,0.8604020067932635,0.8277841561423651,0.963903743315508
oc_12_10000_2000_2_0_p019_0800_1,2.9290780141843973,0.8266081113621381,0.9497816335740072,0.8131188551865731,0.8275783372505677,0.9143026004728132,0.8339622641509434,0.8559328280739268,0.8197399527186762,0.9638637943015983
oc_12_10000_2000_2_0_p019_0830_1,3.047970479704797,0.816105095371156,0.9468107869948343,0.7989745405846986,0.8126864662002673,0.9126691266912669,0.8127053669222344,0.8420636910432978,0.8099630996309963,0.9502164502164502
oc_12_10000_2000_2_0_p019_0870_1,3.286472148541114,0.8414276475382474,0.9547853341584158,0.8121887741873375,0.835204405545544,0.906498673740053,0.8443483631871526,0.8351718817288952,0.7805039787798409,0.9663382594417077
oc_12_10000_2000_2_0_p019_0880_1,3.3714285714285714,0.8380162518723546,0.9541892934951759,0.806678738596362,0.8352717188087306,0.9027210884353741,0.8463010204081632,0.8300331009876584,0.7775510204081633,0.9596977329974811
oc_12_10000_2000_2_0_p019_0900_1,3.591304347826087,0.8296706474757392,0.9516226957070707,0.7971998402042416,0.8210407666053144,0.9,0.8247011952191236,0.820095780030157,0.7644927536231884,0.953887884267631
oc_12_10000_2000_2_0_p019_0920_1,4.009708737864078,0.8337571678426028,0.9516430878552972,0.7911296216101441,0.8017473824208924,0.901294498381877,0.7895109851169383,0.8184116873521444,0.7669902912621359,0.9423459244532804
oc_12_10000_2500_2_6_p019_0710_1,2.898245614035088,0.8378785724854689,0.953539288928893,0.8161135078446393,0.8361294028245249,0.9128654970760234,0.8474484256243214,0.8230341631860224,0.752046783625731,0.9846860643185299
oc_12_10000_2500_2_6_p019_0770_1,2.996372430471584,0.8477493355580198,0.9571357639939486,0.8173047053115321,0.841019257574031,0.9008464328899637,0.8627678054429647,0.822182097358804,0.7563482466747279,0.9765807962529274
oc_12_10000_2500_2_6_p019_0800_1,3.089775561097257,0.8150963225835118,0.9463719054878049,0.7697305993416521,0.7971219619230865,0.8728179551122195,0.824014125956445,0.80635156454801,0.7325436408977556,0.975103734439834
oc_12_10000_2500_2_6_p019_0830_1,3.205692108667529,0.8293951308095915,0.9519900799753922,0.7932244893283282,0.8289717882541305,0.8842173350582148,0.856516290726817,0.802543575594826,0.7244501940491591,0.975609756097561
oc_12_10000_2500_2_6_p019_0870_1,3.4852320675105486,0.8301952764109675,0.9523334744433992,0.7951115017244255,0.825436754125416,0.8825597749648383,0.847972972972973,0.795530846531634,0.7109704641350211,0.9739884393063584
oc_12_10000_2500_2_6_p019_0880_1,3.552688172043011,0.8131103292774061,0.9481928830105495,0.757263642476194,0.804052620114038,0.853763440860215,0.8411016949152542,0.75775821388458,0.6551971326164875,0.9723404255319149
oc_12_10000_2500_2_6_p019_0900_1,3.786096256684492,0.837580266348793,0.9536619473264166,0.776260406378186,0.8125780383513965,0.8601986249045073,0.8440779610194903,0.7661662674697097,0.653170359052712,0.986159169550173
oc_12_10000_2500_2_6_p019_0920_1,4.2107051826678,0.8444791972322243,0.9559843632806131,0.7816622039734291,0.8087067397289062,0.8657604078164826,0.8271103896103896,0.756750500340427,0.6346644010195412,0.9854881266490765
oc_12_10000_3000_3_1_p019_0710_1,3.480337078651685,0.8563350824107616,0.9607598746081505,0.8288851911385577,0.8646030394619448,0.8967696629213483,0.893006993006993,0.8150108437788236,0.7324438202247191,0.9830348727615457
oc_12_10000_3000_3_1_p019_0770_1,3.6201607012417822,0.8488751052719536,0.9591270355731225,0.8112852769035364,0.8551298096414796,0.8831263696128561,0.8896247240618101,0.788334014006163,0.7034331628926224,0.9678391959798995
oc_12_10000_3000_3_1_p019_0800_1,3.777439024390244,0.8487456266689362,0.9580282067645182,0.8074289468448115,0.8382048592688518,0.8894817073170732,0.8561995597945709,0.7904149726079504,0.7004573170731707,0.9724867724867725
oc_12_10000_3000_3_1_p019_0830_1,3.9584664536741214,0.8527889158172879,0.9602826514175258,0.8226452388666758,0.8600806164070051,0.8937699680511182,0.8831886345698501,0.7871981396025497,0.689297124600639,0.9773499433748585
oc_12_10000_3000_3_1_p019_0870_1,4.3321678321678325,0.8419956574087455,0.9551795901639344,0.7780513417213654,0.800984915106801,0.8723776223776224,0.8080971659919028,0.7814980571566379,0.6765734265734266,0.9772727272727273
oc_12_10000_3000_3_1_p019_0880_1,4.489130434782608,0.8641049460967707,0.9632914521452145,0.8083143273753911,0.847174941491117,0.8559782608695652,0.8931947069943289,0.7549068311740784,0.6358695652173914,0.9763560500695411
oc_12_10000_3000_3_1_p019_0900_1,4.8116504854368936,0.8589285809372723,0.9625637821583696,0.8049389278939506,0.8442514887445849,0.841747572815534,0.8993775933609959,0.7245988054937517,0.587378640776699,0.9773828756058158
oc_12_10000_3000_3_1_p019_0920_1,5.518930957683741,0.8755401055770972,0.9660880423641954,0.8013428745481791,0.8247060151170248,0.8452115812917594,0.8576271186440678,0.7399208756471946,0.5946547884187082,0.9907235621521335
oc_12_10000_3500_3_5_p019_0710_1,4.147280334728033,0.8744648481859811,0.9657001463176719,0.8278004600377511,0.8562959315419777,0.8711297071129707,0.896640826873385,0.8104669960399711,0.7196652719665272,0.9806157354618016
oc_12_10000_3500_3_5_p019_0770_1,4.324607329842932,0.8840406873096848,0.9689524090462144,0.845567773873728,0.867928704072821,0.8769633507853403,0.907859078590786,0.8018291295692114,0.7085514834205934,0.9759615384615384
oc_12_10000_3500_3_5_p019_0800_1,4.493200362647325,0.8630434762750693,0.9622127908895858,0.8063183729817325,0.8356962235678203,0.8676337262012692,0.8637184115523465,0.7964636959380832,0.7026291931097008,0.9711779448621554
oc_12_10000_3500_3_5_p019_0830_1,4.760806916426513,0.8688536821330053,0.964550591962648,0.8106291747241394,0.8475238687191462,0.8520653218059558,0.8950554994954592,0.7784335041989661,0.6676272814601345,0.9774964838255977
oc_12_10000_3500_3_5_p019_0870_1,5.294871794871795,0.8651887668893048,0.9616772742701969,0.7813049987154005,0.8068319514661105,0.8333333333333334,0.8414239482200647,0.780269417987774,0.6645299145299145,0.9795275590551181
oc_12_10000_3500_3_5_p019_0880_1,5.53125,0.8763774473882741,0.9670358851674641,0.8030678819741368,0.8357095926771607,0.8337053571428571,0.8871733966745843,0.7534560017842765,0.6216517857142857,0.9806338028169014
oc_12_10000_3500_3_5_p019_0900_1,6.126081582200247,0.8824368401838586,0.9688380572419775,0.8026803112646896,0.8389164599530096,0.8182941903584673,0.9043715846994536,0.7150568499097193,0.5587144622991347,0.9847494553376906
oc_12_10000_3500_3_5_p019_0920_1,7.193033381712627,0.8990542742258971,0.9739947918511958,0.8220091037901285,0.8494251077631833,0.8214804063860668,0.9143780290791599,0.7271708944469182,0.5674891146589259,0.9898734177215189
oc_12_10000_4000_4_0_p019_0710_1,4.887573964497041,0.8841359895548419,0.9694315075376885,0.8346840910518116,0.8545942485276885,0.8589743589743589,0.8988648090815273,0.8204990600769514,0.7268244575936884,0.9826666666666667
oc_12_10000_4000_4_0_p019_0770_1,5.211356466876971,0.89999983570534,0.9736886405959032,0.8500482062017082,0.8761939332498999,0.886435331230284,0.9054779806659506,0.8336662212644824,0.7434279705573081,0.9846796657381616
oc_12_10000_4000_4_0_p019_0800_1,5.518930957683741,0.8788986272957724,0.9674377519644688,0.8164922825351433,0.8362642293648105,0.8775055679287305,0.8464017185821697,0.8300572560323833,0.7472160356347439,0.9710564399421129
oc_12_10000_4000_4_0_p019_0830_1,5.9,0.8878540637773227,0.9702918046928917,0.829341464679355,0.8496704996275302,0.8416666666666667,0.9006369426751593,0.782106534037274,0.6738095238095239,0.9658703071672355
oc_12_10000_4000_4_0_p019_0870_1,6.752043596730245,0.8703901229239959,0.9644810193321617,0.7747918994337252,0.7926269200991863,0.8188010899182562,0.819918144611187,0.7749982549633672,0.6607629427792916,0.9623015873015873
oc_12_10000_4000_4_0_p019_0880_1,7.0,0.90037633670419,0.9732183792372882,0.8328114144135704,0.8332778421152408,0.8135593220338984,0.8944099378881988,0.7480326237486468,0.6045197740112994,0.981651376146789
oc_12_10000_4000_4_0_p019_0900_1,7.955056179775281,0.8979335483718314,0.9728305431080839,0.8146081284955575,0.8190577487970984,0.8218298555377207,0.8561872909698997,0.71013858704688,0.5409309791332263,0.9882697947214076
oc_12_10000_4000_4_0_p019_0920_1,10.012121212121212,0.9175724387244798,0.9792356815263255,0.8406835494333942,0.840021202063563,0.7858585858585858,0.9261904761904762,0.6485968066214269,0.4484848484848485,0.9910714285714286
oc_12_10000_500_0_5_p019_0710_1,2.742667404537908,0.9624659951515488,0.9928431761052787,0.9738655449249833,0.9788891388634072,0.9867183176535694,0.9823691460055096,0.9784286272546882,0.9784172661870504,0.9899216125419933
oc_12_10000_500_0_5_p019_0770_1,2.8450057405281286,0.954484590185591,0.991302463421917,0.9694625689631581,0.9744923431352833,0.9856486796785304,0.9766780432309442,0.9766653028126769,0.9764638346727899,0.9889534883720931
oc_12_10000_500_0_5_p019_0800_1,2.9290780141843973,0.9564355228834128,0.991812695547533,0.9697786713961212,0.9739238641032124,0.9846335697399528,0.9765533411488863,0.975350779922857,0.9739952718676123,0.9891956782713085
oc_12_10000_500_0_5_p019_0830_1,3.047970479704797,0.9495037721547068,0.9904765724703738,0.9684276645343117,0.9712033526661737,0.9858548585485855,0.9709267110841914,0.9725711074555018,0.9747847478474785,0.983860955927995
oc_12_10000_500_0_5_p019_0870_1,3.286472148541114,0.9519775150879388,0.990620869430693,0.9691234916597266,0.9700932613362814,0.9887267904509284,0.9656735751295337,0.9709727687538856,0.9748010610079576,0.980653769179453
oc_12_10000_500_0_5_p019_0880_1,3.3714285714285714,0.9514855005887717,0.9900862278244631,0.9659227848060429,0.9646010243511448,0.9823129251700681,0.9633088725817212,0.9712439004539472,0.972108843537415,0.9834824501032347
oc_12_10000_500_0_5_p019_0900_1,3.591304347826087,0.9452584596017128,0.9893522095959596,0.9635101472213348,0.9647809929519465,0.9847826086956522,0.9604240282685512,0.965657526206018,0.9702898550724638,0.9759475218658892
oc_12_10000_500_0_5_p019_0920_1,4.009708737864078,0.961833074427589,0.9928190083979328,0.9713118912515283,0.973410841001089,0.9862459546925566,0.9713147410358566,0.9720730869819844,0.9684466019417476,0.9868095630667766
oc_12_1000_1000_1_0_p019_0710_1,27.38121546961326,0.9098070536091439,0.9781708390110959,0.757404696453493,0.6707407386391862,0.7569060773480663,0.6171171171171171,0.7348754458144257,0.6243093922651933,0.8828125
oc_12_1000_1000_1_0_p019_0770_1,28.32,0.9237795140925942,0.9828430325472618,0.8370477801176096,0.7446015737998013,0.8571428571428571,0.6637168141592921,0.7510128715576629,0.6857142857142857,0.8391608391608392
oc_12_1000_1000_1_0_p019_0800_1,29.152941176470588,0.9150187291317246,0.9804800819352322,0.8015750708925549,0.7028706751856324,0.8176470588235294,0.6233183856502242,0.7715474903342988,0.7411764705882353,0.8181818181818182
oc_12_1000_1000_1_0_p019_0830_1,30.404907975460123,0.8983943055567831,0.9754500097675327,0.8398142016080424,0.7065936739036067,0.8957055214723927,0.5748031496062992,0.7777613984949482,0.7055214723926381,0.8712121212121212
oc_12_1000_1000_1_0_p019_0870_1,32.82119205298013,0.8908260739834,0.9733825141962013,0.7074601698563989,0.5837592777163256,0.7086092715231788,0.5047169811320755,0.668150719764472,0.5033112582781457,0.9047619047619048
oc_12_1000_1000_1_0_p019_0880_1,33.714285714285715,0.921190628164911,0.9822271017048795,0.829127488228494,0.7092558044727402,0.8571428571428571,0.6028708133971292,0.7335607933508638,0.6938775510204082,0.7906976744186046
oc_12_1000_1000_1_0_p019_0900_1,35.65467625899281,0.8911001293583014,0.9739861236506379,0.7497809744985842,0.6179542016503092,0.7913669064748201,0.502283105022831,0.6436434415823421,0.5179856115107914,0.8181818181818182
oc_12_1000_1000_1_0_p019_0920_1,39.96774193548387,0.9353068446930406,0.9867604527559055,0.7821286521466023,0.7366038378519302,0.7983870967741935,0.6923076923076923,0.7141556533585635,0.5887096774193549,0.8795180722891566
oc_12_1000_1500_1_5_p019_0710_1,27.38121546961326,0.900916321082542,0.9759419310881837,0.6646469638549264,0.6076456341308893,0.6353591160220995,0.6084656084656085,0.602053903823088,0.39779005524861877,0.935064935064935
oc_12_1000_1500_1_5_p019_0770_1,28.32,0.9227673774895934,0.9812514324693042,0.7687565659657265,0.6771356074045205,0.7657142857142857,0.6203703703703703,0.651257865000608,0.4857142857142857,0.8947368421052632
oc_12_1000_1500_1_5_p019_0800_1,29.152941176470588,0.8952875549647543,0.9731811353882169,0.689895493688661,0.5713451662714285,0.711764705882353,0.4859437751004016,0.5787306111309364,0.4764705882352941,0.7297297297297297
oc_12_1000_1500_1_5_p019_0830_1,30.404907975460123,0.8739065062782136,0.9662457511232663,0.6629447534111101,0.5109959892212861,0.7055214723926381,0.3993055555555556,0.6070308485935932,0.50920245398773,0.7477477477477478
oc_12_1000_1500_1_5_p019_0870_1,32.82119205298013,0.9075053591286083,0.9790401605639318,0.6456867565269415,0.580469210579886,0.4900662251655629,0.7115384615384616,0.4179458317181229,0.19205298013245034,0.9354838709677419
oc_12_1000_1500_1_5_p019_0880_1,33.714285714285715,0.9046354759712112,0.9779041544189693,0.6672654893353286,0.6059271149207709,0.6666666666666666,0.5730994152046783,0.4908322980389222,0.29931972789115646,0.8301886792452831
oc_12_1000_1500_1_5_p019_0900_1,35.65467625899281,0.8954174214777096,0.9767178802747792,0.6000475070825936,0.4738462157454391,0.43884892086330934,0.5398230088495575,0.3915806699407721,0.20863309352517986,0.7631578947368421
oc_12_1000_1500_1_5_p019_0920_1,39.96774193548387,0.910387036981956,0.9797958858267717,0.6743676096108624,0.5759584330608147,0.6370967741935484,0.541095890410959,0.40203905989557337,0.25806451612903225,0.6530612244897959
oc_12_1000_2000_2_0_p019_0710_1,27.38121546961326,0.8820009841700814,0.971409246642009,0.5051442334814811,0.5278760880805176,0.5303867403314917,0.5581395348837209,0.5240452313324399,0.2983425414364641,0.9473684210526315
oc_12_1000_2000_2_0_p019_0770_1,28.32,0.8727262017437856,0.9675746832976028,0.6006551556951194,0.5110320956776747,0.6685714285714286,0.4223826714801444,0.5312421794945505,0.3314285714285714,0.8787878787878788
oc_12_1000_2000_2_0_p019_0800_1,29.152941176470588,0.901874293890318,0.9760773507608271,0.5999548322132551,0.5045176264262884,0.43529411764705883,0.6166666666666667,0.4329252520706103,0.22941176470588234,0.8478260869565217
oc_12_1000_2000_2_0_p019_0830_1,30.404907975460123,0.882672650447328,0.9709943739011526,0.6625114814649053,0.5193681006092561,0.656441717791411,0.4403292181069959,0.5074701640297903,0.27607361963190186,0.9574468085106383
oc_12_1000_2000_2_0_p019_0870_1,32.82119205298013,0.8221318985523616,0.9550672214607402,0.3523551580672326,0.3079356418238271,0.3973509933774834,0.2777777777777778,0.0,0.0,0.0
oc_12_1000_2000_2_0_p019_0880_1,33.714285714285715,0.8438800226382823,0.9622976484420929,0.3952176902834128,0.34673161765284416,0.38095238095238093,0.3522012578616352,0.29639407627038533,0.12244897959183673,0.75
oc_12_1000_2000_2_0_p019_0900_1,35.65467625899281,0.8642843352318861,0.9692315799803729,0.5084709098014988,0.4451243581374554,0.48201438848920863,0.4407894736842105,0.22147959333080575,0.050359712230215826,1.0
oc_12_1000_2000_2_0_p019_0920_1,39.96774193548387,0.8555466116143353,0.9656176377952755,0.32421442942256706,0.29941645616551277,0.3387096774193548,0.2978723404255319,0.21692027093488364,0.11290322580645161,0.45161290322580644
oc_12_1000_2500_2_6_p019_0710_1,28.982456140350877,0.8633449360259888,0.9649941681295104,0.42177332194756256,0.3958285570209165,0.42105263157894735,0.4114285714285714,0.43333001200798754,0.2046783625730994,0.9459459459459459
oc_12_1000_2500_2_6_p019_0770_1,29.5,0.8826155031714742,0.9726553864168618,0.5831229792384345,0.45062735755201944,0.44642857142857145,0.49019607843137253,0.29430829959313437,0.09523809523809523,0.9411764705882353
oc_12_1000_2500_2_6_p019_0800_1,30.782608695652176,0.8782227476054798,0.9708258940785617,0.5201379134890716,0.4748046015093498,0.4720496894409938,0.5100671140939598,0.3906838398757417,0.22981366459627328,0.6981132075471698
oc_12_1000_2500_2_6_p019_0830_1,32.18181818181818,0.8802839829486292,0.9739508023483366,0.46422505991768737,0.48690730482094363,0.38311688311688313,0.6483516483516484,0.11225219498391645,0.012987012987012988,1.0
oc_12_1000_2500_2_6_p019_0870_1,34.179310344827584,0.8088325324918664,0.947113075867477,0.2169161223161452,0.18687063170404894,0.32413793103448274,0.14968152866242038,0.20255337460960998,0.07586206896551724,0.5789473684210527
oc_12_1000_2500_2_6_p019_0880_1,35.148936170212764,0.9124695003600052,0.9795077300372769,0.5645207037994089,0.4982920703725796,0.41134751773049644,0.6304347826086957,0.40075977111651945,0.18439716312056736,0.896551724137931
oc_12_1000_2500_2_6_p019_0900_1,37.54545454545455,0.8334483803053241,0.9599909394654088,0.2776191520674294,0.2503078941007168,0.2878787878787879,0.2550335570469799,0.2510532941067046,0.08333333333333333,0.7857142857142857
oc_12_1000_2500_2_6_p019_0920_1,42.724137931034484,0.8927899938863034,0.9778177247634069,0.5683188093884766,0.35917572126952735,0.19827586206896552,0.6764705882352942,0.09178883314310152,0.008620689655172414,1.0
oc_12_1000_3000_3_1_p019_0710_1,35.148936170212764,0.8854604962786717,0.9738757308220521,0.4329708796681082,0.47000810818371097,0.41843971631205673,0.5566037735849056,0.39207640087188045,0.1773049645390071,0.8928571428571429
oc_12_1000_3000_3_1_p019_0770_1,36.71111111111111,0.886354629191919,0.9742573757611471,0.4054960229680099,0.40398352627310197,0.4,0.43902439024390244,0.3812971674487112,0.16296296296296298,0.9166666666666666
oc_12_1000_3000_3_1_p019_0800_1,37.54545454545455,0.8870565534961794,0.9729813482704402,0.5452974878624904,0.4128702542636916,0.4621212121212121,0.39869281045751637,0.39924202511891904,0.21212121212121213,0.7777777777777778
oc_12_1000_3000_3_1_p019_0830_1,39.648,0.8876253098637771,0.9774767565439874,0.41645971562751816,0.42646911303275753,0.208,0.896551724137931,0.0,0.0,0.0
oc_12_1000_3000_3_1_p019_0870_1,43.095652173913045,0.8742602453045574,0.9663410569907316,0.45917829587299197,0.27730132554031256,0.4,0.22330097087378642,0.18444686252376133,0.034782608695652174,1.0
oc_12_1000_3000_3_1_p019_0880_1,44.648648648648646,0.8744965122501875,0.9747017564633905,0.22079427499090976,0.14339860407053406,0.07207207207207207,0.32,0.0,0.0,0.0
oc_12_1000_3000_3_1_p019_0900_1,47.2,0.8781975275951504,0.9736630310215373,0.38491767547792965,0.12546470854394967,0.0380952380952381,0.4444444444444444,0.0,0.0,0.0
oc_12_1000_3000_3_1_p019_0920_1,55.68539325842696,0.8506774077346447,0.9716995441030724,0.1696710579030819,0.259656698157813,0.1797752808988764,0.4,0.0,0.0,0.0
oc_12_1000_3500_3_5_p019_0710_1,40.95867768595041,0.9109955002076504,0.9809112271026197,0.542531269798584,0.48542530827657465,0.4628099173553719,0.5333333333333333,0.5165640392144206,0.32231404958677684,0.8478260869565217
oc_12_1000_3500_3_5_p019_0770_1,43.473684210526315,0.9351340644574008,0.9872024852071006,0.7123047921494026,0.6831872528658617,0.6228070175438597,0.7634408602150538,0.43613101048131814,0.21052631578947367,0.9230769230769231
oc_12_1000_3500_3_5_p019_0800_1,44.25,0.892359351975827,0.9769099842146803,0.5235692321289687,0.46111260240283547,0.4642857142857143,0.48148148148148145,0.4290912243095551,0.1875,1.0
oc_12_1000_3500_3_5_p019_0830_1,48.116504854368934,0.9122077949519327,0.9833020755089938,0.5938422392385574,0.4789891986663751,0.24271844660194175,0.9615384615384616,0.16896787070247526,0.02912621359223301,1.0
oc_12_1000_3500_3_5_p019_0870_1,53.869565217391305,0.8970315246799702,0.9780605784469096,0.49096082784903794,0.2891983249937836,0.29347826086956524,0.3103448275862069,0.14612115955221133,0.021739130434782608,1.0
oc_12_1000_3500_3_5_p019_0880_1,55.68539325842696,0.9090496038403517,0.9798177799801784,0.5274156593257653,0.18259692854439408,0.12359550561797752,0.2972972972972973,0.10507105829637396,0.011235955056179775,1.0
oc_12_1000_3500_3_5_p019_0900_1,60.4390243902439,0.8882504647014329,0.9792537316395395,0.12986500073636165,0.0,0.0,0.0,0.0,0.0,0.0
oc_12_1000_3500_3_5_p019_0920_1,72.88235294117646,0.8971210577636379,0.9795331210191083,0.48428505336741656,0.0,0.0,0.0,0.0,0.0,0.0
oc_12_1000_4000_4_0_p019_0710_1,49.06930693069307,0.9120114933111014,0.9820537472809966,0.4956940383068469,0.5421430077294588,0.4158415841584158,0.7241379310344828,0.38241216431661224,0.15841584158415842,0.9411764705882353
oc_12_1000_4000_4_0_p019_0770_1,52.16842105263158,0.9165217419271028,0.9833100376163136,0.4806189843830142,0.5545354130795012,0.4105263157894737,0.7647058823529411,0.340624646820529,0.1368421052631579,0.8666666666666667
oc_12_1000_4000_4_0_p019_0800_1,54.46153846153846,0.895833771437497,0.9794577174559144,0.5080782244998763,0.5169616920864044,0.43956043956043955,0.625,0.2750291359856727,0.07692307692307693,1.0
oc_12_1000_4000_4_0_p019_0830_1,58.305882352941175,0.8932588425661178,0.9809583415988891,0.30147932283530043,0.3103559211302313,0.15294117647058825,0.65,0.0,0.0,0.0
oc_12_1000_4000_4_0_p019_0870_1,67.89041095890411,0.8946851763098876,0.9766989659972162,0.28161892767902086,0.00900570562261485,0.0136986301369863,0.02702702702702703,0.0,0.0,0.0
oc_12_1000_4000_4_0_p019_0880_1,71.82608695652173,0.9124189850376648,0.981251263681592,0.5478028669000822,0.5014139646904396,0.3333333333333333,0.7666666666666667,0.23920815889811742,0.057971014492753624,1.0
oc_12_1000_4000_4_0_p019_0900_1,79.93548387096774,0.8977824925435944,0.9805615384615385,0.21005305245106431,-0.0022333995783881816,0.0,0.0,0.0,0.0,0.0
oc_12_1000_4000_4_0_p019_0920_1,99.12,0.900392527563408,0.9732705553335996,0.30280335745284104,0.11469117829951135,0.3,0.05952380952380952,0.0,0.0,0.0
oc_12_1000_500_0_5_p019_0710_1,27.38121546961326,0.9302506949880344,0.9869562390500292,0.9075257115043779,0.8596501834598053,0.9226519337016574,0.8106796116504854,0.9180321681081735,0.8950276243093923,0.9473684210526315
oc_12_1000_500_0_5_p019_0770_1,28.32,0.929942153688908,0.987320580783473,0.9318895560000837,0.875286541849049,0.9428571428571428,0.8208955223880597,0.9433665841376645,0.9371428571428572,0.9534883720930233
oc_12_1000_500_0_5_p019_0800_1,29.152941176470588,0.9416852220152371,0.990005911041748,0.9323552674870544,0.868522694047717,0.9470588235294117,0.805,0.9209063286331481,0.9235294117647059,0.9235294117647059
oc_12_1000_500_0_5_p019_0830_1,30.404907975460123,0.9282097352852935,0.9865010744285994,0.933551858752405,0.8438925188453481,0.9570552147239264,0.7536231884057971,0.9147115372867519,0.9202453987730062,0.9146341463414634
oc_12_1000_500_0_5_p019_0870_1,32.82119205298013,0.9388347104191088,0.9887848247503427,0.9404622667814564,0.8594578888439401,0.9536423841059603,0.782608695652174,0.922890588417316,0.9403973509933775,0.9102564102564102
oc_12_1000_500_0_5_p019_0880_1,33.714285714285715,0.9540687855617394,0.9916882030178327,0.9837898109394436,0.873384567888239,1.0,0.7696335078534031,0.9383829007600465,0.9591836734693877,0.9215686274509803
oc_12_1000_500_0_5_p019_0900_1,35.65467625899281,0.9021927878451553,0.9793180961727184,0.9640015158511533,0.7656297580574631,0.9856115107913669,0.6061946902654868,0.8953277243225425,0.9424460431654677,0.8562091503267973
oc_12_1000_500_0_5_p019_0920_1,39.96774193548387,0.9459440932699017,0.9906344094488189,0.9501581851804491,0.8461095005734857,0.9596774193548387,0.7531645569620253,0.9393909422078058,0.9596774193548387,0.9224806201550387
oc_12_2500_1000_1_0_p019_0710_1,10.964601769911505,0.9136965977700351,0.9797218380177515,0.907732834096115,0.858154386690668,0.9535398230088495,0.7952029520295203,0.8899424917768882,0.8849557522123894,0.91324200913242
oc_12_2500_1000_1_0_p019_0770_1,11.36697247706422,0.9029766771644829,0.9768853857566766,0.9117535502762032,0.8466847115976001,0.963302752293578,0.7678244972577697,0.8779856310080048,0.8899082568807339,0.8858447488584474
oc_12_2500_1000_1_0_p019_0800_1,11.71631205673759,0.8962860042948713,0.9753800148726529,0.9077430141615389,0.8297813914141418,0.9645390070921985,0.7391304347826086,0.8731795627283195,0.9101654846335697,0.8574610244988864
oc_12_2500_1000_1_0_p019_0830_1,12.176904176904177,0.8999471182091006,0.9745950773820623,0.9039515060059357,0.8129177113425714,0.9631449631449631,0.7127272727272728,0.8742766860178433,0.914004914004914,0.8551724137931035
oc_12_2500_1000_1_0_p019_0870_1,13.145888594164456,0.9206826182564268,0.981550740671292,0.9048949320972659,0.8506320136420918,0.9416445623342176,0.7888888888888889,0.8916143537374605,0.8859416445623343,0.912568306010929
oc_12_2500_1000_1_0_p019_0880_1,13.467391304347826,0.9148462885408507,0.9794372839969947,0.8956729326565375,0.8264647844121356,0.9375,0.7516339869281046,0.8540416535073867,0.8641304347826086,0.8641304347826086
oc_12_2500_1000_1_0_p019_0900_1,14.323699421965317,0.9131480968092703,0.9799098830629951,0.9232059553484369,0.8391963972480188,0.9624277456647399,0.7516930022573364,0.8875618780625699,0.9104046242774566,0.8798882681564246
oc_12_2500_1000_1_0_p019_0920_1,15.987096774193548,0.9034539661874922,0.9768722180022787,0.8850351350553428,0.7955467952145799,0.9290322580645162,0.7041564792176039,0.8510669377728721,0.8709677419354839,0.8490566037735849
oc_12_2500_1500_1_5_p019_0710_1,10.964601769911505,0.8800244212667524,0.9677609652366864,0.7891558657376259,0.7513268040744614,0.838495575221239,0.7137476459510358,0.7912838848303362,0.7278761061946902,0.8940217391304348
oc_12_2500_1500_1_5_p019_0770_1,11.36697247706422,0.8805564698239653,0.9672083642433235,0.8281097761258376,0.7548323939075667,0.8944954128440367,0.6747404844290658,0.7981887203288688,0.7844036697247706,0.8444444444444444
oc_12_2500_1500_1_5_p019_0800_1,11.71631205673759,0.8696616472345807,0.9659564788994237,0.7989464545150724,0.7504479404366152,0.8723404255319149,0.6833333333333333,0.7690338496476278,0.7257683215130024,0.850415512465374
oc_12_2500_1500_1_5_p019_0830_1,12.176904176904177,0.8522721409759895,0.9587042513518553,0.785982935585829,0.6930355085186474,0.8771498771498771,0.5910596026490066,0.7248568402884494,0.687960687960688,0.8045977011494253
oc_12_2500_1500_1_5_p019_0870_1,13.145888594164456,0.8707445762199507,0.9645661541346334,0.7767896108884317,0.7128671405500926,0.8514588859416445,0.6356435643564357,0.7656557696367822,0.6923076923076923,0.8787878787878788
oc_12_2500_1500_1_5_p019_0880_1,13.467391304347826,0.8897195533363154,0.9697198347107439,0.7781270129516024,0.7071543491916106,0.7934782608695652,0.6697247706422018,0.7452137796193647,0.6630434782608695,0.8714285714285714
oc_12_2500_1500_1_5_p019_0900_1,14.323699421965317,0.856512261130113,0.960156846473029,0.7634119805451972,0.6626183889617254,0.8497109826589595,0.5578747628083491,0.7336730966667512,0.6763005780346821,0.8297872340425532
oc_12_2500_1500_1_5_p019_0920_1,15.987096774193548,0.8797158542725558,0.9680002658564375,0.8106933817970112,0.7114070753935438,0.8806451612903226,0.6066666666666667,0.7020527049241928,0.6741935483870968,0.7655677655677655
oc_12_2500_2000_2_0_p019_0710_1,10.964601769911505,0.869987169077799,0.9645748705621302,0.7413694539420281,0.7211235789919995,0.8008849557522124,0.6948176583493282,0.7487094748952989,0.6283185840707964,0.9311475409836065
oc_12_2500_2000_2_0_p019_0770_1,11.36697247706422,0.875670472670582,0.9658518545994065,0.7569897588557293,0.7342246968206229,0.8279816513761468,0.6928982725527831,0.7458707167249702,0.6353211009174312,0.9141914191419142
oc_12_2500_2000_2_0_p019_0800_1,11.71631205673759,0.8605699582439115,0.9623471091280907,0.7135292280079147,0.7012621057097754,0.7801418439716312,0.6762295081967213,0.7363512307716938,0.6264775413711584,0.9044368600682594
oc_12_2500_2000_2_0_p019_0830_1,12.176904176904177,0.846507647273572,0.9570887190005594,0.7184311732399911,0.654833998714575,0.7837837837837838,0.5973782771535581,0.6857296594566781,0.6068796068796068,0.8205980066445183
oc_12_2500_2000_2_0_p019_0870_1,13.145888594164456,0.8719533248422889,0.9650726045377837,0.7345716416657434,0.7083830488900158,0.8037135278514589,0.6644736842105263,0.6783147063284732,0.5278514588859416,0.9128440366972477
oc_12_2500_2000_2_0_p019_0880_1,13.467391304347826,0.8735866401541388,0.9659555785123967,0.711555509098766,0.6810610949638664,0.7608695652173914,0.6526806526806527,0.6822871847891421,0.5434782608695652,0.8968609865470852
oc_12_2500_2000_2_0_p019_0900_1,14.323699421965317,0.859899489467671,0.9613868351565447,0.6960589766073733,0.6432100748575003,0.7745664739884393,0.5788336933045356,0.6509507337637879,0.5057803468208093,0.8793969849246231
oc_12_2500_2000_2_0_p019_0920_1,15.987096774193548,0.8631001213151944,0.9627011014052411,0.6742612951115659,0.594304849444678,0.6612903225806451,0.5807365439093485,0.5723777459846588,0.47419354838709676,0.7386934673366834
oc_12_2500_2500_2_6_p019_0710_1,11.552447552447552,0.8827055543160481,0.9702358031569174,0.725666476963643,0.7629797407030541,0.7435897435897436,0.8200514138817481,0.6528060185524174,0.47086247086247085,0.9528301886792453
oc_12_2500_2500_2_6_p019_0770_1,11.85645933014354,0.8668643641773145,0.9656460364719017,0.7011195925844518,0.6971128304433378,0.715311004784689,0.7257281553398058,0.639101725855827,0.4904306220095694,0.8836206896551724
oc_12_2500_2500_2_6_p019_0800_1,12.359102244389028,0.8609500993339466,0.9632985066268434,0.7054136598344176,0.6893074608962647,0.7630922693266833,0.6681222707423581,0.6455524982094878,0.4937655860349127,0.8918918918918919
oc_12_2500_2500_2_6_p019_0830_1,12.973821989528796,0.8545460887139843,0.9607816410640689,0.647270652051188,0.6507643315699686,0.6884816753926701,0.6641414141414141,0.6429172405200404,0.4895287958115183,0.8904761904761904
oc_12_2500_2500_2_6_p019_0870_1,14.0,0.8727301096425111,0.9659832203389831,0.6632383046131969,0.667281315878283,0.6864406779661016,0.6923076923076923,0.6206238262027288,0.4435028248587571,0.9127906976744186
oc_12_2500_2500_2_6_p019_0880_1,14.11965811965812,0.907280684560515,0.9763622197098172,0.7682945150560275,0.7542286024967051,0.7122507122507122,0.8305647840531561,0.6088294804076059,0.4074074074074074,0.9533333333333334
oc_12_2500_2500_2_6_p019_0900_1,15.249230769230769,0.8808390762941063,0.9701380420374929,0.6913882084296619,0.6710826061801607,0.6553846153846153,0.726962457337884,0.534046240985754,0.3261538461538461,0.9217391304347826
oc_12_2500_2500_2_6_p019_0920_1,16.5752508361204,0.8825382954466843,0.969984795432921,0.6509605083314037,0.6427391111489461,0.5919732441471572,0.7375,0.4481237637160067,0.22742474916387959,0.9315068493150684
oc_12_2500_3000_3_1_p019_0710_1,13.805013927576601,0.8935322038048698,0.9729878080903105,0.7533847737138382,0.7384828936857353,0.7604456824512534,0.7520661157024794,0.6935806733891411,0.5348189415041783,0.9365853658536586
oc_12_2500_3000_3_1_p019_0770_1,14.619469026548673,0.8843702468416109,0.971122134088763,0.7138737752550581,0.7116311354811949,0.7256637168141593,0.7343283582089553,0.6691794907585727,0.5309734513274337,0.8823529411764706
oc_12_2500_3000_3_1_p019_0800_1,15.018181818181818,0.8539600747436383,0.9615787930382141,0.6520207105676419,0.6293963944444185,0.7151515151515152,0.5989847715736041,0.6447845194310433,0.49696969696969695,0.8770053475935828
oc_12_2500_3000_3_1_p019_0830_1,15.634069400630915,0.8891225263129722,0.9724936468803338,0.7080520506576296,0.6959867441927268,0.6750788643533123,0.7535211267605634,0.633690258681655,0.45110410094637227,0.9285714285714286
oc_12_2500_3000_3_1_p019_0870_1,17.512367491166078,0.8835363676769857,0.9690630082076732,0.6675238225584246,0.6475667169637206,0.7031802120141343,0.6337579617834395,0.55675330976004,0.35335689045936397,0.9174311926605505
oc_12_2500_3000_3_1_p019_0880_1,17.7,0.8902964859343487,0.9711809014514897,0.6693293135839542,0.643884777149737,0.6821428571428572,0.6452702702702703,0.5930619093742255,0.39285714285714285,0.9322033898305084
oc_12_2500_3000_3_1_p019_0900_1,19.284046692607003,0.9009591559634323,0.9774952426625744,0.7180580630961353,0.6870601834317674,0.5953307392996109,0.8225806451612904,0.5197588039965485,0.3035019455252918,0.9285714285714286
oc_12_2500_3000_3_1_p019_0920_1,22.026666666666667,0.8947861763184575,0.9747412854661263,0.6075095426057475,0.6370047892595799,0.5822222222222222,0.7277777777777777,0.5253811124197068,0.3111111111111111,0.9210526315789473
oc_12_2500_3500_3_5_p019_0710_1,16.630872483221477,0.9218843339520914,0.9823596117244004,0.7908647372979697,0.798950812450224,0.7516778523489933,0.8715953307392996,0.7012042703150955,0.5234899328859061,0.968944099378882
oc_12_2500_3500_3_5_p019_0770_1,17.389473684210525,0.9088883305978848,0.9782823316161038,0.7444342133919323,0.7484277436464672,0.7157894736842105,0.8095238095238095,0.6780043198491229,0.5017543859649123,0.9470198675496688
oc_12_2500_3500_3_5_p019_0800_1,18.087591240875913,0.8877914498427169,0.9717413384321224,0.6935610787320641,0.6666497308928395,0.708029197080292,0.6621160409556314,0.6544855751221678,0.5,0.8896103896103896
oc_12_2500_3500_3_5_p019_0830_1,19.06153846153846,0.8900451695601105,0.9738583972392638,0.6414840726688589,0.6926546145764907,0.6269230769230769,0.7951219512195122,0.6101267735389627,0.3923076923076923,0.9807692307692307
oc_12_2500_3500_3_5_p019_0870_1,21.17948717948718,0.904902268511716,0.9769203275529865,0.7183549733519606,0.696985816153912,0.6965811965811965,0.7244444444444444,0.5570807624878616,0.3247863247863248,0.987012987012987
oc_12_2500_3500_3_5_p019_0880_1,22.425339366515836,0.9112944624581953,0.9790980297469577,0.6558958806817405,0.6624550927895028,0.5701357466063348,0.7974683544303798,0.5037975800541646,0.27149321266968324,0.967741935483871
oc_12_2500_3500_3_5_p019_0900_1,24.17560975609756,0.9198939578451554,0.9813225343925596,0.714925280815618,0.647512536685261,0.4878048780487805,0.8849557522123894,0.29088190697450517,0.08780487804878048,1.0
oc_12_2500_3500_3_5_p019_0920_1,28.982456140350877,0.9074172887169336,0.979927813536181,0.564665120933356,0.6290389583606926,0.4269005847953216,0.948051948051948,0.3367933664977901,0.12280701754385964,0.9545454545454546
oc_12_2500_4000_4_0_p019_0710_1,19.284046692607003,0.8862245728787744,0.9714067907155189,0.6235976860194701,0.6193186546193433,0.6342412451361867,0.6417322834645669,0.6655913781187841,0.48638132295719844,0.9398496240601504
oc_12_2500_4000_4_0_p019_0770_1,21.27038626609442,0.9043105456889257,0.9779156677587204,0.6750898007380078,0.688188706679928,0.6137339055793991,0.7988826815642458,0.6660743530779484,0.48068669527896996,0.9491525423728814
oc_12_2500_4000_4_0_p019_0800_1,21.736842105263158,0.9056026183676752,0.9777939814814814,0.714281061170942,0.6914477367499806,0.7236842105263158,0.6875,0.6800144105275862,0.4956140350877193,0.9576271186440678
oc_12_2500_4000_4_0_p019_0830_1,23.826923076923077,0.8915076823944577,0.9747682610379551,0.6343699909658196,0.5989305625169047,0.5528846153846154,0.6804733727810651,0.4968359421247982,0.2644230769230769,0.9649122807017544
oc_12_2500_4000_4_0_p019_0870_1,27.23076923076923,0.8941775266832952,0.9722790969248735,0.5857272089535819,0.5266948547252539,0.5879120879120879,0.5047169811320755,0.5539406422998049,0.34615384615384615,0.9130434782608695
oc_12_2500_4000_4_0_p019_0880_1,28.813953488372093,0.9181096259841617,0.9813491809672387,0.6784314036409773,0.5925236750548867,0.45930232558139533,0.79,0.2718948428730743,0.0872093023255814,0.8823529411764706
oc_12_2500_4000_4_0_p019_0900_1,32.18181818181818,0.8807273370108382,0.9728889236790607,0.47679013362435063,0.3583085843982515,0.2662337662337662,0.5189873417721519,0.19450267598695709,0.03896103896103896,1.0
oc_12_2500_4000_4_0_p019_0920_1,39.648,0.9076540746978543,0.9813587089155678,0.4668282411132788,0.4246114495454317,0.192,0.96,0.23502733161870196,0.064,0.8888888888888888
oc_12_2500_500_0_5_p019_0710_1,10.964601769911505,0.9528237457428448,0.991384726331361,0.9524058604643202,0.9431476352118422,0.9646017699115044,0.9316239316239316,0.9486004976762247,0.9336283185840708,0.9723502304147466
oc_12_2500_500_0_5_p019_0770_1,11.36697247706422,0.9612249147124363,0.9932932121661721,0.9641255218480366,0.9513997319178473,0.9770642201834863,0.9342105263157895,0.9596771944114437,0.9495412844036697,0.9764150943396226
oc_12_2500_500_0_5_p019_0800_1,11.71631205673759,0.9610675901650529,0.9927105224019335,0.9659773455212196,0.9423560434716273,0.9810874704491725,0.9140969162995595,0.9575329860043996,0.9574468085106383,0.9642857142857143
oc_12_2500_500_0_5_p019_0830_1,12.176904176904177,0.9392607774309835,0.9884344023867239,0.9498203400269732,0.926620725596562,0.9705159705159705,0.8956916099773242,0.9469474234519518,0.9533169533169533,0.9486552567237164
oc_12_2500_500_0_5_p019_0870_1,13.145888594164456,0.9296155851153927,0.9842114569660604,0.9633372597801517,0.8911976738145387,0.9814323607427056,0.8240534521158129,0.9588888615484339,0.9681697612732095,0.9554973821989529
oc_12_2500_500_0_5_p019_0880_1,13.467391304347826,0.954201762046682,0.9920415852742299,0.9594997744932423,0.9423413237028678,0.9755434782608695,0.9181585677749361,0.9453630246762577,0.9347826086956522,0.9635854341736695
oc_12_2500_500_0_5_p019_0900_1,14.323699421965317,0.9370735414090233,0.9877579592606563,0.9611904601789012,0.9134351435139123,0.9797687861271677,0.8625954198473282,0.9417628541299882,0.953757225433526,0.9375
oc_12_2500_500_0_5_p019_0920_1,15.987096774193548,0.9522397827334271,0.9918681541967338,0.954843915644226,0.9309580231176241,0.967741935483871,0.9036144578313253,0.9379504159492849,0.9354838709677419,0.9477124183006536
oc_12_5000_1000_1_0_p019_0710_1,5.482300884955753,0.9096741252173538,0.9779353583617747,0.9229411716942445,0.9032193223419794,0.9701327433628318,0.8700396825396826,0.925937179074493,0.9347345132743363,0.9399332591768632
oc_12_5000_1000_1_0_p019_0770_1,5.690011481056257,0.893429175243005,0.9741267204393341,0.914464796994406,0.8893247816226361,0.9724454649827784,0.845309381237525,0.9146949855542168,0.9402985074626866,0.9150837988826815
oc_12_5000_1000_1_0_p019_0800_1,5.858156028368795,0.8970446201003184,0.9759291278869355,0.9161095976709579,0.8935349708931364,0.9680851063829787,0.8549060542797495,0.9063814484098712,0.925531914893617,0.9147196261682243
oc_12_5000_1000_1_0_p019_0830_1,6.095940959409594,0.900226706701381,0.9754198647945918,0.9110033684695916,0.8857229187817836,0.9606396063960639,0.8479913137893594,0.9156122205443221,0.9286592865928659,0.9263803680981595
oc_12_5000_1000_1_0_p019_0870_1,6.572944297082228,0.9116696833542862,0.9779578984238179,0.9102850790267242,0.8861656729725695,0.9575596816976127,0.8494117647058823,0.9207728372602568,0.9230769230769231,0.9392712550607287
oc_12_5000_1000_1_0_p019_0880_1,6.742857142857143,0.9107985444373166,0.9784657880864522,0.9122821336330246,0.8853088379528012,0.9537414965986395,0.8507281553398058,0.9070960730061557,0.9197278911564626,0.9184782608695652
oc_12_5000_1000_1_0_p019_0900_1,7.172214182344429,0.9025791382710693,0.9768914644944218,0.9058983808014848,0.8817580496482107,0.9565846599131693,0.8409669211195929,0.9048542538894109,0.9218523878437048,0.9113018597997139
oc_12_5000_1000_1_0_p019_0920_1,8.019417475728156,0.9039560517518307,0.9765853964836742,0.9058794453154273,0.8607958017208581,0.9579288025889967,0.8032564450474898,0.9038237820051459,0.9174757281553398,0.9115755627009646
oc_12_5000_1500_1_5_p019_0710_1,5.482300884955753,0.8762775382810009,0.9660014163822526,0.8444585315044844,0.8433332581988932,0.918141592920354,0.8217821782178217,0.8613037519867347,0.838495575221239,0.9266503667481663
oc_12_5000_1500_1_5_p019_0770_1,5.690011481056257,0.8637292850141576,0.962345512270465,0.8509786887914861,0.8255731431140251,0.9380022962112514,0.776615969581749,0.8636395570599774,0.8576349024110218,0.9098660170523751
oc_12_5000_1500_1_5_p019_0800_1,5.858156028368795,0.862847322824587,0.9632165632540504,0.8364813140522968,0.8239276903328167,0.9160756501182034,0.7908163265306123,0.8517417660136269,0.8404255319148937,0.9057324840764331
oc_12_5000_1500_1_5_p019_0830_1,6.095940959409594,0.8371792078809952,0.9539911943144392,0.81049575872101,0.7874218096729526,0.9175891758917589,0.7328094302554028,0.8299577606204752,0.8253382533825339,0.8817345597897503
oc_12_5000_1500_1_5_p019_0870_1,6.572944297082228,0.8645056664399056,0.9629132574430823,0.8135184073972428,0.8105729994460337,0.8938992042440318,0.7837209302325582,0.8232877707814887,0.7798408488063661,0.9144634525660964
oc_12_5000_1500_1_5_p019_0880_1,6.742857142857143,0.8750257142560567,0.9656658408012652,0.8267848186633483,0.8167527206879904,0.8965986394557823,0.790167865707434,0.8130869620474849,0.7782312925170068,0.896551724137931
oc_12_5000_1500_1_5_p019_0900_1,7.172214182344429,0.8563708978730077,0.959123995041615,0.8150209658241139,0.7874361437190457,0.9175108538350217,0.7254004576659039,0.8077363589753369,0.7814761215629522,0.8809135399673735
oc_12_5000_1500_1_5_p019_0920_1,8.019417475728156,0.8603315260902955,0.9617538571941155,0.8187040966081145,0.7814542766515807,0.9029126213592233,0.7227979274611399,0.7942137058463412,0.7928802588996764,0.8404802744425386
oc_12_5000_2000_2_0_p019_0710_1,5.482300884955753,0.8598773265457365,0.9608184982935154,0.7996923162853166,0.8139075535813542,0.8816371681415929,0.8074974670719351,0.8136119552602777,0.7311946902654868,0.9593613933236574
oc_12_5000_2000_2_0_p019_0770_1,5.690011481056257,0.8477736979941031,0.9568709284365883,0.7848399751739608,0.7879644861909061,0.8748564867967853,0.771255060728745,0.8048468109748317,0.7531572904707233,0.9162011173184358
oc_12_5000_2000_2_0_p019_0800_1,5.858156028368795,0.8399321210587116,0.9537129955187866,0.7794989747806341,0.7744789989195118,0.8794326241134752,0.7454909819639278,0.8126791577507141,0.7635933806146572,0.9176136363636364
oc_12_5000_2000_2_0_p019_0830_1,6.095940959409594,0.8532223634467943,0.9580721442191021,0.7893480034621962,0.7823585383455683,0.8782287822878229,0.7563559322033898,0.7922579741619082,0.7293972939729397,0.9165378670788253
oc_12_5000_2000_2_0_p019_0870_1,6.572944297082228,0.8606431208868297,0.9615431348511384,0.7787753633659987,0.7935132610114844,0.8554376657824934,0.7894736842105263,0.7852641555999125,0.6856763925729443,0.9521178637200737
oc_12_5000_2000_2_0_p019_0880_1,6.742857142857143,0.861811173820488,0.9610043226146547,0.7708642593615903,0.7728023026630633,0.8326530612244898,0.7746835443037975,0.778001244309722,0.6761904761904762,0.9484732824427481
oc_12_5000_2000_2_0_p019_0900_1,7.172214182344429,0.8464328891520703,0.9569134584735258,0.762429071114175,0.7633412162595699,0.8567293777134588,0.736318407960199,0.7609637016535898,0.6758321273516642,0.912109375
oc_12_5000_2000_2_0_p019_0920_1,8.019417475728156,0.8515362687203951,0.959287603157517,0.7558324178582447,0.7412588889399409,0.8187702265372169,0.7270114942528736,0.7389559224295464,0.6650485436893204,0.8763326226012793
oc_12_5000_2500_2_6_p019_0710_1,5.7560975609756095,0.8526344008269956,0.9606576413959086,0.7638269385254373,0.800768138278444,0.8002322880371661,0.8591022443890274,0.7278900949281858,0.5888501742160279,0.9712643678160919
oc_12_5000_2500_2_6_p019_0770_1,6.0,0.8573326630772564,0.9609216707021792,0.7647648052747957,0.7895943798584059,0.8232445520581114,0.8163265306122449,0.7620151428858231,0.6501210653753027,0.9555160142348754
oc_12_5000_2500_2_6_p019_0800_1,6.171855541718555,0.8247926835638577,0.9511964924466053,0.70968388533727,0.7236940276617887,0.7982565379825654,0.7309007981755986,0.7232129997365516,0.5990037359900373,0.9431372549019608
oc_12_5000_2500_2_6_p019_0830_1,6.4363636363636365,0.85127095390987,0.9598274187914775,0.7459868190751295,0.790394254279168,0.7974025974025974,0.8387978142076503,0.6962948778752567,0.5506493506493506,0.952808988764045
oc_12_5000_2500_2_6_p019_0870_1,6.912133891213389,0.8331561999824386,0.9539685880486515,0.7061600845787034,0.7365957804009395,0.7782426778242678,0.7622950819672131,0.6650528759829599,0.5118549511854951,0.9386189258312021
oc_12_5000_2500_2_6_p019_0880_1,7.130935251798562,0.8524443255704901,0.9593969208989559,0.7162413282494009,0.7477936057100348,0.7338129496402878,0.8225806451612904,0.6589486361779618,0.497841726618705,0.9453551912568307
oc_12_5000_2500_2_6_p019_0900_1,7.54337899543379,0.8572668261283227,0.9616260288615713,0.7334495496676083,0.7604638184491657,0.7853881278538812,0.7914110429447853,0.6595379713540399,0.4809741248097412,0.9723076923076923
oc_12_5000_2500_2_6_p019_0920_1,8.414261460101867,0.8796208030947205,0.967422596934175,0.7590849232846687,0.7754475538156501,0.7758913412563667,0.8219424460431655,0.6478553670592386,0.4567062818336163,0.9817518248175182
oc_12_5000_3000_3_1_p019_0710_1,6.96067415730337,0.8807553410181623,0.9682667607621736,0.7947918522970921,0.804188678781056,0.8019662921348315,0.8547904191616766,0.7529393705412591,0.6221910112359551,0.9672489082969432
oc_12_5000_3000_3_1_p019_0770_1,7.235036496350365,0.87018088693183,0.9667873603970927,0.7878038202094538,0.8129518769242879,0.8394160583941606,0.8321273516642547,0.7795246325049786,0.6788321167883211,0.9451219512195121
oc_12_5000_3000_3_1_p019_0800_1,7.577981651376147,0.8606106954089681,0.9623421390374332,0.7639887336245489,0.7792428888787652,0.8409785932721713,0.7724719101123596,0.7690553489682048,0.6620795107033639,0.9433551198257081
oc_12_5000_3000_3_1_p019_0830_1,7.904306220095694,0.8716701195741481,0.9655957370589289,0.7502632609016892,0.7817545264220442,0.7703349282296651,0.8414634146341463,0.7147527266270858,0.5709728867623605,0.9521276595744681
oc_12_5000_3000_3_1_p019_0870_1,8.74074074074074,0.8565691904372122,0.9594860764077494,0.7091313001235217,0.7124744124234724,0.7601410934744268,0.7255892255892256,0.6987326237032098,0.5502645502645502,0.9425981873111783
oc_12_5000_3000_3_1_p019_0880_1,8.881720430107526,0.8876632035989881,0.9701947587957925,0.7767592298440675,0.7957571517336269,0.7795698924731183,0.8529411764705882,0.6671551140831232,0.496415770609319,0.9551724137931035
oc_12_5000_3000_3_1_p019_0900_1,9.660818713450292,0.8890572809560147,0.9709558054488938,0.7744140032670261,0.7725127932972946,0.7446393762183235,0.8432671081677704,0.6575949874999807,0.47953216374269003,0.9571984435797666
oc_12_5000_3000_3_1_p019_0920_1,10.964601769911505,0.8832036221985935,0.9695546597633136,0.7229215629611282,0.7473349912302247,0.7345132743362832,0.8019323671497585,0.6664957034885773,0.4823008849557522,0.9688888888888889
oc_12_5000_3500_3_5_p019_0710_1,8.301507537688442,0.8892107162436229,0.9706152530163875,0.7862678950216608,0.806989736530319,0.8090452261306532,0.8458844133099825,0.7846503119704227,0.661641541038526,0.9729064039408867
oc_12_5000_3500_3_5_p019_0770_1,8.694736842105263,0.8936648414872165,0.9721413861744481,0.7974857041448946,0.7952103626392877,0.7947368421052632,0.8373382624768947,0.7458733220239109,0.6175438596491228,0.9487870619946092
oc_12_5000_3500_3_5_p019_0800_1,8.945848375451263,0.8729585619701554,0.9657421234119782,0.7596727568190823,0.7544481553795941,0.7942238267148014,0.7652173913043478,0.7383008850866957,0.6119133574007221,0.9390581717451524
oc_12_5000_3500_3_5_p019_0830_1,9.53076923076923,0.871633005822366,0.9650611029948868,0.7378495105201995,0.7648909102236523,0.7730769230769231,0.8007968127490039,0.6785611563358417,0.5211538461538462,0.9377162629757786
oc_12_5000_3500_3_5_p019_0870_1,10.63519313304721,0.868334424466631,0.9642506270748801,0.7142752807858872,0.7178956522642338,0.7703862660944206,0.716566866267465,0.7056881474053013,0.5450643776824035,0.9584905660377359
oc_12_5000_3500_3_5_p019_0880_1,11.0625,0.9041210956213853,0.9749574574389341,0.7932688822576927,0.7647924845216864,0.71875,0.8518518518518519,0.6564927370122131,0.4642857142857143,0.9765258215962441
oc_12_5000_3500_3_5_p019_0900_1,12.206896551724139,0.9012602528409082,0.9742035248041776,0.7668227161918565,0.7586509063910749,0.7315270935960592,0.8227146814404432,0.577699208672871,0.3620689655172414,0.9735099337748344
oc_12_5000_3500_3_5_p019_0920_1,14.576470588235294,0.9022524098240254,0.9747345354984894,0.731978763541645,0.7076766953897395,0.6176470588235294,0.8467741935483871,0.5183334347177593,0.28823529411764703,0.98
oc_12_5000_4000_4_0_p019_0710_1,9.698630136986301,0.8910713190951836,0.97203980245107,0.766311903862587,0.8007083004198684,0.786692759295499,0.8516949152542372,0.7417287251834859,0.6027397260273972,0.9565217391304348
oc_12_5000_4000_4_0_p019_0770_1,10.433684210526316,0.9004722186014816,0.9753750322224268,0.7832086616850844,0.7980773321286325,0.7536842105263157,0.8796068796068796,0.726572211490867,0.5705263157894737,0.9678571428571429
oc_12_5000_4000_4_0_p019_0800_1,10.916299559471366,0.8966766544403999,0.9731161367837339,0.7743080451283798,0.7646298714686302,0.7555066079295154,0.8127962085308057,0.7190275809141815,0.5704845814977973,0.9487179487179487
oc_12_5000_4000_4_0_p019_0830_1,11.913461538461538,0.907497647228609,0.9772163998510797,0.7933197070912086,0.7951135928633118,0.7764423076923077,0.8455497382198953,0.7177646454647354,0.5552884615384616,0.9665271966527197
oc_12_5000_4000_4_0_p019_0870_1,13.578082191780823,0.889088665171958,0.9700724487878218,0.7212003094125521,0.7058571769571668,0.7452054794520548,0.7083333333333334,0.673626752408566,0.5123287671232877,0.9257425742574258
oc_12_5000_4000_4_0_p019_0880_1,14.200573065902578,0.9055114989243562,0.9763180207351555,0.7476789817380161,0.7524273892289869,0.7306590257879656,0.8069620253164557,0.6575934337801883,0.4670487106017192,0.9644970414201184
oc_12_5000_4000_4_0_p019_0900_1,16.249180327868853,0.9211395085822146,0.980824539061015,0.7950876043460029,0.7759370654053597,0.6786885245901639,0.9118942731277533,0.5967777662106576,0.3836065573770492,0.9669421487603306
oc_12_5000_4000_4_0_p019_0920_1,19.824,0.9347988355444301,0.9853408374951979,0.825900518277199,0.7950040860590082,0.704,0.9166666666666666,0.5524872460486732,0.32,0.9876543209876543
oc_12_5000_500_0_5_p019_0710_1,5.482300884955753,0.9589382131332448,0.9920115529010239,0.971055488997018,0.9614662379885214,0.9834070796460177,0.9518201284796574,0.9725085922461562,0.9756637168141593,0.9778270509977827
oc_12_5000_500_0_5_p019_0770_1,5.690011481056257,0.9571037617520775,0.9923858760940449,0.972794450016441,0.9680908019985924,0.9862227324913893,0.9597765363128492,0.9716022941105077,0.9735935706084959,0.9780853517877739
oc_12_5000_500_0_5_p019_0800_1,5.858156028368795,0.9573842390996561,0.9914998965873837,0.9675800630630111,0.9606520883004165,0.983451536643026,0.9497716894977168,0.9701808563554878,0.9716312056737588,0.9774078478002378
oc_12_5000_500_0_5_p019_0830_1,6.095940959409594,0.9496578233788232,0.9904300745363148,0.9656699459982014,0.9606664362335929,0.982779827798278,0.9500594530321046,0.9685692651293256,0.97539975399754,0.9706242350061199
oc_12_5000_500_0_5_p019_0870_1,6.572944297082228,0.9431225902015186,0.9882142732049036,0.9637089469180173,0.9491174067514648,0.9840848806366048,0.9286608260325406,0.9642456183170967,0.9734748010610079,0.9645203679369251
oc_12_5000_500_0_5_p019_0880_1,6.742857142857143,0.9536651439122698,0.9906564048497628,0.969043428431287,0.9508682029496597,0.9836734693877551,0.9317010309278351,0.9719479881892775,0.9782312925170068,0.972936400541272
oc_12_5000_500_0_5_p019_0900_1,7.172214182344429,0.9365161736369487,0.9878846467150699,0.9649853777934181,0.9471237407475537,0.9869753979739508,0.9216216216216216,0.9591952359743561,0.9739507959479016,0.9546099290780142
oc_12_5000_500_0_5_p019_0920_1,8.019417475728156,0.9570290285054491,0.9924909759598134,0.9674934635146833,0.9580289267873823,0.9789644012944984,0.94679186228482,0.9660400329594566,0.9563106796116505,0.9833610648918469
oc_12_500_1000_1_0_p019_0710_1,55.06666666666667,0.8823402107961114,0.9741718588981372,0.5423904504274062,0.42895677831593126,0.4888888888888889,0.3963963963963964,0.40731765272544873,0.18888888888888888,0.8947368421052632
oc_12_500_1000_1_0_p019_0770_1,56.96551724137931,0.889088194785973,0.9763373190561174,0.5359411863623502,0.4725152610887926,0.5402298850574713,0.43119266055045874,0.3373551143003596,0.12643678160919541,0.9166666666666666
oc_12_500_1000_1_0_p019_0800_1,59.0,0.9025099566529501,0.9804269246031746,0.6394791765537624,0.5533824122171497,0.6309523809523809,0.5,0.43387747990004216,0.20238095238095238,0.9444444444444444
oc_12_500_1000_1_0_p019_0830_1,61.18518518518518,0.9067605388967542,0.9787885447687116,0.616907792187776,0.41207350753671684,0.5432098765432098,0.3308270676691729,0.4909326789062359,0.2962962962962963,0.8275862068965517
oc_12_500_1000_1_0_p019_0870_1,66.08,0.8763464190306276,0.9735442655535679,0.20361285880264357,0.26877670207077337,0.22666666666666666,0.34,0.0,0.0,0.0
oc_12_500_1000_1_0_p019_0880_1,67.89041095890411,0.9048699390403265,0.9809746868164645,0.5377259766060583,0.4477738360168111,0.3835616438356164,0.5384615384615384,0.0,0.0,0.0
oc_12_500_1000_1_0_p019_0900_1,71.82608695652173,0.879316803088174,0.9753364577114428,0.3153187392414085,0.39272650848149127,0.3188405797101449,0.5,0.358991027654373,0.13043478260869565,1.0
oc_12_500_1000_1_0_p019_0920_1,79.93548387096774,0.858755527597037,0.9689919091271423,0.3917617742364209,0.30468401797853334,0.3548387096774194,0.27848101265822783,0.21867289912594157,0.04838709677419355,1.0
oc_12_500_1500_1_5_p019_0710_1,55.06666666666667,0.8949809904163647,0.9780754855330955,0.4672130794330255,0.4783410924193723,0.4,0.5901639344262295,0.46811024897947767,0.2222222222222222,1.0
oc_12_500_1500_1_5_p019_0770_1,56.96551724137931,0.9105385707774272,0.9820789609359508,0.5740652577815666,0.4939461863461693,0.4367816091954023,0.5757575757575758,0.3692816228451866,0.14942528735632185,0.9285714285714286
oc_12_500_1500_1_5_p019_0800_1,59.0,0.8964486779506095,0.9795203373015873,0.4429394035122989,0.4415306823335371,0.40476190476190477,0.5,0.43202252192698476,0.23809523809523808,0.8
oc_12_500_1500_1_5_p019_0830_1,61.18518518518518,0.8805806149510993,0.9709523724439151,0.5669954150841071,0.32359263850748865,0.49382716049382713,0.23255813953488372,0.44667077115304893,0.2839506172839506,0.71875
oc_12_500_1500_1_5_p019_0870_1,66.08,0.8732778357116765,0.9729250645994832,0.15689315556106964,0.1747430885324101,0.17333333333333334,0.2,0.0,0.0,0.0
oc_12_500_1500_1_5_p019_0880_1,67.89041095890411,0.8952578794680986,0.9803062040167031,0.27012673788520647,0.101676670477205,0.0273972602739726,0.4,0.0,0.0,0.0
oc_12_500_1500_1_5_p019_0900_1,71.82608695652173,0.8737509965467619,0.9731663482587065,0.16593632667038416,0.0562355626058641,0.028985507246376812,0.13333333333333333,0.0,0.0,0.0
oc_12_500_1500_1_5_p019_0920_1,79.93548387096774,0.8977087420583147,0.9822413511359107,0.20054116006931866,-0.00273561738212437,0.0,0.0,0.0,0.0,0.0
oc_12_500_2000_2_0_p019_0710_1,55.06666666666667,0.853115569293986,0.9710593341260404,0.2440275667213705,0.29103018120274193,0.17777777777777778,0.5,0.23370663783387122,0.05555555555555555,1.0
oc_12_500_2000_2_0_p019_0770_1,56.96551724137931,0.8451792140617734,0.963441086654769,0.2628879047610575,0.16749444241743322,0.22988505747126436,0.14925373134328357,0.2604927690312062,0.06896551724137931,1.0
oc_12_500_2000_2_0_p019_0800_1,59.0,0.8814621422414062,0.9774646626984127,0.3295203794469601,0.23830608467383305,0.11904761904761904,0.5,0.10820661881616168,0.011904761904761904,1.0
oc_12_500_2000_2_0_p019_0830_1,61.18518518518518,0.8302850031681208,0.9588813182449871,0.13798050998186384,0.04385951612735787,0.07407407407407407,0.05217391304347826,0.0,0.0,0.0
oc_12_500_2000_2_0_p019_0870_1,66.08,0.8484264766149204,0.9645469091631882,0.08027553413952682,-0.005168732737482887,0.013333333333333334,0.010416666666666666,0.0,0.0,0.0
oc_12_500_2000_2_0_p019_0880_1,67.89041095890411,0.8896749803200598,0.9790971763770133,0.27764530675391363,0.13666615955410708,0.0547945205479452,0.36363636363636365,0.0,0.0,0.0
oc_12_500_2000_2_0_p019_0900_1,71.82608695652173,0.8540289651562784,0.9680139900497512,0.187514810448705,0.08620119515120736,0.08695652173913043,0.10909090909090909,0.0,0.0,0.0
oc_12_500_2000_2_0_p019_0920_1,79.93548387096774,0.8925646326096017,0.9779982662415305,0.20367600700265942,0.15224836228874292,0.14516129032258066,0.18,0.0,0.0,0.0
oc_12_500_2500_2_6_p019_0710_1,57.627906976744185,0.805341531657096,0.9585048790162634,0.08350010544608355,0.20950660918363115,0.1744186046511628,0.2777777777777778,0.18522724677823177,0.03488372093023256,1.0
oc_12_500_2500_2_6_p019_0770_1,60.4390243902439,0.8803917710398048,0.9765212187375942,0.27635641664660127,0.14267433043922004,0.0975609756097561,0.23529411764705882,0.0,0.0,0.0
oc_12_500_2500_2_6_p019_0800_1,61.18518518518518,0.8728140260238573,0.9743386142545166,0.15417847207462243,0.15104149353939508,0.07407407407407407,0.3333333333333333,0.0,0.0,0.0
oc_12_500_2500_2_6_p019_0830_1,63.53846153846154,0.8442810835310377,0.965616607071911,0.4100674421526984,-0.010647184430534305,0.0,0.0,0.0,0.0,0.0
oc_12_500_2500_2_6_p019_0870_1,68.83333333333333,0.8894537809457432,0.9753815035799522,0.2704385532700675,0.057876854889327256,0.05555555555555555,0.0851063829787234,0.0,0.0,0.0
oc_12_500_2500_2_6_p019_0880_1,69.80281690140845,0.9094495036416359,0.9823980704197335,0.3784675269111546,0.06610370779604625,0.014084507042253521,0.3333333333333333,0.0,0.0,0.0
oc_12_500_2500_2_6_p019_0900_1,75.0909090909091,0.8826315573098311,0.9793350258861011,0.12782448375094035,0.0,0.0,0.0,0.0,0.0,0.0
oc_12_500_2500_2_6_p019_0920_1,84.0,0.9087929867303942,0.983088554336989,0.2851469421899334,-0.0021793475896519595,0.0,0.0,0.0,0.0,0.0
oc_12_500_3000_3_1_p019_0710_1,69.80281690140845,0.8675575170772505,0.975118838273324,0.14177980958578662,0.23596165498628474,0.09859154929577464,0.5833333333333334,0.0,0.0,0.0
oc_12_500_3000_3_1_p019_0770_1,73.97014925373135,0.8399313562159841,0.9673662950428031,0.011176699136652646,-0.0016407159434248958,0.0,0.0,0.0,0.0,0.0
oc_12_500_3000_3_1_p019_0800_1,75.0909090909091,0.8970275016882241,0.9804696136997212,0.35997105239891714,0.3480829825711316,0.24242424242424243,0.5161290322580645,0.21185841098851954,0.045454545454545456,1.0
oc_12_500_3000_3_1_p019_0830_1,77.4375,0.8823208659009665,0.9780647808764941,0.13474212469093916,0.0,0.0,0.0,0.0,0.0,0.0
oc_12_500_3000_3_1_p019_0870_1,86.94736842105263,0.8889339312129843,0.9742083582685019,0.17995389412862162,0.09928823531893473,0.10526315789473684,0.11320754716981132,0.0,0.0,0.0
oc_12_500_3000_3_1_p019_0880_1,85.44827586206897,0.8773498203776354,0.9775068209014759,0.06199135870586692,-0.0021610151651474804,0.0,0.0,0.0,0.0,0.0
oc_12_500_3000_3_1_p019_0900_1,97.17647058823529,0.9125961942478199,0.9848624325943679,0.12784005041975255,0.0,0.0,0.0,0.0,0.0,0.0
oc_12_500_3000_3_1_p019_0920_1,110.13333333333334,0.9089640572190475,0.9843187762447511,0.0232882785567885,-0.004045987851461029,0.0,0.0,0.0,0.0,0.0
oc_12_500_3500_3_5_p019_0710_1,82.6,0.8749836340363549,0.978038596491228,0.02632433079706953,0.0,0.0,0.0,0.0,0.0,0.0
oc_12_500_3500_3_5_p019_0770_1,85.44827586206897,0.9117771415941476,0.9841438571998404,0.3638831207512797,0.34774816080416104,0.1724137931034483,0.7142857142857143,0.0,0.0,0.0
oc_12_500_3500_3_5_p019_0800_1,90.10909090909091,0.8853497719679563,0.9804117142286969,0.04507969024280589,0.0,0.0,0.0,0.0,0.0,0.0
oc_12_500_3500_3_5_p019_0830_1,95.3076923076923,0.8945152737983268,0.9803848841853036,0.21636355528143147,0.0,0.0,0.0,0.0,0.0,0.0
oc_12_500_3500_3_5_p019_0870_1,105.44680851063829,0.8712565772466125,0.9675379172496502,0.07283549454731886,-0.015266185703570734,0.0,0.0,-0.003645197680661087,0.0,0.0
oc_12_500_3500_3_5_p019_0880_1,112.63636363636364,0.9043104503525182,0.98212894,0.06809751702093647,-0.0013326592589927777,0.0,0.0,0.0,0.0,0.0
oc_12_500_3500_3_5_p019_0900_1,123.9,0.917551698480425,0.9874737990392314,0.06866102593346235,0.0,0.0,0.0,0.0,0.0,0.0
oc_12_500_3500_3_5_p019_0920_1,137.66666666666666,0.9083547780972965,0.9863691907051282,0.0774451909426187,0.0,0.0,0.0,0.0,0.0,0.0
oc_12_500_4000_4_0_p019_0710_1,97.17647058823529,0.8821523427194651,0.980542780107849,0.17138540726243312,0.29474943262152004,0.11764705882352941,0.75,0.0,0.0,0.0
oc_12_500_4000_4_0_p019_0770_1,103.25,0.900009830953679,0.9807304956035172,0.39478915657193947,0.13969347750134575,0.08333333333333333,0.25,0.0,0.0,0.0
oc_12_500_4000_4_0_p019_0800_1,112.63636363636364,0.8676332244203523,0.9736264,0.16930350046804776,-0.0037719714295122385,0.0,0.0,0.0,0.0,0.0
oc_12_500_4000_4_0_p019_0830_1,118.0,0.9206642817756134,0.9871954781912765,0.4968110123321169,0.44334062244823363,0.23809523809523808,0.8333333333333334,0.0,0.0,0.0
oc_12_500_4000_4_0_p019_0870_1,130.42105263157896,0.9079315347834658,0.9819118742490989,0.017334452656666555,-0.00496430772682849,0.0,0.0,0.0,0.0,0.0
oc_12_500_4000_4_0_p019_0880_1,145.76470588235293,0.9153233870878253,0.979822004008016,0.11414676875797669,0.024113514618722662,0.058823529411764705,0.021052631578947368,0.0,0.0,0.0
oc_12_500_4000_4_0_p019_0900_1,159.8709677419355,0.8899313379678355,0.9784476037698014,0.04236762808483585,0.023912029020566394,0.03225806451612903,0.02857142857142857,0.0,0.0,0.0
oc_12_500_4000_4_0_p019_0920_1,198.24,0.9015899950503359,0.9832380244930736,0.10505869939459644,-0.003633165972770443,0.0,0.0,0.0,0.0,0.0
oc_12_500_500_0_5_p019_0710_1,55.06666666666667,0.9280935371786108,0.9856292310741182,0.8034298341580324,0.7670742182009347,0.8333333333333334,0.7142857142857143,0.8289357661211788,0.7333333333333333,0.9428571428571428
oc_12_500_500_0_5_p019_0770_1,56.96551724137931,0.9523598604775739,0.9925961729129487,0.8054088597450599,0.8395166692177212,0.8275862068965517,0.8571428571428571,0.7852652468785016,0.632183908045977,0.9821428571428571
oc_12_500_500_0_5_p019_0800_1,59.0,0.9459503769628264,0.9908848611111111,0.8489215751530272,0.8139165320228887,0.8690476190476191,0.7684210526315789,0.891862721175884,0.8214285714285714,0.971830985915493
oc_12_500_500_0_5_p019_0830_1,61.18518518518518,0.9052669403696245,0.9782389716100853,0.8448622022327397,0.648175450123293,0.8765432098765432,0.4896551724137931,0.837075402323499,0.8024691358024691,0.8783783783783784
oc_12_500_500_0_5_p019_0870_1,66.08,0.9339320843866233,0.9856377260981912,0.8454673654807575,0.6794785235859327,0.8666666666666667,0.5416666666666666,0.8227096131930779,0.6933333333333334,0.9811320754716981
oc_12_500_500_0_5_p019_0880_1,67.89041095890411,0.9656505878274103,0.9949362497514417,0.8517707223730957,0.829866165527974,0.8493150684931506,0.8157894736842105,0.8008046464640356,0.6712328767123288,0.9607843137254902
oc_12_500_500_0_5_p019_0900_1,71.82608695652173,0.9298554842832867,0.9855980696517413,0.8510334139462882,0.6888166639909921,0.8840579710144928,0.5446428571428571,0.8030526619980055,0.8115942028985508,0.8
oc_12_500_500_0_5_p019_0920_1,79.93548387096774,0.9628454688752175,0.9946239736946991,0.8491346326624358,0.8507610531045467,0.8387096774193549,0.8666666666666667,0.8061250716876499,0.7258064516129032,0.9
