Name,CI,LSR,BSL,HMS,MCC_5,TPR_5,PPV_5,MCC_9,TPR_9,PPV_9
oc_12_10000_1000_1.0_p019_0710_1.dat,2.742667404537908,0.7293364193014054,0.926603081029129,0.8305310713701279,0.7348221215551111,0.9136690647482014,0.7222222222222222,0.8798323538060208,0.8920863309352518,0.930715935334873
oc_12_10000_1000_1.0_p019_0770_1.dat,2.8450057405281286,0.7555236437424685,0.936749845177665,0.8422328208581489,0.8404063399168799,0.9087256027554536,0.8579945799457994,0.8806790885970097,0.8719862227324914,0.9499687304565353
oc_12_10000_1000_1.0_p019_0800_1.dat,2.9290780141843973,0.7548377201753426,0.9375061028880867,0.8343955278292012,0.8340935892964894,0.9089834515366431,0.8473829201101928,0.8868466614201737,0.8912529550827423,0.9389788293897883
oc_12_10000_1000_1.0_p019_0830_1.dat,3.047970479704797,0.7082881901086342,0.9248093603767852,0.7810637107799984,0.7424354525611734,0.8487084870848709,0.770949720670391,0.8651300968174319,0.8382533825338253,0.9571629213483146
oc_12_10000_1000_1.0_p019_0870_1.dat,3.286472148541114,0.796083378770741,0.949837916305693,0.8491326480397027,0.8675879536019135,0.916445623342175,0.8819400127632419,0.8484664389354334,0.8136604774535809,0.952639751552795
oc_12_10000_1000_1.0_p019_0880_1.dat,3.3714285714285714,0.757043110899607,0.9419715420168067,0.7844398848980159,0.8139113625389898,0.8503401360544217,0.8620689655172413,0.8378665675252418,0.7693877551020408,0.9817708333333334
oc_12_10000_1000_1.0_p019_0900_1.dat,3.591304347826087,0.7840932407177605,0.9481832536300505,0.8242126138097726,0.8397197618348177,0.8992753623188405,0.8523351648351648,0.8763273151606061,0.8782608695652174,0.9273144605967866
oc_12_10000_1000_1.0_p019_0920_1.dat,4.009708737864078,0.783155553251867,0.9489067651808786,0.8034283510885409,0.8380711022232598,0.8689320388349514,0.8717532467532467,0.8742249225968659,0.8511326860841424,0.946894689468947
oc_12_10000_1500_1.5_p019_0710_1.dat,2.742667404537908,0.7206733595777678,0.9247752796096407,0.7753442780015376,0.7762432558333243,0.8976203652462645,0.7850919651500484,0.761010720309407,0.7033757609297178,0.9414814814814815
oc_12_10000_1500_1.5_p019_0770_1.dat,2.8450057405281286,0.7477296661660578,0.9316477234995522,0.8053213236258976,0.8204290337498158,0.9173363949483353,0.8237113402061855,0.7485697816163852,0.6848450057405281,0.9386309992132179
oc_12_10000_1500_1.5_p019_0800_1.dat,2.9290780141843973,0.7319754743564475,0.9310524300541516,0.7705934955529374,0.8028389129790867,0.8965721040189125,0.8155913978494623,0.7510250889990513,0.692080378250591,0.9323248407643312
oc_12_10000_1500_1.5_p019_0830_1.dat,3.047970479704797,0.6736048559870105,0.9128363991188089,0.7200993306323398,0.7140661498691633,0.8511685116851169,0.7322751322751323,0.760837112139865,0.7140221402214022,0.9214285714285714
oc_12_10000_1500_1.5_p019_0870_1.dat,3.286472148541114,0.7728796770311909,0.9402769808168316,0.8006085690598264,0.8230989682002469,0.9190981432360743,0.8167354154390101,0.6996124389563885,0.6054376657824934,0.9344933469805528
oc_12_10000_1500_1.5_p019_0880_1.dat,3.3714285714285714,0.7522995193180327,0.9350782457205105,0.763980844228864,0.7836156594395728,0.889795918367347,0.7851140456182473,0.5436782858799416,0.3687074829931973,0.9678571428571429
oc_12_10000_1500_1.5_p019_0900_1.dat,3.591304347826087,0.759771563825653,0.9405095642361111,0.77617336881756,0.8083629951196906,0.8971014492753623,0.8091503267973856,0.691453340397693,0.6152173913043478,0.9003181336161188
oc_12_10000_1500_1.5_p019_0920_1.dat,4.009708737864078,0.7629510534567174,0.9403965560400517,0.764917475696466,0.7942884608287994,0.8794498381877023,0.7969208211143695,0.6694903897632856,0.5687702265372169,0.9070967741935484
oc_12_10000_2000_2.0_p019_0710_1.dat,2.742667404537908,0.6903600136343773,0.9117670992163242,0.6713318166892754,0.7183293506966293,0.8976203652462645,0.7142228093350946,0.6048017619377164,0.4748201438848921,0.9480662983425414
oc_12_10000_2000_2.0_p019_0770_1.dat,2.8450057405281286,0.7190174676429355,0.9211445076142132,0.728030369937522,0.7528852837498514,0.912743972445465,0.7412587412587412,0.6336191019716987,0.5252583237657864,0.9298780487804879
oc_12_10000_2000_2.0_p019_0800_1.dat,2.9290780141843973,0.7099246471599459,0.9230124998495788,0.7286523892051167,0.7665304695827891,0.9072104018912529,0.7599009900990099,0.684255327192966,0.6312056737588653,0.8892589508742714
oc_12_10000_2000_2.0_p019_0830_1.dat,3.047970479704797,0.6520742627794476,0.9044715591005773,0.6221403770448102,0.6884903290665788,0.8444034440344403,0.7051874678993323,0.5623756017890934,0.42558425584255843,0.9238985313751669
oc_12_10000_2000_2.0_p019_0870_1.dat,3.286472148541114,0.7339795603656426,0.9223795821472772,0.6699771966084158,0.7127995713770995,0.8474801061007957,0.7261363636363637,0.47896249705879024,0.3096816976127321,0.9321357285429142
oc_12_10000_2000_2.0_p019_0880_1.dat,3.3714285714285714,0.7157201083057793,0.9199433253968254,0.6612971628161939,0.7185899150311531,0.8646258503401361,0.7184850197851894,0.43067642773936043,0.24217687074829933,0.9595687331536388
oc_12_10000_2000_2.0_p019_0900_1.dat,3.591304347826087,0.7266263138819753,0.9252508779987374,0.6897364504601471,0.7415404322766675,0.8420289855072464,0.7609692206941716,0.48203399035843103,0.33768115942028987,0.874296435272045
oc_12_10000_2000_2.0_p019_0920_1.dat,4.009708737864078,0.730467017827999,0.9257522236757105,0.6728678016230145,0.7091434841704217,0.8163430420711975,0.7269452449567724,0.34439159112873263,0.1901294498381877,0.8274647887323944
oc_12_10000_2500_2.6_p019_0710_1.dat,2.898245614035088,0.6962900520931998,0.9106295295529553,0.6458777561453914,0.6992579093700632,0.9076023391812865,0.6795096322241682,0.5443542412369979,0.40116959064327484,0.9308005427408412
oc_12_10000_2500_2.6_p019_0770_1.dat,2.996372430471584,0.658128924705685,0.903636113161876,0.614350590675909,0.6968983442298926,0.8688029020556227,0.69995129079396,0.5315648261002985,0.3857315598548972,0.9246376811594202
oc_12_10000_2500_2.6_p019_0800_1.dat,3.089775561097257,0.7012988997279468,0.915085981402439,0.6708190001191887,0.7261369755587658,0.8765586034912718,0.727366787377134,0.5077613257326052,0.3877805486284289,0.8675034867503487
oc_12_10000_2500_2.6_p019_0830_1.dat,3.205692108667529,0.6672458344624902,0.904053499077207,0.6074475973647808,0.6847857110293655,0.8706338939197931,0.6770623742454729,0.4889320652527182,0.3221216041397154,0.9343339587242027
oc_12_10000_2500_2.6_p019_0870_1.dat,3.4852320675105486,0.7181353038804379,0.9170972873941674,0.6375445545817846,0.6451992120027477,0.7735583684950773,0.686641697877653,0.33996777139112766,0.1631504922644163,0.9206349206349206
oc_12_10000_2500_2.6_p019_0880_1.dat,3.552688172043011,0.7109108340953001,0.9132327277594079,0.6283837889262154,0.66777064184806,0.860931899641577,0.652362846279196,0.3645346674727359,0.17992831541218637,0.9400749063670412
oc_12_10000_2500_2.6_p019_0900_1.dat,3.786096256684492,0.7055496855386175,0.9108297666400639,0.6239780829533335,0.600541947711769,0.6592818945760123,0.7039151712887439,0.2628553371293429,0.11688311688311688,0.8181818181818182
oc_12_10000_2500_2.6_p019_0920_1.dat,4.2107051826678,0.7067584989747804,0.9103439546714496,0.6107384192833897,0.572525013004476,0.7068819031435853,0.6162962962962963,0.20735094083828856,0.07646559048428207,0.782608695652174
oc_12_10000_3000_3.1_p019_0710_1.dat,3.480337078651685,0.7108813686026938,0.9120201564263323,0.6176657920540745,0.6643279088935827,0.901685393258427,0.6242100145843461,0.4774976644134243,0.2970505617977528,0.9484304932735426
oc_12_10000_3000_3.1_p019_0770_1.dat,3.6201607012417822,0.6904448324293292,0.9119884463241107,0.6123266766180638,0.6779514626855396,0.8655953250547845,0.6597995545657016,0.48457193217974087,0.31848064280496713,0.9159663865546218
oc_12_10000_3000_3.1_p019_0800_1.dat,3.777439024390244,0.7144781907030546,0.916494040842374,0.6440279022099826,0.6822057866612302,0.791920731707317,0.7140893470790378,0.46111677456728434,0.3094512195121951,0.871244635193133
oc_12_10000_3000_3.1_p019_0830_1.dat,3.9584664536741214,0.6904411345678075,0.9108421122744845,0.5998494417712652,0.6622152231022214,0.8554313099041534,0.6382598331346842,0.4409534575938734,0.26517571884984026,0.9095890410958904
oc_12_10000_3000_3.1_p019_0870_1.dat,4.3321678321678325,0.7274376586186707,0.9223393337704918,0.6255048816799309,0.6322095359939718,0.7001748251748252,0.7020157756354075,0.3060704963599427,0.1354895104895105,0.8806818181818182
oc_12_10000_3000_3.1_p019_0880_1.dat,4.489130434782608,0.714974440471303,0.9180171148514852,0.6161967826693886,0.6204618028907011,0.7436594202898551,0.6479873717442778,0.34567701523005656,0.16576086956521738,0.8970588235294118
oc_12_10000_3000_3.1_p019_0900_1.dat,4.8116504854368936,0.7113273845824954,0.9145214435349148,0.6006195749078678,0.5311990199151023,0.5941747572815534,0.6257668711656442,0.27997092928837586,0.13495145631067962,0.7722222222222223
oc_12_10000_3000_3.1_p019_0920_1.dat,5.518930957683741,0.7200939617708522,0.9147033925521011,0.5979456883367623,0.45719912184021433,0.5066815144766147,0.5666251556662516,0.19867112474678458,0.08351893095768374,0.6637168141592921
oc_12_10000_3500_3.5_p019_0710_1.dat,4.147280334728033,0.7092201185255087,0.9122918130385304,0.5960621081323692,0.6291042418208823,0.8309623430962343,0.6084558823529411,0.3869870175402855,0.200836820083682,0.9230769230769231
oc_12_10000_3500_3.5_p019_0770_1.dat,4.324607329842932,0.6961166670915135,0.9129040347427073,0.592558987415608,0.6496639585951367,0.8481675392670157,0.6187141947803947,0.38898496210083233,0.21378708551483422,0.8844765342960289
oc_12_10000_3500_3.5_p019_0800_1.dat,4.493200362647325,0.7179065630094645,0.9159862805743522,0.609392810984505,0.5854525388060526,0.6436990027198549,0.6749049429657795,0.34315991339700014,0.1885766092475068,0.8125
oc_12_10000_3500_3.5_p019_0830_1.dat,4.760806916426513,0.6955688362596699,0.9115502888110723,0.5772253209306498,0.609988657503184,0.7992315081652257,0.5904897090134847,0.33429038437880604,0.17098943323727187,0.8317757009345794
oc_12_10000_3500_3.5_p019_0870_1.dat,5.294871794871795,0.735767856942976,0.9244028175492193,0.6037783011396994,0.5728376818646962,0.6346153846153846,0.6456521739130435,0.2610585405742515,0.1047008547008547,0.8235294117647058
oc_12_10000_3500_3.5_p019_0880_1.dat,5.53125,0.7277109067571982,0.9236793648325359,0.5982951433215953,0.5800052319856578,0.6517857142857143,0.6382513661202186,0.3288257071056763,0.15066964285714285,0.8709677419354839
oc_12_10000_3500_3.5_p019_0900_1.dat,6.126081582200247,0.7431821391244311,0.9250446293148309,0.5959290671320945,0.5431106127000916,0.5797280593325093,0.6303763440860215,0.18252080668582776,0.06056860321384425,0.7205882352941176
oc_12_10000_3500_3.5_p019_0920_1.dat,7.193033381712627,0.754296186841483,0.925269767404783,0.5917298403824051,0.38612262459309155,0.3788098693759071,0.5315682281059063,0.14730149614082658,0.05660377358490566,0.5492957746478874
oc_12_10000_4000_4.0_p019_0710_1.dat,4.887573964497041,0.7094674257632699,0.9108114360134003,0.590214484001191,0.5970141517819038,0.7672583826429981,0.5916349809885931,0.39308191149468524,0.21893491124260356,0.8671875
oc_12_10000_4000_4.0_p019_0770_1.dat,5.211356466876971,0.7115895496737261,0.9163445119349924,0.5943438205014053,0.6366475243257488,0.8201892744479495,0.6027820710973725,0.345801936121177,0.17560462670872765,0.8434343434343434
oc_12_10000_4000_4.0_p019_0800_1.dat,5.518930957683741,0.7164230138153428,0.9113903903313973,0.5443012067318715,0.4678848127741688,0.5233853006681515,0.5696969696969697,0.07296936852660409,0.025612472160356347,0.42592592592592593
oc_12_10000_4000_4.0_p019_0830_1.dat,5.9,0.7259704358701271,0.9199425671152519,0.5683814105327185,0.5703660408133353,0.6845238095238095,0.5927835051546392,0.2094476313251249,0.07261904761904762,0.7721518987341772
oc_12_10000_4000_4.0_p019_0870_1.dat,6.752043596730245,0.7427390390928221,0.9159168829525484,0.5118686618484662,0.368782033540746,0.40054495912806537,0.4883720930232558,0.21911449621205153,0.07629427792915532,0.7777777777777778
oc_12_10000_4000_4.0_p019_0880_1.dat,7.0,0.7618619950403394,0.9310527819562147,0.5943990848220316,0.5103103453333904,0.5127118644067796,0.6237113402061856,0.2435932644470479,0.08757062146892655,0.8157894736842105
oc_12_10000_4000_4.0_p019_0900_1.dat,7.955056179775281,0.7674656932773367,0.9308032708370676,0.5949165142033751,0.3783333877054242,0.3434991974317817,0.544529262086514,0.11911020834350389,0.04012841091492777,0.5102040816326531
oc_12_10000_4000_4.0_p019_0920_1.dat,10.012121212121212,0.7864239386587866,0.9343746604292791,0.5805965526752292,0.23079162302233208,0.1919191919191919,0.4025423728813559,0.13134935923228713,0.050505050505050504,0.4716981132075472
oc_12_10000_500_0.5_p019_0710_1.dat,2.742667404537908,0.7375287308350206,0.9267112111488984,0.8269651924511978,0.7092511189936335,0.8865522966242391,0.7113676731793961,0.8986976243334278,0.8699501936912009,0.9806612601372426
oc_12_10000_500_0.5_p019_0770_1.dat,2.8450057405281286,0.7343582542851979,0.9320506772170797,0.8046039449707262,0.7580275171255803,0.8559127439724454,0.79182156133829,0.8858908717656458,0.8427095292766934,0.9878869448183042
oc_12_10000_500_0.5_p019_0800_1.dat,2.9290780141843973,0.7664940122003145,0.9391456835138388,0.8502357329210477,0.8304891791857693,0.8942080378250591,0.8552854720180894,0.909822513029119,0.8900709219858156,0.974757281553398
oc_12_10000_500_0.5_p019_0830_1.dat,3.047970479704797,0.724055421960647,0.9282119448495898,0.802289248966636,0.7356234541647364,0.8499384993849939,0.7610132158590308,0.8880107888098826,0.8487084870848709,0.9822064056939501
oc_12_10000_500_0.5_p019_0870_1.dat,3.286472148541114,0.7744612149753498,0.9465075742574257,0.8144145035612684,0.8408155326930393,0.8561007957559682,0.8983994432846207,0.8991063331278741,0.8541114058355438,0.99153194765204
oc_12_10000_500_0.5_p019_0880_1.dat,3.3714285714285714,0.775082453334401,0.9472140709617181,0.8082285971022848,0.8370360586238507,0.8510204081632653,0.8961318051575932,0.8931516090921576,0.8503401360544217,0.9850275807722616
oc_12_10000_500_0.5_p019_0900_1.dat,3.591304347826087,0.7747679149358921,0.9472628115530303,0.8012526933951697,0.8355626775665423,0.8507246376811595,0.8907435508345979,0.8847757577309604,0.8471014492753624,0.9725457570715474
oc_12_10000_500_0.5_p019_0920_1.dat,4.009708737864078,0.7904305299032506,0.9490695243863049,0.8314742786609546,0.8368541802951487,0.8737864077669902,0.8653846153846154,0.8953217417982008,0.872168284789644,0.9599287622439893
oc_12_1000_1000_1.0_p019_0710_1.dat,27.38121546961326,0.8869521152085887,0.9705444893906949,0.6879973402328414,0.6058630533530425,0.7513812154696132,0.5151515151515151,0.6247878638597678,0.5082872928176796,0.7931034482758621
oc_12_1000_1000_1.0_p019_0770_1.dat,28.32,0.9103582182193213,0.9794096737478074,0.6765744099168552,0.6987758950537971,0.7028571428571428,0.7151162790697675,0.5060446324361799,0.2742857142857143,0.96
oc_12_1000_1000_1.0_p019_0800_1.dat,29.152941176470588,0.8982678522302188,0.9739159295747172,0.7694029003722601,0.6122688041932336,0.8,0.4927536231884058,0.6370486610581179,0.5411764705882353,0.773109243697479
oc_12_1000_1000_1.0_p019_0830_1.dat,30.404907975460123,0.885438979744289,0.9684442279742137,0.7238846239826464,0.5594099365890403,0.7791411042944786,0.4276094276094276,0.6462859365633571,0.5153374233128835,0.8316831683168316
oc_12_1000_1000_1.0_p019_0870_1.dat,32.82119205298013,0.9378278474320304,0.9855663595065596,0.8420258649798898,0.6435332254917563,0.6225165562913907,0.6861313868613139,0.24353208246727776,0.0728476821192053,0.8461538461538461
oc_12_1000_1000_1.0_p019_0880_1.dat,33.714285714285715,0.9188183287602947,0.9825302357436801,0.6094345860171889,0.656921569340569,0.6598639455782312,0.6736111111111112,0.44967311807777005,0.23809523809523808,0.875
oc_12_1000_1000_1.0_p019_0900_1.dat,35.65467625899281,0.9138107053731847,0.9774778596663396,0.7436362799042064,0.6070057738902797,0.8201438848920863,0.4691358024691358,0.41887360500231463,0.2589928057553957,0.7058823529411765
oc_12_1000_1000_1.0_p019_0920_1.dat,39.96774193548387,0.9272734783097523,0.9847481098425197,0.543803344501712,0.6373180716192506,0.5967741935483871,0.6981132075471698,0.47481673354967496,0.2661290322580645,0.868421052631579
oc_12_1000_1500_1.5_p019_0710_1.dat,27.38121546961326,0.8883110736292174,0.969748156900915,0.6752145802698881,0.5788995682051515,0.7569060773480663,0.47079037800687284,0.48433340211715703,0.3314917127071823,0.7407407407407407
oc_12_1000_1500_1.5_p019_0770_1.dat,28.32,0.9012781171676936,0.9751215455076983,0.6261858001402566,0.524883876515965,0.52,0.5617283950617284,0.4414352731396667,0.21714285714285714,0.926829268292683
oc_12_1000_1500_1.5_p019_0800_1.dat,29.152941176470588,0.882647800470425,0.966987169527897,0.7470054103938097,0.5567786323279122,0.8058823529411765,0.4114114114114114,0.48907376017485266,0.37058823529411766,0.6774193548387096
oc_12_1000_1500_1.5_p019_0830_1.dat,30.404907975460123,0.8913447020285463,0.9704299122875562,0.6733698650751624,0.5496238718267934,0.754601226993865,0.4270833333333333,0.3313722858053479,0.13496932515337423,0.8461538461538461
oc_12_1000_1500_1.5_p019_0870_1.dat,32.82119205298013,0.9195331649153224,0.9794085594282358,0.6957393232957721,0.4073684608276361,0.25165562913907286,0.6909090909090909,0.17531118797278797,0.046357615894039736,0.7
oc_12_1000_1500_1.5_p019_0880_1.dat,33.714285714285715,0.9161287271092239,0.980548173819322,0.6066968303736007,0.5570755352877317,0.5578231292517006,0.5815602836879432,0.3152673960264597,0.10204081632653061,1.0
oc_12_1000_1500_1.5_p019_0900_1.dat,35.65467625899281,0.9077394496244684,0.974564747595682,0.7405754819419927,0.5444119081908144,0.7482014388489209,0.41935483870967744,0.3672639620654048,0.23741007194244604,0.6
oc_12_1000_1500_1.5_p019_0920_1.dat,39.96774193548387,0.9230768937004032,0.9831453474409448,0.5086934848883948,0.5684742912720758,0.5241935483870968,0.6372549019607843,0.3503518063762874,0.1532258064516129,0.8260869565217391
oc_12_1000_2000_2.0_p019_0710_1.dat,27.38121546961326,0.8961837779808718,0.9727280327039128,0.5961618006934716,0.500653240683277,0.574585635359116,0.47058823529411764,0.42075375305361973,0.18232044198895028,1.0
oc_12_1000_2000_2.0_p019_0770_1.dat,28.32,0.8903226220957554,0.9704436185928669,0.5440690060076938,0.3822963879799459,0.38857142857142857,0.4171779141104294,0.3646600961042477,0.14285714285714285,0.9615384615384616
oc_12_1000_2000_2.0_p019_0800_1.dat,29.152941176470588,0.8789982627540729,0.965747287553648,0.6897903284903857,0.47235817490719595,0.6411764705882353,0.3811188811188811,0.3443083276588385,0.22941176470588234,0.5571428571428572
oc_12_1000_2000_2.0_p019_0830_1.dat,30.404907975460123,0.8927801192867232,0.9707006266848994,0.5940391932657766,0.4036162261320978,0.49079754601226994,0.3686635944700461,0.19355669436876458,0.049079754601226995,0.8
oc_12_1000_2000_2.0_p019_0870_1.dat,32.82119205298013,0.907995986596771,0.9756748848639123,0.6086244208300071,0.2525354585825354,0.1456953642384106,0.4782608695652174,0.0,0.0,0.0
oc_12_1000_2000_2.0_p019_0880_1.dat,33.714285714285715,0.9038123095222979,0.9768386627474035,0.5019173719337167,0.3751644155243594,0.30612244897959184,0.4945054945054945,0.1992164927018666,0.04081632653061224,1.0
oc_12_1000_2000_2.0_p019_0900_1.dat,35.65467625899281,0.9085274224255574,0.9747146253189402,0.6590850580757026,0.41431227748380334,0.48201438848920863,0.3872832369942196,0.0503392169555007,0.014388489208633094,0.2222222222222222
oc_12_1000_2000_2.0_p019_0920_1.dat,39.96774193548387,0.9012992088764178,0.9723160417322835,0.6795071358184288,0.33172732293122625,0.3951612903225806,0.310126582278481,0.027334532615171755,0.016129032258064516,0.08695652173913043
oc_12_1000_2500_2.6_p019_0710_1.dat,28.982456140350877,0.8967429184682543,0.9722004056953384,0.575633336826572,0.36146664572806264,0.3508771929824561,0.41379310344827586,0.0751931524258843,0.005847953216374269,1.0
oc_12_1000_2500_2.6_p019_0770_1.dat,29.5,0.8931465533823938,0.9701479851678376,0.5865921877489448,0.3142029403836905,0.32142857142857145,0.35064935064935066,0.18702107836958431,0.041666666666666664,0.875
oc_12_1000_2500_2.6_p019_0800_1.dat,30.782608695652176,0.8774030015281513,0.9638499095172953,0.5958945861241214,0.34294221114958745,0.4472049689440994,0.3025210084033613,0.27530566821810903,0.13664596273291926,0.5945945945945946
oc_12_1000_2500_2.6_p019_0830_1.dat,32.18181818181818,0.8872311678493522,0.9667893702544031,0.586053585261374,0.3158991337554726,0.4155844155844156,0.2794759825327511,0.13749375943646994,0.01948051948051948,1.0
oc_12_1000_2500_2.6_p019_0870_1.dat,34.179310344827584,0.8949690777349548,0.9730462721035091,0.4860815411756563,0.2623736326294165,0.1724137931034483,0.43859649122807015,-0.0033875900150806383,0.0,0.0
oc_12_1000_2500_2.6_p019_0880_1.dat,35.148936170212764,0.9062949427153018,0.9764190472827153,0.5216140870401058,0.27164668720213986,0.20567375886524822,0.3972602739726027,0.0945526511392405,0.014184397163120567,0.6666666666666666
oc_12_1000_2500_2.6_p019_0900_1.dat,37.54545454545455,0.9059614488877418,0.9740729693396226,0.6008637780778441,0.15414975910059836,0.14393939393939395,0.20652173913043478,-0.0022881813837489625,0.0,0.0
oc_12_1000_2500_2.6_p019_0920_1.dat,42.724137931034484,0.9128272439984252,0.9796589179810725,0.4188894389814901,0.2517222283347647,0.1724137931034483,0.4,0.04268443411536425,0.008620689655172414,0.25
oc_12_1000_3000_3.1_p019_0710_1.dat,35.148936170212764,0.9073501839267991,0.9749130349225035,0.5969320253643104,0.3657053455840302,0.36879432624113473,0.3969465648854962,0.11746243409297803,0.014184397163120567,1.0
oc_12_1000_3000_3.1_p019_0770_1.dat,36.71111111111111,0.8977299515258659,0.9705101962286388,0.6028837670802019,0.2815403184665451,0.35555555555555557,0.2594594594594595,0.059861365534360805,0.014814814814814815,0.2857142857142857
oc_12_1000_3000_3.1_p019_0800_1.dat,37.54545454545455,0.8743706390645314,0.9631062246462264,0.5280046974782877,0.2571721328087545,0.38636363636363635,0.2073170731707317,0.22554107764701634,0.11363636363636363,0.4838709677419355
oc_12_1000_3000_3.1_p019_0830_1.dat,39.648,0.9010687137826817,0.971329527061602,0.6169789599116742,0.22234302740890047,0.296,0.2032967032967033,-0.005898792864297717,0.0,0.0
oc_12_1000_3000_3.1_p019_0870_1.dat,43.095652173913045,0.9076213927000907,0.9773942305265234,0.47885777954047115,0.16888294043608576,0.09565217391304348,0.3333333333333333,0.05076918804995392,0.008695652173913044,0.3333333333333333
oc_12_1000_3000_3.1_p019_0880_1.dat,44.648648648648646,0.9231320098293891,0.9802320597986974,0.5971881580535088,0.21635591440538232,0.17117117117117117,0.3064516129032258,0.09387967268202241,0.009009009009009009,1.0
oc_12_1000_3000_3.1_p019_0900_1.dat,47.2,0.921363297195624,0.9787627824540605,0.6234474155090399,0.1263357048210204,0.11428571428571428,0.17391304347826086,0.0,0.0,0.0
oc_12_1000_3000_3.1_p019_0920_1.dat,55.68539325842696,0.9335673224626111,0.9842007189296333,0.5196523430330919,0.26678635812171414,0.21348314606741572,0.3584905660377358,0.0,0.0,0.0
oc_12_1000_3500_3.5_p019_0710_1.dat,40.95867768595041,0.9165612618530719,0.9777894918258814,0.6134618237355438,0.3460785765536768,0.32231404958677684,0.4020618556701031,0.08982808824930268,0.008264462809917356,1.0
oc_12_1000_3500_3.5_p019_0770_1.dat,43.473684210526315,0.9058677307780785,0.9733530980276134,0.5947898250302588,0.22907732025546187,0.2719298245614035,0.22627737226277372,0.160434733940825,0.02631578947368421,1.0
oc_12_1000_3500_3.5_p019_0800_1.dat,44.25,0.8801399079954545,0.964663090765588,0.5515309090228523,0.25277969301893005,0.4017857142857143,0.189873417721519,0.19181981171900733,0.09821428571428571,0.4074074074074074
oc_12_1000_3500_3.5_p019_0830_1.dat,48.116504854368934,0.9054978490723224,0.9725394247875074,0.6150313730374634,0.2122741407725765,0.2912621359223301,0.18518518518518517,0.06471198610944973,0.019417475728155338,0.25
oc_12_1000_3500_3.5_p019_0870_1.dat,53.869565217391305,0.9272052088011777,0.9815850998415214,0.639144863441828,0.11951480283900023,0.09782608695652174,0.17647058823529413,0.0,0.0,0.0
oc_12_1000_3500_3.5_p019_0880_1.dat,55.68539325842696,0.9312625379755519,0.9829517649157582,0.5791753150837502,0.1854127216236527,0.12359550561797752,0.3055555555555556,0.0,0.0,0.0
oc_12_1000_3500_3.5_p019_0900_1.dat,60.4390243902439,0.928481012372483,0.980968078999603,0.6262901041120388,0.058180587491787096,0.06097560975609756,0.08333333333333333,0.0,0.0,0.0
oc_12_1000_3500_3.5_p019_0920_1.dat,72.88235294117646,0.936608415373554,0.9849577943869426,0.5578727389089675,0.04067717299669943,0.029411764705882353,0.08,0.0,0.0,0.0
oc_12_1000_4000_4.0_p019_0710_1.dat,49.06930693069307,0.9190479463892889,0.9791519541229978,0.5106413189126864,0.23352708915589326,0.24752475247524752,0.25,0.06824759012413284,0.009900990099009901,0.5
oc_12_1000_4000_4.0_p019_0770_1.dat,52.16842105263158,0.9069568931022433,0.9737038820035636,0.5292836445574982,0.262401751684142,0.37894736842105264,0.20809248554913296,0.12187147174283115,0.05263157894736842,0.3125
oc_12_1000_4000_4.0_p019_0800_1.dat,54.46153846153846,0.8832074175088237,0.9659238852783832,0.48415963106064663,0.12383510159971299,0.21978021978021978,0.09852216748768473,-0.005727264236509664,0.0,0.0
oc_12_1000_4000_4.0_p019_0830_1.dat,58.305882352941175,0.9104307722346727,0.9742774703431859,0.5704757158607068,0.1667962691846545,0.24705882352941178,0.1390728476821192,-0.0031957688539086394,0.0,0.0
oc_12_1000_4000_4.0_p019_0870_1.dat,67.89041095890411,0.9362196428842989,0.9858646124478028,0.5382280161143222,0.15689336458361,0.0958904109589041,0.28,0.0,0.0,0.0
oc_12_1000_4000_4.0_p019_0880_1.dat,71.82608695652173,0.9408169929833358,0.986152488159204,0.5603568086191477,0.11867072690180587,0.07246376811594203,0.21739130434782608,0.0,0.0,0.0
oc_12_1000_4000_4.0_p019_0900_1.dat,79.93548387096774,0.9386688811447558,0.9849391086090076,0.6023646615620073,0.07599416447236247,0.06451612903225806,0.1111111111111111,0.0,0.0,0.0
oc_12_1000_4000_4.0_p019_0920_1.dat,99.12,0.9521328155082462,0.9898768811426288,0.4138189609505194,0.06319874057740872,0.04,0.11764705882352941,0.0,0.0,0.0
oc_12_1000_500_0.5_p019_0710_1.dat,27.38121546961326,0.8672316554429959,0.9601205542145221,0.6601524971081627,0.47224174262464286,0.7790055248618785,0.3190045248868778,0.6624777858461045,0.5469613259668509,0.825
oc_12_1000_500_0.5_p019_0770_1.dat,28.32,0.8769633953390594,0.9636930672383551,0.6971232473677136,0.4746161217028378,0.7657142857142857,0.3260340632603406,0.614974780364391,0.4342857142857143,0.8941176470588236
oc_12_1000_500_0.5_p019_0800_1.dat,29.152941176470588,0.8968719648079448,0.971995645532579,0.8342060251240807,0.6446142779068014,0.9058823529411765,0.4797507788161994,0.6256587882106294,0.49411764705882355,0.8155339805825242
oc_12_1000_500_0.5_p019_0830_1.dat,30.404907975460123,0.8791982258438756,0.9648304213713615,0.6839944355814382,0.5250096871823526,0.7730061349693251,0.38414634146341464,0.7562117826417849,0.6625766871165644,0.8780487804878049
oc_12_1000_500_0.5_p019_0870_1.dat,32.82119205298013,0.9259454515042931,0.9810841376542001,0.883957622745254,0.7018266767714479,0.8807947019867549,0.5757575757575758,0.24685839280814278,0.07947019867549669,0.8
oc_12_1000_500_0.5_p019_0880_1.dat,33.714285714285715,0.9028262748926025,0.9758903744855967,0.6037270295917372,0.5418743574541265,0.6530612244897959,0.4752475247524752,0.6811701800462022,0.5102040816326531,0.9259259259259259
oc_12_1000_500_0.5_p019_0900_1.dat,35.65467625899281,0.9000759936496555,0.9724818686947988,0.7143461368055672,0.5224658801980192,0.7769784172661871,0.375,0.6409151656283124,0.48201438848920863,0.8701298701298701
oc_12_1000_500_0.5_p019_0920_1.dat,39.96774193548387,0.8833648920137231,0.968200158464567,0.7809502855049424,0.5352096390388753,0.8709677419354839,0.34838709677419355,0.46472379799320407,0.47580645161290325,0.4796747967479675
oc_12_2500_1000_1.0_p019_0710_1.dat,10.964601769911505,0.8122616237745004,0.9436099996301776,0.8486966212902065,0.6305716242198104,0.9247787610619469,0.4837962962962963,0.742309166109263,0.7300884955752213,0.7971014492753623
oc_12_2500_1000_1.0_p019_0770_1.dat,11.36697247706422,0.8362983291220221,0.9548759228486647,0.8085026033583567,0.7020688888176546,0.8807339449541285,0.6047244094488189,0.7730292795295918,0.7385321100917431,0.8451443569553806
oc_12_2500_1000_1.0_p019_0800_1.dat,11.71631205673759,0.827906126201267,0.9514688516452873,0.8702163490604442,0.707504634991542,0.9550827423167849,0.5650349650349651,0.780858090594812,0.7990543735224587,0.7971698113207547
oc_12_2500_1000_1.0_p019_0830_1.dat,12.176904176904177,0.8419253957181365,0.9549337495804587,0.8230130047577856,0.7049915782548396,0.8820638820638821,0.6053962900505903,0.843862668010485,0.8230958230958231,0.8885941644562334
oc_12_2500_1000_1.0_p019_0870_1.dat,13.145888594164456,0.8947332802130871,0.9730094689668104,0.9010089657067027,0.8011302287404236,0.9628647214854111,0.6927480916030534,0.6640488856770165,0.5013262599469496,0.9219512195121952
oc_12_2500_1000_1.0_p019_0880_1.dat,13.467391304347826,0.9032426034133583,0.977637253756574,0.8227362219839938,0.8072812387821757,0.8668478260869565,0.7780487804878049,0.6662268414553721,0.4945652173913043,0.9381443298969072
oc_12_2500_1000_1.0_p019_0900_1.dat,14.323699421965317,0.8885730376944504,0.9717443447755564,0.8217812464380616,0.7572538863546043,0.8786127167630058,0.6831460674157304,0.8297823870359704,0.7861271676300579,0.8976897689768977
oc_12_2500_1000_1.0_p019_0920_1.dat,15.987096774193548,0.8695461782655606,0.9663113454234713,0.8361574789722803,0.7101092706000693,0.9064516129032258,0.5878661087866108,0.7975219575983131,0.8225806451612904,0.796875
oc_12_2500_1500_1.5_p019_0710_1.dat,10.964601769911505,0.8032583083591822,0.9425799942677515,0.7931936300241896,0.6647404804210044,0.918141592920354,0.5313700384122919,0.6986064374545506,0.6924778761061947,0.7542168674698795
oc_12_2500_1500_1.5_p019_0770_1.dat,11.36697247706422,0.8390398307700804,0.9557820960682493,0.7414136465388921,0.707222564975927,0.8463302752293578,0.6362068965517241,0.6543539529325645,0.5229357798165137,0.8702290076335878
oc_12_2500_1500_1.5_p019_0800_1.dat,11.71631205673759,0.8260099302974644,0.9507836975274214,0.7875482080353282,0.69640034310202,0.9219858156028369,0.5693430656934306,0.6494469389080686,0.5957446808510638,0.7613293051359517
oc_12_2500_1500_1.5_p019_0830_1.dat,12.176904176904177,0.844905719921953,0.9574049931008763,0.7328472164456025,0.6826815996737409,0.8427518427518428,0.5986038394415357,0.6114073119098251,0.4250614250614251,0.9301075268817204
oc_12_2500_1500_1.5_p019_0870_1.dat,13.145888594164456,0.8794529055726998,0.9670146452278268,0.7954928264957676,0.6489216511133519,0.6737400530503979,0.6737400530503979,0.4688422507940796,0.246684350132626,0.9489795918367347
oc_12_2500_1500_1.5_p019_0880_1.dat,13.467391304347826,0.8754753154846839,0.9697053724643125,0.7372205763016793,0.7474939514754425,0.7961956521739131,0.7361809045226131,0.5249216125218661,0.3125,0.9349593495934959
oc_12_2500_1500_1.5_p019_0900_1.dat,14.323699421965317,0.8760309769486438,0.9678085878913617,0.740894891092797,0.6598325220643902,0.7138728323699421,0.6534391534391535,0.5809305991821535,0.42196531791907516,0.8488372093023255
oc_12_2500_1500_1.5_p019_0920_1.dat,15.987096774193548,0.8680978939047638,0.9664347861754653,0.7505698067343451,0.6914255222197381,0.8387096774193549,0.6046511627906976,0.5570497844633356,0.4612903225806452,0.7222222222222222
oc_12_2500_2000_2.0_p019_0710_1.dat,10.964601769911505,0.8404351905974694,0.9543622806952663,0.6873802272851308,0.6452012008371583,0.7389380530973452,0.620817843866171,0.5790825798337677,0.3827433628318584,0.9351351351351351
oc_12_2500_2000_2.0_p019_0770_1.dat,11.36697247706422,0.8305169626612618,0.9527260018545994,0.6579414872055326,0.6174269394582311,0.6972477064220184,0.6067864271457086,0.52265337001641,0.31422018348623854,0.9319727891156463
oc_12_2500_2000_2.0_p019_0800_1.dat,11.71631205673759,0.818374424188579,0.9476638332403793,0.6881519340256531,0.6004162258170548,0.7683215130023641,0.5284552845528455,0.5430116072734078,0.4302600472813239,0.7520661157024794
oc_12_2500_2000_2.0_p019_0830_1.dat,12.176904176904177,0.8234635352082095,0.949270676300578,0.6090855967137572,0.5673433942839894,0.6977886977886978,0.5239852398523985,0.4726773616170133,0.25307125307125306,0.944954128440367
oc_12_2500_2000_2.0_p019_0870_1.dat,13.145888594164456,0.8559069718210135,0.957940324207763,0.6416453517509548,0.4833823689364186,0.4270557029177719,0.6168582375478927,0.3339124856014169,0.13262599469496023,0.9090909090909091
oc_12_2500_2000_2.0_p019_0880_1.dat,13.467391304347826,0.857213523099195,0.9623395709992487,0.6478148193351061,0.6048804197415095,0.5760869565217391,0.6883116883116883,0.4111597848984535,0.20380434782608695,0.8928571428571429
oc_12_2500_2000_2.0_p019_0900_1.dat,14.323699421965317,0.8582666212412763,0.9607760882685779,0.7036431136566466,0.5847309667173375,0.6416184971098265,0.5857519788918206,0.36061467669518815,0.2023121387283237,0.7142857142857143
oc_12_2500_2000_2.0_p019_0920_1.dat,15.987096774193548,0.8689202477493287,0.9628884502468666,0.6935370267559429,0.5157730757455472,0.5387096774193548,0.5493421052631579,0.1624795128138193,0.06129032258064516,0.5135135135135135
oc_12_2500_2500_2.6_p019_0710_1.dat,11.552447552447552,0.8341200437676022,0.9525695151346333,0.6202684751243397,0.5281939638432995,0.5501165501165501,0.5798525798525799,0.4445896217607294,0.2261072261072261,0.941747572815534
oc_12_2500_2500_2.6_p019_0770_1.dat,11.85645933014354,0.8294404657858193,0.9503405035355414,0.6024102444582538,0.49339968020094116,0.5047846889952153,0.5582010582010583,0.44855698517122927,0.23684210526315788,0.9166666666666666
oc_12_2500_2500_2.6_p019_0800_1.dat,12.359102244389028,0.795515946774359,0.9383615738286354,0.5998097244465015,0.4686720750645385,0.6109725685785536,0.43439716312056736,0.3475326928135233,0.24189526184538654,0.5878787878787879
oc_12_2500_2500_2.6_p019_0830_1.dat,12.973821989528796,0.820058420239763,0.9446791605470214,0.5911305554276689,0.44117083411080243,0.5445026178010471,0.43333333333333335,0.45358584261707924,0.25392670157068065,0.8738738738738738
oc_12_2500_2500_2.6_p019_0870_1.dat,14.0,0.8166886740809969,0.9447359131826742,0.48058109663378834,0.32246992914866357,0.2937853107344633,0.4388185654008439,0.24880056324995065,0.096045197740113,0.723404255319149
oc_12_2500_2500_2.6_p019_0880_1.dat,14.11965811965812,0.8466699000548237,0.9558685419257584,0.6066154222198792,0.4013588635351105,0.3504273504273504,0.5347826086956522,0.3022877942983984,0.11396011396011396,0.8695652173913043
oc_12_2500_2500_2.6_p019_0900_1.dat,15.249230769230769,0.8478233877438462,0.9553988013633782,0.6135952602709771,0.37878394909000146,0.36615384615384616,0.46484375,0.10403697048754766,0.018461538461538463,0.6666666666666666
oc_12_2500_2500_2.6_p019_0920_1.dat,16.5752508361204,0.8369384554799402,0.9504679507136061,0.5981776664473407,0.2342910974539021,0.23411371237458195,0.3153153153153153,0.05128868370671501,0.020066889632107024,0.2222222222222222
oc_12_2500_3000_3.1_p019_0710_1.dat,13.805013927576601,0.847951722468822,0.9541331919096896,0.6013848106035056,0.44743024171582396,0.43454038997214484,0.5324232081911263,0.34271811377713834,0.1309192200557103,0.9591836734693877
oc_12_2500_3000_3.1_p019_0770_1.dat,14.619469026548673,0.841695641793839,0.9531780071765816,0.595973458230294,0.4362122087313787,0.46017699115044247,0.48297213622291024,0.37332632657441833,0.19174041297935104,0.7926829268292683
oc_12_2500_3000_3.1_p019_0800_1.dat,15.018181818181818,0.810504511983352,0.9419429856223988,0.586151799456816,0.37003361212776814,0.4666666666666667,0.36754176610978523,0.37463725910364915,0.2515151515151515,0.6287878787878788
oc_12_2500_3000_3.1_p019_0830_1.dat,15.634069400630915,0.8396835766312021,0.9523268865920729,0.5771196096466853,0.39325950049256025,0.4384858044164038,0.42249240121580545,0.06685386935751077,0.012618296529968454,0.4444444444444444
oc_12_2500_3000_3.1_p019_0870_1.dat,17.512367491166078,0.8345219778024198,0.9522759242221798,0.476275408190744,0.2967932370435759,0.2508833922261484,0.4226190476190476,0.20885005888183666,0.07420494699646643,0.65625
oc_12_2500_3000_3.1_p019_0880_1.dat,17.7,0.8541257809817575,0.9612445595874713,0.5381613766746584,0.3925520531945958,0.3678571428571429,0.48130841121495327,0.20216222209145565,0.05,0.875
oc_12_2500_3000_3.1_p019_0900_1.dat,19.284046692607003,0.8558249966545988,0.9567316946096298,0.6021434129633828,0.1760292772004913,0.17509727626459143,0.25139664804469275,0.04745731932029307,0.011673151750972763,0.2727272727272727
oc_12_2500_3000_3.1_p019_0920_1.dat,22.026666666666667,0.8552349665188926,0.9557199502026635,0.5960253503698125,0.026004452349082545,0.044444444444444446,0.07633587786259542,0.046099974643696584,0.013333333333333334,0.23076923076923078
oc_12_2500_3500_3.5_p019_0710_1.dat,16.630872483221477,0.8599283755802299,0.9597960574800152,0.591804721712311,0.42085268208748255,0.40939597315436244,0.4959349593495935,0.3141798664913051,0.1040268456375839,1.0
oc_12_2500_3500_3.5_p019_0770_1.dat,17.389473684210525,0.849972403642594,0.9554554890288113,0.5974231566598436,0.3557084117149573,0.3824561403508772,0.3978102189781022,0.2822596413990644,0.11578947368421053,0.75
oc_12_2500_3500_3.5_p019_0800_1.dat,18.087591240875913,0.830270505745371,0.9483055971319312,0.5557346452809246,0.3566472305001995,0.44525547445255476,0.3495702005730659,0.11532379301615525,0.051094890510948905,0.34146341463414637
oc_12_2500_3500_3.5_p019_0830_1.dat,19.06153846153846,0.8476598316560491,0.9543203044478528,0.5721575766899614,0.3562714224989092,0.4346153846153846,0.353125,0.09660805714263723,0.019230769230769232,0.5555555555555556
oc_12_2500_3500_3.5_p019_0870_1.dat,21.17948717948718,0.8573724152618891,0.9597792038535645,0.47740667832853245,0.1944937498198153,0.12393162393162394,0.3717948717948718,0.10981284284344883,0.021367521367521368,0.625
oc_12_2500_3500_3.5_p019_0880_1.dat,22.425339366515836,0.8775055605922237,0.9659392192389414,0.5739379261295949,0.28849816961915753,0.2171945701357466,0.44036697247706424,0.17701635924257042,0.04072398190045249,0.8181818181818182
oc_12_2500_3500_3.5_p019_0900_1.dat,24.17560975609756,0.8631152889019089,0.9603260176322418,0.5526068780693768,0.12797797460135968,0.11219512195121951,0.20909090909090908,0.03362555958603235,0.00975609756097561,0.18181818181818182
oc_12_2500_3500_3.5_p019_0920_1.dat,28.982456140350877,0.8539774197224466,0.9578610606592549,0.542631071169363,0.06885596522511228,0.08771929824561403,0.10714285714285714,0.07312681286763477,0.029239766081871343,0.23809523809523808
oc_12_2500_4000_4.0_p019_0710_1.dat,19.284046692607003,0.8506444695920286,0.958098091118358,0.5180815844794318,0.3418607254174691,0.38910505836575876,0.36231884057971014,0.25089433258296334,0.07003891050583658,0.9473684210526315
oc_12_2500_4000_4.0_p019_0770_1.dat,21.27038626609442,0.854337339468479,0.9583463700134901,0.529209786080403,0.343615271812369,0.41201716738197425,0.34285714285714286,0.24044978648262505,0.06866952789699571,0.8888888888888888
oc_12_2500_4000_4.0_p019_0800_1.dat,21.736842105263158,0.8427243455298066,0.9527626091820988,0.4863490152507338,0.08965315531629042,0.10964912280701754,0.14204545454545456,-0.0066644424391487465,0.0,0.0
oc_12_2500_4000_4.0_p019_0830_1.dat,23.826923076923077,0.8505601798543883,0.956870593725794,0.5117304749747302,0.2857664630423478,0.3605769230769231,0.2808988764044944,0.23516804286972023,0.10096153846153846,0.6
oc_12_2500_4000_4.0_p019_0870_1.dat,27.23076923076923,0.8718596810950632,0.9653471771117166,0.4465300838183387,0.10418692804373585,0.07142857142857142,0.20967741935483872,0.0725467856994763,0.016483516483516484,0.375
oc_12_2500_4000_4.0_p019_0880_1.dat,28.813953488372093,0.8844888403824562,0.9704311212948518,0.4667763069303088,0.29080151255443704,0.25,0.38392857142857145,0.0,0.0,0.0
oc_12_2500_4000_4.0_p019_0900_1.dat,32.18181818181818,0.8784186430173497,0.9657221244618396,0.5060220132303154,0.11370729251942835,0.12987012987012986,0.14814814814814814,-0.00551673141383051,0.0,0.0
oc_12_2500_4000_4.0_p019_0920_1.dat,39.648,0.9021457402215739,0.9775475973233615,0.341666411457909,0.22111172734396356,0.136,0.3953488372093023,-0.0038601451618268294,0.0,0.0
oc_12_2500_500_0.5_p019_0710_1.dat,10.964601769911505,0.7571014428375415,0.9208902525887575,0.742572083865032,0.518769017403637,0.8451327433628318,0.38781725888324875,0.7764655824977809,0.7942477876106194,0.7960088691796009
oc_12_2500_500_0.5_p019_0770_1.dat,11.36697247706422,0.8264383756998592,0.9490981018175074,0.7546539710344913,0.6023711578230759,0.8325688073394495,0.494550408719346,0.8357380304491292,0.7568807339449541,0.9482758620689655
oc_12_2500_500_0.5_p019_0800_1.dat,11.71631205673759,0.8135207951198784,0.9436573879903327,0.8652127400174969,0.6560463853142667,0.9314420803782506,0.5097024579560155,0.8201334346306782,0.8108747044917257,0.8575
oc_12_2500_500_0.5_p019_0830_1.dat,12.176904176904177,0.8298392065786686,0.9508558487786687,0.7786182056595126,0.6349393805773742,0.8402948402948403,0.531055900621118,0.8462319749464118,0.8083538083538083,0.9088397790055248
oc_12_2500_500_0.5_p019_0870_1.dat,13.145888594164456,0.8555417390770583,0.9572718379898744,0.9117851170921835,0.6840397248178948,0.9575596816976127,0.5277777777777778,0.8991840518367762,0.8779840848806366,0.9350282485875706
oc_12_2500_500_0.5_p019_0880_1.dat,13.467391304347826,0.8616313518571529,0.9681219196093163,0.6733215723721446,0.7401254032655079,0.7146739130434783,0.801829268292683,0.8178889227267707,0.7119565217391305,0.9632352941176471
oc_12_2500_500_0.5_p019_0900_1.dat,14.323699421965317,0.8560825860654643,0.9612674045643154,0.7770458883836853,0.6787662999685427,0.838150289017341,0.5894308943089431,0.8319940611823432,0.8063583815028902,0.8801261829652997
oc_12_2500_500_0.5_p019_0920_1.dat,15.987096774193548,0.8119027267286325,0.9483028228256741,0.8212095796401659,0.6115529609228461,0.8870967741935484,0.46218487394957986,0.7854119066848892,0.864516129032258,0.7382920110192838
oc_12_5000_1000_1.0_p019_0710_1.dat,5.482300884955753,0.7588156785085693,0.929855616552901,0.8332706420799215,0.6671073880822588,0.9092920353982301,0.5817409766454352,0.853580244129325,0.8716814159292036,0.8804469273743016
oc_12_5000_1000_1.0_p019_0770_1.dat,5.690011481056257,0.7796018701010118,0.9418895738802128,0.7904012242501662,0.7366003434776336,0.8576349024110218,0.7080568720379147,0.8319593480016171,0.7921928817451206,0.9224598930481284
oc_12_5000_1000_1.0_p019_0800_1.dat,5.858156028368795,0.7911986867426526,0.9443351899345054,0.8254492945783161,0.7634236281866124,0.9018912529550828,0.7117537313432836,0.8430175673458095,0.8451536643026005,0.885997521685254
oc_12_5000_1000_1.0_p019_0830_1.dat,6.095940959409594,0.7875483490550232,0.9434977522967586,0.7905240974736555,0.7506962282767299,0.8511685116851169,0.729957805907173,0.8584402081397235,0.8241082410824109,0.9331476323119777
oc_12_5000_1000_1.0_p019_0870_1.dat,6.572944297082228,0.838003439895556,0.9571754443082312,0.8888819432050056,0.831985999228179,0.9535809018567639,0.7681623931623932,0.8197818334413408,0.7586206896551724,0.9315960912052117
oc_12_5000_1000_1.0_p019_0880_1.dat,6.742857142857143,0.8403184597748381,0.9630482031277455,0.7892726789119057,0.8229866300589465,0.8476190476190476,0.8441734417344173,0.7515228646954302,0.6190476190476191,0.9701492537313433
oc_12_5000_1000_1.0_p019_0900_1.dat,7.172214182344429,0.8342366324848338,0.9589987494244732,0.8274313688218222,0.8003663648856976,0.8986975397973951,0.7600979192166463,0.8537970983215626,0.869753979739508,0.873546511627907
oc_12_5000_1000_1.0_p019_0920_1.dat,8.019417475728156,0.8330492203229677,0.9598710710441335,0.8301534851280847,0.7917269748788991,0.8867313915857605,0.7517146776406035,0.8613005344763279,0.8737864077669902,0.8794788273615635
oc_12_5000_1500_1.5_p019_0710_1.dat,5.482300884955753,0.7681048383364446,0.9359375962457338,0.761254669332813,0.7574596886796829,0.879424778761062,0.7240437158469946,0.7198246657738188,0.6338495575221239,0.8981191222570533
oc_12_5000_1500_1.5_p019_0770_1.dat,5.690011481056257,0.7739644087156996,0.9406086615754248,0.7338338992976805,0.760051547070131,0.8427095292766934,0.7551440329218106,0.6698018414175583,0.5327210103329506,0.9298597194388778
oc_12_5000_1500_1.5_p019_0800_1.dat,5.858156028368795,0.7578983030582789,0.93439641778697,0.7814554504440551,0.7404047876072778,0.9101654846335697,0.6730769230769231,0.7439646642695648,0.7198581560283688,0.8411602209944752
oc_12_5000_1500_1.5_p019_0830_1.dat,6.095940959409594,0.7652521582451897,0.9357556066909343,0.7148993915471384,0.695799156358551,0.8351783517835178,0.6611489776046738,0.6605484112959737,0.5202952029520295,0.9235807860262009
oc_12_5000_1500_1.5_p019_0870_1.dat,6.572944297082228,0.8146078696197292,0.9533061245183888,0.7502978020727668,0.7743678976656186,0.8461538461538461,0.7668269230769231,0.6419861557559045,0.47745358090185674,0.9448818897637795
oc_12_5000_1500_1.5_p019_0880_1.dat,6.742857142857143,0.8085464821684358,0.9524374521173783,0.7386267757077378,0.7679631362039705,0.8299319727891157,0.7692307692307693,0.5447781791970142,0.3523809523809524,0.9384057971014492
oc_12_5000_1500_1.5_p019_0900_1.dat,7.172214182344429,0.8148248545516444,0.9540738916238711,0.7499313495860205,0.7720250405836631,0.8509406657018813,0.754813863928113,0.662348902633858,0.5397973950795948,0.888095238095238
oc_12_5000_1500_1.5_p019_0920_1.dat,8.019417475728156,0.8245520305502141,0.9556555934696807,0.7709790295950503,0.7555814275279926,0.8770226537216829,0.7029831387808041,0.6353517874191726,0.5339805825242718,0.8312342569269522
oc_12_5000_2000_2.0_p019_0710_1.dat,5.482300884955753,0.7617003501981086,0.9344448419795222,0.6827496813822618,0.7079144727940079,0.8440265486725663,0.6794300979519146,0.6449464711651302,0.5066371681415929,0.9178356713426854
oc_12_5000_2000_2.0_p019_0770_1.dat,5.690011481056257,0.7694303676908849,0.9358179579543504,0.6885835507380551,0.7058296062006256,0.8484500574052812,0.6705989110707804,0.576372517659428,0.40642939150401836,0.9242819843342036
oc_12_5000_2000_2.0_p019_0800_1.dat,5.858156028368795,0.7433708998598215,0.9278251911409858,0.7142582222610487,0.7008817474071183,0.9030732860520094,0.6241830065359477,0.6606314250971493,0.6158392434988179,0.802773497688752
oc_12_5000_2000_2.0_p019_0830_1.dat,6.095940959409594,0.7521203758432289,0.927451661639799,0.61568351264751,0.6324392730708179,0.8167281672816729,0.5860547219770521,0.5236032891526962,0.33210332103321033,0.9342560553633218
oc_12_5000_2000_2.0_p019_0870_1.dat,6.572944297082228,0.7920517428050199,0.9457769886164623,0.6609093466307591,0.6933866758723837,0.7188328912466844,0.7475862068965518,0.4659385036226322,0.2546419098143236,0.96
oc_12_5000_2000_2.0_p019_0880_1.dat,6.742857142857143,0.798822904667067,0.944118065542084,0.6736622713682157,0.6795082525538756,0.7523809523809524,0.6938519447929736,0.4055293804047852,0.19863945578231293,0.9419354838709677
oc_12_5000_2000_2.0_p019_0900_1.dat,7.172214182344429,0.8038711465322583,0.9468780023021073,0.691760845000511,0.70038357711564,0.7409551374819102,0.7335243553008596,0.42180259180697116,0.23733719247467439,0.8631578947368421
oc_12_5000_2000_2.0_p019_0920_1.dat,8.019417475728156,0.8038694243123539,0.9447865792967348,0.682063536991409,0.6571566193322976,0.7394822006472492,0.6575539568345323,0.3268840389620802,0.19093851132686085,0.686046511627907
oc_12_5000_2500_2.6_p019_0710_1.dat,5.7560975609756095,0.751041115615202,0.9261368880866426,0.588276997796477,0.6001734930869116,0.6643437862950058,0.6552119129438717,0.5210899940908632,0.31823461091753774,0.9647887323943662
oc_12_5000_2500_2.6_p019_0770_1.dat,6.0,0.7467508958609919,0.9263654443099274,0.5819391385825057,0.5966430238853079,0.6767554479418886,0.6359499431171786,0.4975456647906891,0.3050847457627119,0.9264705882352942
oc_12_5000_2500_2.6_p019_0800_1.dat,6.171855541718555,0.7333661848025099,0.9212091220698038,0.6109420696402923,0.5890696125045539,0.726027397260274,0.5859296482412061,0.42412882119005174,0.30635118306351183,0.727810650887574
oc_12_5000_2500_2.6_p019_0830_1.dat,6.4363636363636365,0.7264250321331736,0.9197515775410409,0.5420735489360728,0.5179433814525245,0.6831168831168831,0.5126705653021443,0.4462945443986237,0.24415584415584415,0.9306930693069307
oc_12_5000_2500_2.6_p019_0870_1.dat,6.912133891213389,0.7463681795076949,0.9187020876079676,0.4923418936223821,0.3857832096102537,0.35704323570432356,0.5589519650655022,0.30863403407255974,0.13528591352859135,0.8362068965517241
oc_12_5000_2500_2.6_p019_0880_1.dat,7.130935251798562,0.755076497317879,0.9314227319058573,0.5654859441973281,0.5107687772401271,0.5654676258992806,0.575402635431918,0.3156551591441334,0.1251798561151079,0.9157894736842105
oc_12_5000_2500_2.6_p019_0900_1.dat,7.54337899543379,0.7557066956195473,0.9257504078033137,0.5904246834763849,0.4004040274148898,0.3911719939117199,0.5399159663865546,0.16008065223460033,0.0547945205479452,0.6206896551724138
oc_12_5000_2500_2.6_p019_0920_1.dat,8.414261460101867,0.7681612322384234,0.9303510694319206,0.5669498151984779,0.39499246833802387,0.398981324278438,0.5108695652173914,0.07619993186520008,0.022071307300509338,0.41935483870967744
oc_12_5000_3000_3.1_p019_0710_1.dat,6.96067415730337,0.7740428270988389,0.9290138332745237,0.5984130690225371,0.5388700823347862,0.6348314606741573,0.5671267252195734,0.4156791573090458,0.21348314606741572,0.9212121212121213
oc_12_5000_3000_3.1_p019_0770_1.dat,7.235036496350365,0.7838952841600834,0.935960201560007,0.6254716629678059,0.5783350655697294,0.6408759124087591,0.6200564971751412,0.4006854588156404,0.20583941605839415,0.8924050632911392
oc_12_5000_3000_3.1_p019_0800_1.dat,7.577981651376147,0.7723075068400631,0.9292406693404635,0.6076434205030067,0.4898712517270352,0.5535168195718655,0.5460030165912518,0.419000137254337,0.25840978593272174,0.7934272300469484
oc_12_5000_3000_3.1_p019_0830_1.dat,7.904306220095694,0.7831176088270649,0.9340853379903278,0.6086283032363307,0.5300156771482154,0.6283891547049442,0.5472222222222223,0.21880277277595817,0.06539074960127592,0.8541666666666666
oc_12_5000_3000_3.1_p019_0870_1.dat,8.74074074074074,0.8061751344722732,0.944941680065182,0.632953735783135,0.5543694594581743,0.5961199294532628,0.6035714285714285,0.30302542451366243,0.1164021164021164,0.8918918918918919
oc_12_5000_3000_3.1_p019_0880_1.dat,8.881720430107526,0.8005084074064647,0.9411550832426551,0.6202618560259824,0.4989352634698596,0.5501792114695341,0.5491949910554562,0.31921318137807064,0.13261648745519714,0.8705882352941177
oc_12_5000_3000_3.1_p019_0900_1.dat,9.660818713450292,0.8091061362877905,0.9428722589138783,0.6259237265085754,0.4331145819439112,0.4171539961013645,0.5501285347043702,0.1741925330579607,0.042884990253411304,0.8148148148148148
oc_12_5000_3000_3.1_p019_0920_1.dat,10.964601769911505,0.8036170299804047,0.9383698015902366,0.6031600809224447,0.24300125123729588,0.22566371681415928,0.3763837638376384,0.11237863388147844,0.033185840707964605,0.5
oc_12_5000_3500_3.5_p019_0710_1.dat,8.301507537688442,0.7906841093878836,0.9386552598595354,0.5964202115175996,0.5453645617795894,0.6247906197654941,0.5694656488549619,0.3544955659196267,0.1407035175879397,0.9882352941176471
oc_12_5000_3500_3.5_p019_0770_1.dat,8.694736842105263,0.7791160252496805,0.9349082902642056,0.5835952581918834,0.4821279442818749,0.5543859649122806,0.5205930807248764,0.31010997626903924,0.14912280701754385,0.7589285714285714
oc_12_5000_3500_3.5_p019_0800_1.dat,8.945848375451263,0.7800779324960682,0.93130372323049,0.5406961671370922,0.4234785876020702,0.44945848375451264,0.5081632653061224,0.051200122098383156,0.01444043321299639,0.3333333333333333
oc_12_5000_3500_3.5_p019_0830_1.dat,9.53076923076923,0.7847702827253425,0.9347891139517897,0.5763457193050283,0.4719195664198219,0.5615384615384615,0.49158249158249157,0.18996093429083166,0.05961538461538462,0.7209302325581395
oc_12_5000_3500_3.5_p019_0870_1.dat,10.63519313304721,0.7912041199236736,0.933611582810771,0.49353503094861517,0.30386468303909825,0.2703862660944206,0.45161290322580644,0.18751396632453288,0.0536480686695279,0.7575757575757576
oc_12_5000_3500_3.5_p019_0880_1.dat,11.0625,0.8178426086921867,0.9468119048852702,0.6004127105864624,0.37100838096661687,0.32142857142857145,0.5255474452554745,0.23241160907627276,0.07366071428571429,0.825
oc_12_5000_3500_3.5_p019_0900_1.dat,12.206896551724139,0.815804141916207,0.9451557374114137,0.5945634111743647,0.25573244602636125,0.22167487684729065,0.39823008849557523,0.0718983228418511,0.014778325123152709,0.46153846153846156
oc_12_5000_3500_3.5_p019_0920_1.dat,14.576470588235294,0.8256145446568505,0.9462996259441088,0.5892568014225077,0.16061239826238527,0.1411764705882353,0.27906976744186046,0.11483439185665699,0.03235294117647059,0.5
oc_12_5000_4000_4.0_p019_0710_1.dat,9.698630136986301,0.791817695249076,0.9381649557344064,0.5830218947247812,0.43936009682990995,0.49706457925636005,0.4875239923224568,0.3068158099452423,0.11350293542074363,0.9206349206349206
oc_12_5000_4000_4.0_p019_0770_1.dat,10.433684210526316,0.7996260778795501,0.9393136383723071,0.6010488533703466,0.4215890751396397,0.4863157894736842,0.46107784431137727,0.28025475035544756,0.10947368421052632,0.8125
oc_12_5000_4000_4.0_p019_0800_1.dat,10.916299559471366,0.7786912243674045,0.930844634935305,0.5228308218927797,0.3403113149156708,0.3876651982378855,0.4018264840182648,0.005170882755602686,0.006607929515418502,0.10344827586206896
oc_12_5000_4000_4.0_p019_0830_1.dat,11.913461538461538,0.806374979305092,0.9402116161578555,0.5817400200858727,0.40357155136874745,0.4855769230769231,0.4225941422594142,0.187646426228082,0.057692307692307696,0.7058823529411765
oc_12_5000_4000_4.0_p019_0870_1.dat,13.578082191780823,0.8115380566714336,0.9424324499154294,0.47061490294940156,0.2179587490465223,0.1726027397260274,0.3727810650887574,0.1679066097390117,0.043835616438356165,0.7272727272727273
oc_12_5000_4000_4.0_p019_0880_1.dat,14.200573065902578,0.8420215478695654,0.953358824128181,0.6161899147639945,0.37323140462198434,0.32664756446991405,0.504424778761062,0.22444794259332673,0.07736389684813753,0.7297297297297297
oc_12_5000_4000_4.0_p019_0900_1.dat,16.249180327868853,0.8450787943793838,0.9530056551986315,0.6060853042414027,0.24066118363037567,0.20655737704918034,0.3620689655172414,0.03981458229113236,0.006557377049180328,0.3333333333333333
oc_12_5000_4000_4.0_p019_0920_1.dat,19.824,0.8419490896150726,0.952701521129466,0.5708159001481885,0.10071868471263799,0.088,0.19130434782608696,0.12049049244556496,0.036,0.47368421052631576
oc_12_5000_500_0.5_p019_0710_1.dat,5.482300884955753,0.7612100840912721,0.9263610593856655,0.7998699844174809,0.6470663809721882,0.9015486725663717,0.5616815988973122,0.8473860898793482,0.8230088495575221,0.9185185185185185
oc_12_5000_500_0.5_p019_0770_1.dat,5.690011481056257,0.7906431724848683,0.9419978318174017,0.7945352482799207,0.6866012554008869,0.8587830080367393,0.6365957446808511,0.874427007549464,0.8277841561423651,0.9600532623169108
oc_12_5000_500_0.5_p019_0800_1.dat,5.858156028368795,0.8083994721840271,0.9455369634608756,0.8519068121617499,0.7528467025944832,0.9042553191489362,0.6948228882833788,0.8928714495673646,0.8676122931442081,0.9495472186287193
oc_12_5000_500_0.5_p019_0830_1.dat,6.095940959409594,0.8022965810312097,0.9449336923210262,0.8261559543052837,0.7330188759232805,0.8720787207872078,0.6876818622696411,0.8918247693446496,0.8597785977859779,0.9549180327868853
oc_12_5000_500_0.5_p019_0870_1.dat,6.572944297082228,0.8575364219619893,0.9665793591943957,0.8417432778851534,0.851780549471958,0.8713527851458885,0.8713527851458885,0.907442146763921,0.8567639257294429,0.9847560975609756
oc_12_5000_500_0.5_p019_0880_1.dat,6.742857142857143,0.8507895211583336,0.9646259685468284,0.8290923677871956,0.8437680156808486,0.8639455782312925,0.8639455782312925,0.9003097155013323,0.8571428571428571,0.9707241910631741
oc_12_5000_500_0.5_p019_0900_1.dat,7.172214182344429,0.8449437054150373,0.9616834482025854,0.8251530523365476,0.815936208266464,0.8654124457308249,0.8136054421768707,0.8888248898804727,0.8581765557163531,0.9472843450479234
oc_12_5000_500_0.5_p019_0920_1.dat,8.019417475728156,0.8384737762962582,0.9580412683889487,0.8731763574945972,0.7870282809659304,0.9077669902912622,0.7276264591439688,0.8845598015110351,0.9061488673139159,0.8888888888888888
oc_12_500_1000_1.0_p019_0710_1.dat,55.06666666666667,0.9293327251631471,0.9823415786761791,0.6497096444284778,0.5407822349313431,0.6666666666666666,0.45454545454545453,0.0,0.0,0.0
oc_12_500_1000_1.0_p019_0770_1.dat,56.96551724137931,0.9380962423734113,0.9864115330160619,0.6463004084774298,0.6331943822062149,0.6206896551724138,0.6585365853658537,0.07384841062954059,0.011494252873563218,0.5
oc_12_500_1000_1.0_p019_0800_1.dat,59.0,0.9144923597936305,0.978126228968254,0.5575448059195997,0.4541568051770515,0.6309523809523809,0.34415584415584416,0.3519148516033486,0.23809523809523808,0.5405405405405406
oc_12_500_1000_1.0_p019_0830_1.dat,61.18518518518518,0.9206775545151619,0.9791313047448879,0.6318377371519748,0.4497693365520316,0.6790123456790124,0.3142857142857143,0.21882246365017666,0.07407407407407407,0.6666666666666666
oc_12_500_1000_1.0_p019_0870_1.dat,66.08,0.9427278533826188,0.9881620810971974,0.5566136788346898,0.34119848600090696,0.2,0.6,0.0,0.0,0.0
oc_12_500_1000_1.0_p019_0880_1.dat,67.89041095890411,0.9455525479826002,0.9888089823026447,0.5416768871871396,0.537470647131061,0.547945205479452,0.5405405405405406,0.1332146573894166,0.0273972602739726,0.6666666666666666
oc_12_500_1000_1.0_p019_0900_1.dat,71.82608695652173,0.9408499334648233,0.9858025404975125,0.6533841703619094,0.4591404117251199,0.6231884057971014,0.3524590163934426,0.0,0.0,0.0
oc_12_500_1000_1.0_p019_0920_1.dat,79.93548387096774,0.944439052553328,0.9891703788361897,0.29503218320503877,0.3548929798804436,0.24193548387096775,0.5357142857142857,0.0,0.0,0.0
oc_12_500_1500_1.5_p019_0710_1.dat,55.06666666666667,0.9314433835421092,0.9829176623067777,0.653301236468333,0.4780316914447224,0.5666666666666667,0.4214876033057851,0.0,0.0,0.0
oc_12_500_1500_1.5_p019_0770_1.dat,56.96551724137931,0.9325905895640921,0.983786601229427,0.5871560941832892,0.43332309825690946,0.4482758620689655,0.43820224719101125,0.19958314587151277,0.05747126436781609,0.7142857142857143
oc_12_500_1500_1.5_p019_0800_1.dat,59.0,0.9162684225157065,0.9777767378968254,0.5980296636750803,0.4521706122224436,0.6666666666666666,0.3236994219653179,0.1643490239129883,0.08333333333333333,0.35
oc_12_500_1500_1.5_p019_0830_1.dat,61.18518518518518,0.92547116955001,0.9807580540003971,0.6708380716980089,0.45970327693668506,0.6790123456790124,0.3273809523809524,0.15589723040814918,0.024691358024691357,1.0
oc_12_500_1500_1.5_p019_0870_1.dat,66.08,0.9362468729362817,0.986609513814351,0.4543780893307191,0.20493982514931414,0.08,0.5454545454545454,0.0,0.0,0.0
oc_12_500_1500_1.5_p019_0880_1.dat,67.89041095890411,0.9424851702482141,0.9877543833764167,0.552218887571949,0.3634973378034083,0.2876712328767123,0.4772727272727273,0.0,0.0,0.0
oc_12_500_1500_1.5_p019_0900_1.dat,71.82608695652173,0.9436899516386466,0.9865377942288557,0.6402419424559578,0.4152659038621269,0.5217391304347826,0.34615384615384615,0.0,0.0,0.0
oc_12_500_1500_1.5_p019_0920_1.dat,79.93548387096774,0.942908698479346,0.9887081664009566,0.28681872757411553,0.3060228303884558,0.1935483870967742,0.5,0.0,0.0,0.0
oc_12_500_2000_2.0_p019_0710_1.dat,55.06666666666667,0.9322711691212131,0.9835404601664685,0.5836770837966521,0.36969613243841504,0.34444444444444444,0.4189189189189189,0.0,0.0,0.0
oc_12_500_2000_2.0_p019_0770_1.dat,56.96551724137931,0.9195276953503961,0.9784189758080508,0.5080770699902779,0.25998043989432124,0.3448275862068966,0.22058823529411764,0.10629298462364373,0.011494252873563218,1.0
oc_12_500_2000_2.0_p019_0800_1.dat,59.0,0.9123521342096952,0.9771638472222223,0.5485518374951188,0.3717938949359595,0.5238095238095238,0.2838709677419355,0.1779341910934411,0.10714285714285714,0.32142857142857145
oc_12_500_2000_2.0_p019_0830_1.dat,61.18518518518518,0.921771639408203,0.9791784002382371,0.5697543402301739,0.2967710622045551,0.38271604938271603,0.25203252032520324,0.0,0.0,0.0
oc_12_500_2000_2.0_p019_0870_1.dat,66.08,0.9354923826661291,0.9872895309083681,0.2644971654872217,0.27548202935903804,0.13333333333333333,0.5882352941176471,0.0,0.0,0.0
oc_12_500_2000_2.0_p019_0880_1.dat,67.89041095890411,0.9403561475149462,0.9867068665738715,0.4977174267712785,0.2698758509726266,0.2054794520547945,0.375,0.1162001220692771,0.0136986301369863,1.0
oc_12_500_2000_2.0_p019_0900_1.dat,71.82608695652173,0.9432440664505283,0.9866198752238806,0.6208778239116762,0.30463250545327786,0.3188405797101449,0.30985915492957744,0.0,0.0,0.0
oc_12_500_2000_2.0_p019_0920_1.dat,79.93548387096774,0.943749808652981,0.9882942925468314,0.35184980970691526,0.21630958705622155,0.12903225806451613,0.38095238095238093,0.0,0.0,0.0
oc_12_500_2500_2.6_p019_0710_1.dat,57.627906976744185,0.9285304890184006,0.9824343042443475,0.5124137537567175,0.25160184785560025,0.20930232558139536,0.32727272727272727,0.0,0.0,0.0
oc_12_500_2500_2.6_p019_0770_1.dat,60.4390243902439,0.9195527900866987,0.9777770440651052,0.572322917765824,0.28479364906306764,0.3902439024390244,0.2302158273381295,0.20576368522645327,0.06097560975609756,0.7142857142857143
oc_12_500_2500_2.6_p019_0800_1.dat,61.18518518518518,0.9157261925224367,0.9765128385944014,0.5778509124229179,0.3255811419117421,0.48148148148148145,0.24074074074074073,0.15584255715234677,0.07407407407407407,0.35294117647058826
oc_12_500_2500_2.6_p019_0830_1.dat,63.53846153846154,0.920199843406665,0.9782156775923718,0.577501761900725,0.19995861022506925,0.28205128205128205,0.16541353383458646,-0.0025010728055367536,0.0,0.0
oc_12_500_2500_2.6_p019_0870_1.dat,68.83333333333333,0.9349545873100134,0.9866831241050119,0.25505682559932485,0.18897862538831298,0.09722222222222222,0.3888888888888889,0.0,0.0,0.0
oc_12_500_2500_2.6_p019_0880_1.dat,69.80281690140845,0.9402981512302389,0.9862467348319077,0.5421231044426778,0.1949040704108039,0.1267605633802817,0.32142857142857145,0.0,0.0,0.0
oc_12_500_2500_2.6_p019_0900_1.dat,75.0909090909091,0.9412277134647242,0.9856584088012744,0.5949913427559944,0.14968870899780842,0.15151515151515152,0.1694915254237288,0.0,0.0,0.0
oc_12_500_2500_2.6_p019_0920_1.dat,84.0,0.9393914604997661,0.9870060701894317,0.2529309993547626,0.22494716358748643,0.2033898305084746,0.26666666666666666,0.1294337334091702,0.01694915254237288,1.0
oc_12_500_3000_3.1_p019_0710_1.dat,69.80281690140845,0.9321740888686041,0.9839064298786553,0.41772439082578783,0.19228358871837242,0.18309859154929578,0.22413793103448276,0.0,0.0,0.0
oc_12_500_3000_3.1_p019_0770_1.dat,73.97014925373135,0.9230395296429785,0.9798039253434203,0.4384722993453778,0.17709548539920109,0.23880597014925373,0.1523809523809524,0.1063923920249626,0.029850746268656716,0.4
oc_12_500_3000_3.1_p019_0800_1.dat,75.0909090909091,0.9031089379081855,0.9721116144962166,0.5190992445345298,0.179305442876508,0.3333333333333333,0.1164021164021164,0.13760055572467644,0.06060606060606061,0.3333333333333333
oc_12_500_3000_3.1_p019_0830_1.dat,77.4375,0.9250568389612418,0.9800567003984064,0.5253618357459686,0.11230573961227577,0.15625,0.10204081632653061,-0.002778835989980184,0.0,0.0
oc_12_500_3000_3.1_p019_0870_1.dat,86.94736842105263,0.9391527842698869,0.9881354089367644,0.4309778385863935,0.0,0.0,0.0,0.0,0.0,0.0
oc_12_500_3000_3.1_p019_0880_1.dat,85.44827586206897,0.9439171017958371,0.9879437686477862,0.4526134849436583,0.08354007651403417,0.034482758620689655,0.2222222222222222,0.0,0.0,0.0
oc_12_500_3000_3.1_p019_0900_1.dat,97.17647058823529,0.9444749100483876,0.9874745508288396,0.48056071355325447,-0.006093249194909708,0.0,0.0,0.0,0.0,0.0
oc_12_500_3000_3.1_p019_0920_1.dat,110.13333333333334,0.9519429268388538,0.9904961953609278,0.2877476096307757,-0.0038142119151755357,0.0,0.0,0.0,0.0,0.0
oc_12_500_3500_3.5_p019_0710_1.dat,82.6,0.9412816819078844,0.9862905843301435,0.5854728244234668,0.09215633726048439,0.06666666666666667,0.14814814814814814,0.0,0.0,0.0
oc_12_500_3500_3.5_p019_0770_1.dat,85.44827586206897,0.9285849979500816,0.9805944144395692,0.5325597281301115,0.12599560257752315,0.1896551724137931,0.102803738317757,0.09124700240424448,0.017241379310344827,0.5
oc_12_500_3500_3.5_p019_0800_1.dat,90.10909090909091,0.9352978575310926,0.9830095076830971,0.5745178938941666,0.22411396272753403,0.3090909090909091,0.17894736842105263,-0.002578363610392192,0.0,0.0
oc_12_500_3500_3.5_p019_0830_1.dat,95.3076923076923,0.9277139410092714,0.9800413536341853,0.580442123390339,0.10323179380301589,0.17307692307692307,0.07894736842105263,0.05339656240693326,0.019230769230769232,0.16666666666666666
oc_12_500_3500_3.5_p019_0870_1.dat,105.44680851063829,0.9500586255672187,0.9908997847291625,0.1427108661375729,0.0,0.0,0.0,0.0,0.0,0.0
oc_12_500_3500_3.5_p019_0880_1.dat,112.63636363636364,0.953019964586245,0.9900783122,0.5362389179641409,0.08290788891858088,0.045454545454545456,0.16666666666666666,0.0,0.0,0.0
oc_12_500_3500_3.5_p019_0900_1.dat,123.9,0.9495090661153299,0.988838215572458,0.5360312795161888,-0.005249497634569252,0.0,0.0,0.0,0.0,0.0
oc_12_500_3500_3.5_p019_0920_1.dat,137.66666666666666,0.9592859060778183,0.992103172275641,0.40118499300965216,-0.003818420385392644,0.0,0.0,0.0,0.0,0.0
oc_12_500_4000_4.0_p019_0710_1.dat,97.17647058823529,0.9466895477469459,0.9879774723387258,0.4046717724270301,0.13616745739082559,0.13725490196078433,0.15217391304347827,0.0,0.0,0.0
oc_12_500_4000_4.0_p019_0770_1.dat,103.25,0.9338892923126401,0.9822179126698641,0.5090738683457552,0.167907673483595,0.2708333333333333,0.11926605504587157,-0.0027835560025568844,0.0,0.0
oc_12_500_4000_4.0_p019_0800_1.dat,112.63636363636364,0.9399918250971344,0.984418286,0.574144881986948,0.12013362686212871,0.18181818181818182,0.09411764705882353,-0.0013326592589927777,0.0,0.0
oc_12_500_4000_4.0_p019_0830_1.dat,118.0,0.9380572932475755,0.9835503761504601,0.6005551071219306,0.07321881189057038,0.11904761904761904,0.05952380952380952,0.0,0.0,0.0
oc_12_500_4000_4.0_p019_0870_1.dat,130.42105263157896,0.9592867184327996,0.9926425973167802,0.25435305371308947,0.07008963485199174,0.02631578947368421,0.2,0.0,0.0,0.0
oc_12_500_4000_4.0_p019_0880_1.dat,145.76470588235293,0.9612992093489207,0.992420277755511,0.5752719949542997,-0.003104397936520934,0.0,0.0,0.0,0.0,0.0
oc_12_500_4000_4.0_p019_0900_1.dat,159.8709677419355,0.9578264062715822,0.9912248540204531,0.6424994442363239,-0.004043281547102218,0.0,0.0,0.0,0.0,0.0
oc_12_500_4000_4.0_p019_0920_1.dat,198.24,0.9643963311162963,0.9932248779361574,0.22065103379464213,0.11313037771358488,0.12,0.11538461538461539,0.0,0.0,0.0
oc_12_500_500_0.5_p019_0710_1.dat,55.06666666666667,0.926349146937659,0.9788823339278636,0.6704184536177492,0.4300992311697466,0.7222222222222222,0.2742616033755274,0.10447534377175932,0.011111111111111112,1.0
oc_12_500_500_0.5_p019_0770_1.dat,56.96551724137931,0.9233958758646933,0.9776526422764228,0.7037257782632191,0.47009362254549203,0.7701149425287356,0.3031674208144796,0.30085087476073064,0.09195402298850575,1.0
oc_12_500_500_0.5_p019_0800_1.dat,59.0,0.9265537485353263,0.9792632361111111,0.7429848326496946,0.49403259515207715,0.8095238095238095,0.31627906976744186,0.09435981807972597,0.023809523809523808,0.4
oc_12_500_500_0.5_p019_0830_1.dat,61.18518518518518,0.9152064544375983,0.9746454155251142,0.8113512832610055,0.5082554763764583,0.8888888888888888,0.3037974683544304,0.36838748738813737,0.18518518518518517,0.75
oc_12_500_500_0.5_p019_0870_1.dat,66.08,0.9598864547081538,0.9923577584973167,0.77141632739273,0.7423824073962713,0.6266666666666667,0.8867924528301887,0.0,0.0,0.0
oc_12_500_500_0.5_p019_0880_1.dat,67.89041095890411,0.9572936008923952,0.9917595498110956,0.7925532180714903,0.7636722003638309,0.8082191780821918,0.7283950617283951,0.3095428175347494,0.1095890410958904,0.8888888888888888
oc_12_500_500_0.5_p019_0900_1.dat,71.82608695652173,0.9384600388497383,0.9830990758208955,0.8261681707642985,0.5278914925707225,0.8840579710144928,0.32620320855614976,0.0,0.0,0.0
oc_12_500_500_0.5_p019_0920_1.dat,79.93548387096774,0.9613122672572845,0.992638041052212,0.6649298990249441,0.6327293770165575,0.6774193548387096,0.6,0.28582708314599775,0.0967741935483871,0.8571428571428571
