Name,CI,LSR,BSL,HMS,MCC_5,TPR_5,PPV_5,MCC_9,TPR_9,PPV_9
1.00_1.31_8.35_53.01_9.61.dat,1.0,0.8379291176850902,0.9623781351351351,0.8983257067563191,0.9219544457292888,1.0,0.925,0.9061503567266268,0.972972972972973,0.935064935064935
1.00_2.65_10.68_37.88_45.07.dat,1.0,0.8347091286689787,0.9662162162162162,0.8923550703875283,0.9331996211065261,0.9864864864864865,0.948051948051948,0.9331996211065261,0.9864864864864865,0.948051948051948
10.00_1.79_9.26_24.89_96.49.dat,10.0,0.9030287552114196,0.9741756314496315,0.9287922226530669,0.8383230375698465,0.972972972972973,0.75,0.8760381968695367,0.9459459459459459,0.8333333333333334
10.00_7.49_4.56_48.53_74.08.dat,10.0,0.9206532183870166,0.9763724287469288,0.9570985213426726,0.8416268226388166,0.9864864864864865,0.7448979591836735,0.9147975535782207,0.9594594594594594,0.8875
100.00_4.51_5.21_22.99_1.70.dat,100.0,0.9577540938366057,0.9888777115333155,0.9155363291626706,0.5540924622538259,0.8513513513513513,0.3684210526315789,0.3134175224968858,0.12162162162162163,0.8181818181818182
101.00_0.85_0.38_3.08_19.93.dat,101.0,0.9571790384989408,0.9889813600953895,0.8825972182724059,0.4930706322824874,0.7162162162162162,0.34868421052631576,0.0,0.0,0.0
102.00_6.47_6.17_2.56_9.35.dat,102.0,0.9609084812869026,0.9897041478614537,0.9136972925430819,0.4676363431533888,0.6891891891891891,0.3269230769230769,-0.0011342112047141055,0.0,0.0
103.00_0.13_0.92_41.41_10.35.dat,103.0,0.9596312126040311,0.991114833549896,0.9553278428370107,0.6484994625910809,0.9324324324324325,0.45695364238410596,0.370762138202987,0.16216216216216217,0.8571428571428571
103.00_0.55_1.45_13.42_0.67.dat,103.0,0.9231976026782289,0.9833922360966736,0.4298744939033068,0.0390623229623504,0.04054054054054054,0.05454545454545454,-0.0025123201646275336,0.0,0.0
104.00_0.00_4.03_32.13_5.55.dat,104.0,0.9736468835147459,0.9953264810810811,0.8494488074815254,0.7177012091212924,0.8378378378378378,0.62,0.5911805589931715,0.36486486486486486,0.9642857142857143
105.00_1.36_0.00_8.68_4.15.dat,105.0,0.9346700480041725,0.9832069934982152,0.6534604879477193,-0.011312316299570276,0.0,0.0,0.0,0.0,0.0
106.00_0.00_2.68_29.45_20.98.dat,106.0,0.9710028032106434,0.9940415045466027,0.877207977390523,0.6799021387764493,0.8918918918918919,0.5238095238095238,0.8717354255228583,0.8243243243243243,0.9242424242424242
106.00_0.45_7.36_30.11_9.13.dat,106.0,0.9713353140106673,0.9939752207628189,0.9112889768852105,0.6222749760112974,0.7567567567567568,0.5185185185185185,0.1636496337533014,0.02702702702702703,1.0
107.00_1.46_1.03_17.91_2.52.dat,107.0,0.9321799575165481,0.9868663862612612,0.6534399997742951,0.12091310090360537,0.05405405405405406,0.2857142857142857,0.0,0.0,0.0
108.00_0.00_1.97_1.80_6.07.dat,108.0,0.9552759047844543,0.9896879688817257,0.8110235119766787,0.02722675144096766,0.013513513513513514,0.07142857142857142,0.0,0.0,0.0
109.00_1.44_4.40_4.14_16.40.dat,109.0,0.9690770825606674,0.9943286961916462,0.9107786668310563,0.6638690213309016,0.6891891891891891,0.6455696202531646,0.0,0.0,0.0
109.00_2.45_0.97_30.43_1.85.dat,109.0,0.9702147618913598,0.9938546248157248,0.9727226090375505,0.7294880003008078,0.9594594594594594,0.5590551181102362,0.5122417594906122,0.3108108108108108,0.8518518518518519
11.00_4.88_9.02_7.94_27.55.dat,11.0,0.9104810479590584,0.9722496103603604,0.9339076835059996,0.8018573480436343,1.0,0.6727272727272727,0.8155232187296354,0.7837837837837838,0.8787878787878788
110.00_0.07_2.83_1.88_34.57.dat,110.0,0.961431626643936,0.9913122292427563,0.8668311109059876,0.4479187856409428,0.5,0.4111111111111111,0.0,0.0,0.0
110.00_5.54_0.00_13.69_37.78.dat,110.0,0.9736164947135576,0.9952814761383004,0.9758281668939012,0.7851745604486938,0.972972972972973,0.6371681415929203,0.653710594723623,0.5,0.8604651162790697
111.00_0.00_2.08_4.65_13.14.dat,111.0,0.9595119662344808,0.9895395045849421,0.8919727134272725,0.16036684225174486,0.1891891891891892,0.15053763440860216,0.0,0.0,0.0
112.00_4.91_2.09_9.29_28.55.dat,112.0,0.9677449577713568,0.9945661649127003,0.9372803621272761,0.7492534961528187,0.8243243243243243,0.6853932584269663,0.23590000804980546,0.06756756756756757,0.8333333333333334
112.00_5.20_2.60_12.26_13.54.dat,112.0,0.9792328887163261,0.9967488329347046,0.9542145239869914,0.7884001852885927,0.918918918918919,0.68,0.20048988931412737,0.04054054054054054,1.0
113.00_0.00_0.96_7.64_11.08.dat,113.0,0.9650366520790317,0.9917172875770507,0.8201337989821391,0.5593699692509855,0.8378378378378378,0.3803680981595092,0.6374009925348799,0.44594594594594594,0.9166666666666666
114.00_0.78_2.63_1.32_16.68.dat,114.0,0.9608173206143628,0.9907567759106933,0.864518398252369,0.34325190664344296,0.35135135135135137,0.3466666666666667,0.0,0.0,0.0
115.00_0.00_0.87_2.88_2.07.dat,115.0,0.957491631293806,0.9881787757455731,0.9116390912358768,0.3111915449934257,0.47297297297297297,0.21604938271604937,-0.0014235470397208783,0.0,0.0
115.00_2.38_3.32_1.36_5.93.dat,115.0,0.9614425019307288,0.9902069534016775,0.8998827014601677,0.20935005779798693,0.24324324324324326,0.1935483870967742,0.0,0.0,0.0
116.00_0.00_0.30_13.40_22.52.dat,116.0,0.9723754869766703,0.994549454954955,0.940442966809515,0.7192267534954752,0.9459459459459459,0.5511811023622047,0.6254787453597638,0.4189189189189189,0.9393939393939394
116.00_0.00_6.30_15.40_2.82.dat,116.0,0.9760954633369447,0.9957444917994918,0.9315453764578154,0.6641341811330448,0.6486486486486487,0.6857142857142857,0.0,0.0,0.0
116.00_2.77_2.71_13.53_43.39.dat,116.0,0.9383265336446561,0.9847807674982675,0.866511553143785,0.4702576059834366,0.8243243243243243,0.27601809954751133,0.41573127754256683,0.3783783783783784,0.4666666666666667
117.00_3.94_5.31_12.50_5.67.dat,117.0,0.9232561376898825,0.9821933740265689,0.4881529857384034,-0.00837051587102455,0.0,0.0,0.0,0.0,0.0
118.00_0.00_0.55_15.53_12.18.dat,118.0,0.9658882420070394,0.9931216451283216,0.920446683486282,0.6028978988987033,0.7432432432432432,0.4954954954954955,0.0,0.0,0.0
118.00_0.98_0.71_7.33_1.22.dat,118.0,0.9714360416762425,0.9939310930047695,0.9400266263531123,0.6143041007447433,0.7432432432432432,0.514018691588785,0.0,0.0,0.0
119.00_1.18_1.32_14.60_2.11.dat,119.0,0.9642831381465352,0.9910471948198198,0.9135262034924685,0.5452712922355504,0.8243243243243243,0.3674698795180723,0.11576877895757011,0.013513513513513514,1.0
12.00_4.88_5.43_54.59_12.08.dat,12.0,0.9136821907909305,0.973092786902287,0.9676622594083042,0.7870949503595885,0.9864864864864865,0.6576576576576577,0.9268018018018018,0.9324324324324325,0.9324324324324325
120.00_0.02_4.30_8.59_15.24.dat,120.0,0.9428946128241135,0.986273147978557,0.7506110734602692,0.12826582656998547,0.16216216216216217,0.11538461538461539,-0.003739474171170893,0.0,0.0
120.00_5.09_6.15_3.72_27.57.dat,120.0,0.9702262818456421,0.994353412441367,0.9356732401463789,0.7390424427269525,0.9324324324324325,0.5897435897435898,0.6516078316035109,0.4864864864864865,0.8780487804878049
121.00_0.07_1.44_11.78_3.75.dat,121.0,0.9518656132075018,0.9901379364200266,0.7801253384740359,0.24045761576230662,0.24324324324324326,0.25,0.0,0.0,0.0
122.00_0.00_1.67_7.31_6.41.dat,122.0,0.9664508235933611,0.9920115403208086,0.9004720555386726,0.4185854937875425,0.5405405405405406,0.3333333333333333,0.0,0.0,0.0
122.00_0.00_8.26_10.77_24.46.dat,122.0,0.9399938720161503,0.9856111720500988,0.8502362470455199,0.2691406628941514,0.43243243243243246,0.1787709497206704,0.10958556128483014,0.08108108108108109,0.16216216216216217
123.00_0.54_2.42_28.12_6.02.dat,123.0,0.9672012748434337,0.9939283110287707,0.9304762315575127,0.7235064967618784,0.8648648648648649,0.6095238095238096,0.13316718045309595,0.02702702702702703,0.6666666666666666
124.00_3.86_2.05_11.88_4.79.dat,124.0,-1.2748234598279442,0.5071351351351352,0.19145156729622093,0.08964745080923615,1.0,0.015972372113101662,0.08964745080923615,1.0,0.015972372113101662
125.00_0.48_1.61_10.04_6.96.dat,125.0,0.9656178227761398,0.9919027211497211,0.9270252341689916,0.5967718989887149,0.918918918918919,0.3930635838150289,0.33616838559498696,0.16216216216216217,0.7058823529411765
126.00_0.15_1.54_8.86_29.97.dat,126.0,0.9769972239911914,0.9965571494998936,0.9605658409160095,0.8121932051642302,0.8513513513513513,0.7777777777777778,0.0,0.0,0.0
127.00_4.55_2.77_16.27_9.69.dat,127.0,0.9760034446528114,0.9958495665118243,0.9433391496280092,0.7544892319744329,0.8108108108108109,0.7058823529411765,0.115798768874153,0.013513513513513514,1.0
128.00_0.21_1.18_27.07_14.12.dat,128.0,0.9654905974056529,0.9923876910747957,0.9432675890324863,0.6112370309023293,0.9594594594594594,0.39444444444444443,0.4922771613134296,0.25675675675675674,0.95
129.00_0.00_1.69_9.42_8.72.dat,129.0,0.9705299627808947,0.9938993418918919,0.829006124702466,0.5953509034611969,0.7972972972972973,0.45038167938931295,0.163782488931506,0.02702702702702703,1.0
13.00_6.08_9.79_33.18_20.56.dat,13.0,0.876268381883083,0.9594402934362934,0.8848811418513571,0.6987636185818301,1.0,0.524822695035461,0.7055681978981099,0.581081081081081,0.8958333333333334
130.00_2.12_2.68_25.82_15.07.dat,130.0,0.9647570729374819,0.9935497573756963,0.4248144350764993,0.465703253120653,0.47297297297297297,0.4666666666666667,0.5316708741352855,0.2972972972972973,0.9565217391304348
131.00_0.87_2.55_1.26_0.41.dat,131.0,0.960241872032985,0.9909687196969696,0.8418340069413209,-0.004513640477891118,0.0,0.0,0.0,0.0,0.0
131.00_1.87_0.33_16.05_0.79.dat,131.0,0.9775872728568064,0.9961704097051597,0.9358805304831603,0.7183272405489366,0.8378378378378378,0.62,0.11581239794762137,0.013513513513513514,1.0
131.00_6.32_0.87_9.78_0.00.dat,131.0,0.9604074964094014,0.9898731123054874,0.8857650768880975,0.20285392872240185,0.28378378378378377,0.15671641791044777,0.0,0.0,0.0
132.00_1.31_3.98_6.22_1.14.dat,132.0,0.9717494583742784,0.9939073608006502,0.9133613068411497,0.4138720900856588,0.44594594594594594,0.39285714285714285,0.0,0.0,0.0
132.00_2.82_2.60_18.82_0.64.dat,132.0,0.9657681490606541,0.9920541395041658,0.9547439096670324,0.5666610596059958,0.9054054054054054,0.3602150537634409,0.05660037908565014,0.013513513513513514,0.25
133.00_0.64_0.94_5.09_3.30.dat,133.0,0.9669214297698108,0.9929233507462687,0.7099978574700473,0.4871402187758631,0.6621621621621622,0.3656716417910448,-0.0015084546349158376,0.0,0.0
134.00_0.10_2.85_4.89_27.70.dat,134.0,0.9469558925091007,0.9880292880880881,0.8400563607572316,0.3185241753923273,0.4189189189189189,0.25203252032520324,0.05508579327214197,0.04054054054054054,0.08823529411764706
134.00_0.40_1.36_8.83_20.14.dat,134.0,0.9677749338531135,0.9928590089089089,0.8161119310807117,0.4935958899743467,0.7027027027027027,0.35374149659863946,0.09318019529110837,0.02702702702702703,0.3333333333333333
135.00_3.57_0.00_2.94_1.61.dat,135.0,0.9526689155795905,0.989157051172496,0.8050030912771193,0.023247995834698425,0.02702702702702703,0.03278688524590164,0.0,0.0,0.0
136.00_1.95_0.87_9.37_26.93.dat,136.0,0.9697023563413184,0.9939182810218978,0.9147955435850379,0.6520708737125275,0.8783783783783784,0.48872180451127817,0.1638140513192597,0.02702702702702703,1.0
136.00_4.21_0.22_3.50_6.15.dat,136.0,0.963895628740896,0.99162783685145,0.8622699511470834,0.19302714320631606,0.21621621621621623,0.1839080459770115,0.0,0.0,0.0
137.00_0.00_1.05_2.63_7.18.dat,137.0,0.9344763750348998,0.9827155308460634,0.686522855232222,-0.009999500037496875,0.0,0.0,-0.0022375988589767738,0.0,0.0
137.00_0.00_3.02_15.97_20.50.dat,137.0,0.973277743687468,0.9950238856247552,0.9299287936010292,0.6697896495884947,0.7972972972972973,0.5673076923076923,0.0,0.0,0.0
137.00_2.80_1.27_6.21_3.49.dat,137.0,0.9497834673626857,0.9873346002741872,0.7825309540214701,-0.008278957326904661,0.0,0.0,0.0,0.0,0.0
138.00_0.58_1.89_9.93_2.99.dat,138.0,0.9691202928500235,0.9930644952362434,0.9065465499759349,0.6017552950276718,0.8648648648648649,0.423841059602649,0.31397486625202353,0.12162162162162163,0.8181818181818182
139.00_0.00_0.83_9.16_1.78.dat,139.0,0.9595028391360988,0.9896706802123552,0.9020350997116959,0.4428425731018141,0.7432432432432432,0.270935960591133,0.0,0.0,0.0
14.00_9.99_9.25_46.28_11.15.dat,14.0,0.8903243626815083,0.9644050531531532,0.8767312592217182,0.7021224487461882,0.972972972972973,0.5413533834586466,0.6143286039982244,0.44594594594594594,0.8918918918918919
140.00_0.00_0.18_1.88_2.78.dat,140.0,0.9667455012926942,0.9924031000575043,0.9035150940350863,0.22264279702618506,0.22972972972972974,0.22666666666666666,0.0,0.0,0.0
141.00_0.00_2.49_3.04_16.31.dat,141.0,0.9654952283368925,0.9923785397792159,0.866561551608707,0.4298975298920191,0.5,0.37755102040816324,0.0,0.0,0.0
142.00_4.78_2.70_17.94_5.53.dat,142.0,0.9542309870127726,0.9896278064638064,0.8170947895007099,0.00990549119814219,0.013513513513513514,0.018518518518518517,0.0,0.0,0.0
143.00_0.34_0.00_5.14_16.08.dat,143.0,0.9597740553992523,0.9918601553115616,0.7200519788092763,-0.00388926909239892,0.0,0.0,0.0,0.0,0.0
144.00_3.18_2.92_3.02_22.39.dat,144.0,0.9697883602361353,0.9934537177073626,0.9060695492343691,0.3806293008896423,0.40540540540540543,0.36585365853658536,0.0,0.0,0.0
145.00_0.00_5.22_18.31_8.79.dat,145.0,0.9753309324281836,0.9961289132728619,0.9300967222979326,0.8011132716026791,0.918918918918919,0.7010309278350515,0.34769138701171565,0.12162162162162163,1.0
146.00_0.00_0.32_15.48_6.47.dat,146.0,0.9655558770511334,0.9919515518477662,0.931627744201196,0.37204514381112236,0.527027027027027,0.2708333333333333,0.0,0.0,0.0
146.00_0.00_1.40_15.82_2.23.dat,146.0,0.9678880226207881,0.992871649659864,0.9069726953033121,0.3068318292329889,0.36486486486486486,0.26732673267326734,0.0,0.0,0.0
146.00_0.70_3.08_26.42_5.10.dat,146.0,0.9733337093246945,0.9950745864129436,0.8317497088480629,0.6418160721148194,0.8513513513513513,0.4883720930232558,0.7925173584380073,0.7027027027027027,0.896551724137931
147.00_0.16_0.55_28.02_0.00.dat,147.0,0.9699908989729034,0.9935285572498174,0.9333485036861628,0.5991465911299003,0.9054054054054054,0.40119760479041916,0.5476134971562034,0.33783783783783783,0.8928571428571429
147.00_1.10_3.45_16.40_2.82.dat,147.0,0.9720834947559318,0.9942107016983199,0.8887545832587486,0.6223264298658739,0.9054054054054054,0.432258064516129,0.6742323747401805,0.527027027027027,0.8666666666666667
148.00_1.58_5.89_40.00_4.82.dat,148.0,0.9789144975305645,0.9966554269907492,0.9664371039773055,0.7569325415571044,0.9459459459459459,0.6086956521739131,0.744823022672899,0.5945945945945946,0.9361702127659575
149.00_0.00_0.88_26.55_26.10.dat,149.0,0.9773220440152915,0.9963691627927928,0.9937527411677695,0.7971831918860282,1.0,0.6379310344827587,0.691676469223699,0.5405405405405406,0.8888888888888888
15.00_3.20_2.70_85.33_15.91.dat,15.0,0.9130636466191391,0.9736351216216216,0.9414086617904641,0.7644059582313268,0.9864864864864865,0.6186440677966102,0.8878730613824815,0.918918918918919,0.8717948717948718
15.00_3.39_10.29_66.64_48.48.dat,15.0,0.9033327201104457,0.9702408910472973,0.9388708459978602,0.7351957701951368,1.0,0.5692307692307692,0.7955796624985556,0.7567567567567568,0.8615384615384616
150.00_3.55_0.53_9.16_24.58.dat,150.0,0.9721598595088238,0.9942927992661535,0.904883351417731,0.5827378893389754,0.7432432432432432,0.46218487394957986,0.0,0.0,0.0
151.00_0.00_0.00_18.98_3.16.dat,151.0,0.9704117723395761,0.9940254591927454,0.8987488959201271,0.5794978206242252,0.7297297297297297,0.46551724137931033,0.0,0.0,0.0
151.00_4.10_0.00_2.11_12.58.dat,151.0,0.9736951663594038,0.9949754543029872,0.9866829044340568,0.702360885737487,1.0,0.4966442953020134,0.20071016646002032,0.04054054054054054,1.0
152.00_4.22_1.50_11.08_6.57.dat,152.0,0.9728950608068302,0.9945812218689277,0.927611234760452,0.653099695918106,0.9054054054054054,0.475177304964539,0.24533895869922484,0.08108108108108109,0.75
153.00_0.00_0.56_28.71_6.48.dat,153.0,0.9735580431376589,0.9947595204457704,0.9402290670341678,0.6455639682646342,0.8918918918918919,0.4714285714285714,0.5863309160117534,0.43243243243243246,0.8
153.00_0.92_0.48_22.06_9.77.dat,153.0,0.9707276772827165,0.9940980653738154,0.9165641908271768,0.555338903926288,0.7027027027027027,0.4444444444444444,0.0,0.0,0.0
154.00_0.39_2.43_3.19_0.47.dat,154.0,0.9253080639323213,0.9819975361813427,0.4456886416981358,-0.009854272200161081,0.0,0.0,-0.0043285311672352006,0.0,0.0
155.00_4.24_2.86_1.81_18.11.dat,155.0,0.9776350705097513,0.9968627943520444,0.7182988615398278,0.7330111226808222,0.7297297297297297,0.7397260273972602,0.6247882837241272,0.3918918918918919,1.0
156.00_0.00_1.06_3.21_23.51.dat,156.0,0.9751337728699065,0.9955291428817352,0.9640162000380861,0.6668826798452739,0.7972972972972973,0.5619047619047619,0.0,0.0,0.0
157.00_0.00_0.00_4.43_12.39.dat,157.0,0.9723292632630928,0.9946260002565857,0.9517383425555432,0.6576619346228004,0.8918918918918919,0.4888888888888889,0.2007343861436734,0.04054054054054054,1.0
158.00_0.47_0.00_1.43_20.73.dat,158.0,0.9669266110319318,0.9929094728029917,0.8328930297740602,0.12063788080319902,0.10810810810810811,0.14545454545454545,0.0,0.0,0.0
159.00_0.00_4.70_28.67_7.13.dat,159.0,0.9745452129828199,0.9958870144425676,0.9315002620890733,0.6925002632025384,0.7702702702702703,0.6263736263736264,0.16389827856686587,0.02702702702702703,1.0
16.00_6.65_8.35_6.28_45.83.dat,16.0,0.9384198523710304,0.9822225254372019,0.9325331305995563,0.812001250425844,0.9864864864864865,0.6886792452830188,0.8503119604829332,0.8108108108108109,0.9090909090909091
160.00_1.96_2.81_7.46_17.67.dat,160.0,0.9717307387690372,0.9940165007554138,0.9211620574664273,0.6037367738166356,0.8783783783783784,0.41935483870967744,0.23181103511989787,0.05405405405405406,1.0
161.00_0.19_0.64_0.00_0.96.dat,161.0,0.9665439012825522,0.9923251326326327,0.9080264453683514,0.3393106708974354,0.44594594594594594,0.2661290322580645,-0.0012468915165817574,0.0,0.0
162.00_1.63_0.25_15.08_20.33.dat,162.0,0.9719963371208029,0.9944740920245398,0.97732529796421,0.6726243389018662,0.9864864864864865,0.4620253164556962,0.9296927026396986,0.8783783783783784,0.9848484848484849
163.00_0.00_1.24_23.12_22.85.dat,163.0,0.964626090232296,0.9922228058668424,0.8615672544881539,0.4625158644074928,0.6351351351351351,0.34306569343065696,0.056889220617222507,0.013513513513513514,0.25
164.00_0.00_0.24_7.35_30.40.dat,164.0,0.9643242318816599,0.9931789315315316,0.744907491572462,0.28376796253605063,0.24324324324324326,0.33962264150943394,0.0,0.0,0.0
164.00_1.46_0.39_4.24_11.16.dat,164.0,0.9493758527873604,0.9885462367731368,0.5323458948441244,0.02662388299987125,0.04054054054054054,0.028037383177570093,-0.002235620898023663,0.0,0.0
165.00_0.28_2.15_13.36_11.08.dat,165.0,0.9753633318459632,0.9953603761803973,0.9636314556431562,0.6678824046430778,0.9054054054054054,0.4962962962962963,0.797416292163364,0.6756756756756757,0.9433962264150944
166.00_1.77_0.00_3.96_6.96.dat,166.0,0.9738199362713085,0.9948220232238226,0.8377291181362584,0.15967941377228959,0.12162162162162163,0.21951219512195122,0.0,0.0,0.0
167.00_0.00_0.17_9.07_22.45.dat,167.0,0.9806897572679112,0.9972536319980695,0.9686395887281102,0.7891344877184135,0.9594594594594594,0.6513761467889908,0.5916011658069725,0.35135135135135137,1.0
168.00_0.21_0.61_2.60_2.33.dat,168.0,0.9661425894161092,0.9918622702702703,0.9100256682379514,0.17660927797547202,0.22972972972972974,0.1452991452991453,0.0,0.0,0.0
169.00_0.00_2.83_9.28_0.93.dat,169.0,0.9631338789577857,0.99292163418124,0.6334294497269288,-0.003760931402180189,0.0,0.0,0.0,0.0,0.0
17.00_4.01_7.64_31.07_8.61.dat,17.0,0.8899311285273486,0.9635358078078078,0.9203238457380514,0.6808299433520134,1.0,0.49333333333333335,0.7839394116168517,0.7567567567567568,0.835820895522388
17.00_4.49_12.39_43.63_31.96.dat,17.0,0.9328831553893708,0.9811342935435435,0.9194140255798872,0.796521422613048,0.972972972972973,0.6728971962616822,0.6838857978583865,0.5675675675675675,0.8571428571428571
170.00_1.04_2.55_15.96_23.72.dat,170.0,0.9660120883346034,0.99331999517939,0.9497455847229737,0.6035369346729502,0.8918918918918919,0.4125,0.29856799755558405,0.13513513513513514,0.6666666666666666
171.00_8.89_2.90_3.76_11.91.dat,171.0,0.9672223828000592,0.9928233264456316,0.9422410236786168,0.546880715251465,0.8513513513513513,0.3559322033898305,0.20708225365965732,0.05405405405405406,0.8
172.00_0.74_1.62_20.83_14.41.dat,172.0,0.968015415188803,0.994005241837213,0.9776413305875995,0.6346649010153425,0.9459459459459459,0.4294478527607362,0.652201224527545,0.4864864864864865,0.8780487804878049
172.00_1.86_0.20_10.34_11.58.dat,172.0,0.9781676998082439,0.9963115264021246,0.9464255731351113,0.5888766274675139,0.6486486486486487,0.5393258426966292,0.0,0.0,0.0
173.00_0.00_1.34_6.65_0.00.dat,173.0,0.967117393988046,0.9938126675986331,0.8327936620321467,-0.002223148102954932,0.0,0.0,0.0,0.0,0.0
173.00_1.36_0.00_31.25_3.71.dat,173.0,0.9722462221082468,0.9943007221963343,0.8540448005418348,0.45630836018574,0.581081081081081,0.3644067796610169,0.0,0.0,0.0
174.00_0.00_0.98_4.24_1.12.dat,174.0,0.9645612937557566,0.9926131006177606,0.8331068230227466,0.017656372957658997,0.013513513513513514,0.03333333333333333,0.0,0.0,0.0
175.00_5.65_1.15_8.04_1.34.dat,175.0,0.9674580274783603,0.9936277039312039,0.8866630616760087,0.31919414954561204,0.2702702702702703,0.38461538461538464,0.0,0.0,0.0
176.00_0.00_0.19_10.30_0.28.dat,176.0,0.9578510102566392,0.9900909249503741,0.7676593859339567,0.015125589909509931,0.02702702702702703,0.017857142857142856,-0.0013174601674245498,0.0,0.0
176.00_0.00_2.31_4.86_3.36.dat,176.0,0.9652852238562175,0.9929318760879523,0.870383641953282,0.3199866621400461,0.28378378378378377,0.3684210526315789,0.0,0.0,0.0
176.00_0.45_0.14_13.41_7.37.dat,176.0,0.9788975593338252,0.9965889897694304,0.9726064763890003,0.7380577986523402,0.972972972972973,0.5625,0.7493403011374872,0.6351351351351351,0.8867924528301887
177.00_0.00_5.00_13.18_1.93.dat,177.0,0.9719779609752585,0.9950109436683875,0.8376320003537897,0.3587485857109798,0.2972972972972973,0.44,0.0,0.0,0.0
178.00_1.74_2.26_7.22_3.34.dat,178.0,0.973734036909053,0.9948726524988676,0.8226627153612327,0.39401353604182304,0.44594594594594594,0.3548387096774194,0.0,0.0,0.0
178.00_2.37_1.85_17.03_14.39.dat,178.0,0.9746767601238605,0.9954579513060546,0.947206594119253,0.661229241776864,0.8378378378378378,0.5254237288135594,0.0,0.0,0.0
179.00_0.36_6.59_6.44_3.40.dat,179.0,0.9701215615106544,0.9940193741741742,0.8548114874554882,0.3279705965545101,0.3783783783783784,0.2916666666666667,0.0,0.0,0.0
18.00_3.39_6.74_20.34_49.30.dat,18.0,0.9240813455153163,0.9766834068278805,0.9386654122911424,0.7466417020307083,0.9864864864864865,0.5887096774193549,0.8539869983586691,0.8378378378378378,0.8857142857142857
180.00_2.32_3.85_1.74_2.02.dat,180.0,0.9624708799665633,0.9914908517993132,0.8402202187693992,-0.005777693038901288,0.0,0.0,0.0,0.0,0.0
181.00_2.41_1.70_1.24_16.45.dat,181.0,0.9585097444668997,0.9903568662013662,0.8269982523251139,0.1307158013124974,0.17567567567567569,0.10655737704918032,-0.0009058502433445882,0.0,0.0
181.00_2.58_1.08_0.99_6.73.dat,181.0,0.9625260550076723,0.9919638248440749,0.8396694721050233,-0.004398627685007006,0.0,0.0,0.0,0.0,0.0
182.00_2.57_0.15_4.56_13.72.dat,182.0,0.9711623076138926,0.9942276864569487,0.9418355091516883,0.5567775633019016,0.7837837837837838,0.4,0.38901415451093385,0.17567567567567569,0.8666666666666667
183.00_0.56_1.47_2.44_8.08.dat,183.0,0.9695667324480058,0.9934976726645124,0.9091460242183621,0.5246050584001992,0.7837837837837838,0.3558282208588957,0.08153385415112352,0.013513513513513514,0.5
183.00_3.69_1.54_2.65_2.08.dat,183.0,0.9690480434817915,0.9932050988542891,0.7075357618065501,0.35930967955651893,0.527027027027027,0.25161290322580643,0.0,0.0,0.0
184.00_0.58_0.01_3.94_0.09.dat,184.0,0.960025147552147,0.9907304330898467,0.8173425093566962,0.0797363017743134,0.10810810810810811,0.06837606837606838,0.0,0.0,0.0
184.00_4.76_0.00_0.00_2.40.dat,184.0,0.976761268052928,0.9959970423666911,0.8287825642071045,0.4241756975757163,0.2972972972972973,0.6111111111111112,0.0,0.0,0.0
185.00_0.00_0.11_17.23_2.94.dat,185.0,0.9639401202553298,0.9916106202412089,0.8596863454940331,0.21753706614182822,0.28378378378378377,0.175,0.0,0.0,0.0
186.00_5.01_0.84_1.97_17.78.dat,186.0,0.9804660260805257,0.9973498082092788,0.8249828890744655,0.6827068606518187,0.7027027027027027,0.6666666666666666,0.0,0.0,0.0
187.00_0.60_0.16_10.97_11.23.dat,187.0,0.9669015756231726,0.9926386149367452,0.9627301742258997,0.5473046830449206,0.972972972972973,0.3116883116883117,0.4807878300081323,0.25675675675675674,0.9047619047619048
188.00_1.01_0.00_16.30_7.03.dat,188.0,0.9755618220732315,0.9955358612898613,0.8441211926397642,0.6196049329208025,0.8648648648648649,0.44755244755244755,0.544233592660468,0.2972972972972973,1.0
189.00_0.04_1.48_17.27_7.03.dat,189.0,0.9511139615251509,0.9900211146514936,0.5926762756031999,-0.004957232916991887,0.0,0.0,-0.000613467955734053,0.0,0.0
19.00_2.43_3.62_51.21_86.63.dat,19.0,0.9192714891604477,0.9743532702702703,0.9492148471121312,0.7283435525109909,0.9864864864864865,0.5615384615384615,0.8893852375596963,0.918918918918919,0.8717948717948718
190.00_0.00_0.13_19.37_16.06.dat,190.0,0.9708946589094197,0.9938109155936041,0.9968363364129832,0.589316204956046,1.0,0.35071090047393366,0.8781748426001749,0.8108108108108109,0.9523809523809523
191.00_3.15_0.00_15.23_4.33.dat,191.0,0.9697484077079771,0.9944864712837838,0.8590382500749129,0.5177376847182373,0.5675675675675675,0.4772727272727273,0.0,0.0,0.0
192.00_0.00_0.95_2.68_5.69.dat,192.0,0.9718086726334517,0.9940407066237221,0.9148402596446521,0.05228897213482225,0.04054054054054054,0.07692307692307693,0.0,0.0,0.0
192.00_2.11_1.36_6.88_2.30.dat,192.0,0.9757444684966707,0.9955700253465901,0.9169465938647461,0.48601365263892266,0.527027027027027,0.45348837209302323,0.0,0.0,0.0
193.00_0.05_0.00_2.16_6.76.dat,193.0,0.9804457950873716,0.9972654294371691,0.8240162694798979,0.6277932959433976,0.5945945945945946,0.6666666666666666,0.0,0.0,0.0
194.00_0.00_0.01_9.11_19.44.dat,194.0,0.9731806482571416,0.9949212089397089,0.9792953350021745,0.6505061485784479,0.9864864864864865,0.4319526627218935,0.7621495603146906,0.6081081081081081,0.9574468085106383
195.00_0.00_0.00_3.11_5.95.dat,195.0,0.9747968752332042,0.9954361032129068,0.9205311361058595,0.16432227305382735,0.10810810810810811,0.25806451612903225,0.0,0.0,0.0
196.00_1.84_3.30_0.00_0.00.dat,196.0,0.9427610456837044,0.9865439202222527,0.6570073140562465,0.0014315861476620862,0.013513513513513514,0.006024096385542169,-0.0042322282727735566,0.0,0.0
197.00_0.00_1.76_5.23_10.28.dat,197.0,0.9628662383005259,0.9912004453316954,0.8680458362538155,0.2522334693340422,0.3918918918918919,0.1695906432748538,-0.0011773557710743417,0.0,0.0
197.00_0.37_2.19_21.38_3.97.dat,197.0,0.9750424006870798,0.9955048893666394,0.9628305891998703,0.6907222222833204,0.9594594594594594,0.5,0.5856135634970717,0.3918918918918919,0.8787878787878788
197.00_0.72_1.19_15.11_12.47.dat,197.0,0.9641682903018232,0.9938027822140322,0.938565254292883,0.6401033278111592,0.9054054054054054,0.4557823129251701,0.4256690285136323,0.24324324324324326,0.75
198.00_0.00_1.89_22.21_2.24.dat,198.0,0.975934780705187,0.9959559840418307,0.9183031311391525,0.5210789377333787,0.527027027027027,0.52,0.0,0.0,0.0
199.00_1.06_1.35_6.62_12.91.dat,199.0,0.9729461742411395,0.9952713146621621,0.9182264044750182,0.4665139573058749,0.5540540540540541,0.39805825242718446,0.0,0.0,0.0
2.00_13.64_11.55_46.65_34.22.dat,2.0,0.8503411050165621,0.9654468468468469,0.9198266657051047,0.9221692506045532,0.9864864864864865,0.9125,0.9221692506045532,0.9864864864864865,0.9125
20.00_0.50_3.86_40.30_15.74.dat,20.0,0.9177781692832164,0.9757161306306307,0.9192015192090885,0.729148526341417,0.9864864864864865,0.5615384615384615,0.8179588566174134,0.8378378378378378,0.8157894736842105
200.00_3.10_0.65_0.29_0.00.dat,200.0,0.9708824763921958,0.9943214760656178,0.8950439038903593,0.17533010966861218,0.17567567567567569,0.18309859154929578,0.0,0.0,0.0
21.00_0.96_6.96_13.89_64.82.dat,21.0,0.9298724680103174,0.9782550208845209,0.9587887156178794,0.7376759165827605,1.0,0.5648854961832062,0.8882697437947891,0.9054054054054054,0.881578947368421
21.00_6.49_5.58_65.22_8.31.dat,21.0,0.9431271336684091,0.9828555036855037,0.9609973519084942,0.7657433264627015,0.9864864864864865,0.6134453781512605,0.9048576816143433,0.8648648648648649,0.9552238805970149
22.00_1.00_8.60_82.87_39.03.dat,22.0,0.91880196162853,0.9741357121034078,0.9750665995422924,0.698632789306851,1.0,0.5103448275862069,0.9303512649042424,0.9459459459459459,0.9210526315789473
22.00_11.64_4.48_70.83_51.40.dat,22.0,0.9300650672639135,0.9774018601645124,0.9565064865312081,0.6883125875380278,0.9864864864864865,0.503448275862069,0.9271379938201538,0.8648648648648649,1.0
23.00_2.15_8.94_3.73_9.79.dat,23.0,0.9257881626948243,0.9774454763513514,0.9087479201684258,0.7173356240826699,0.972972972972973,0.549618320610687,0.5498625515410249,0.3918918918918919,0.8055555555555556
23.00_3.20_4.54_58.38_45.70.dat,23.0,0.9360395927663917,0.9820074099099099,0.9418123247309325,0.7566168666639878,0.9864864864864865,0.5983606557377049,0.8081222107600744,0.7702702702702703,0.8636363636363636
24.00_2.24_5.87_72.22_40.62.dat,24.0,0.9285943198547816,0.9797714989189189,0.9521669253811059,0.7316917900802502,0.9864864864864865,0.5615384615384615,0.8690071932964153,0.8918918918918919,0.8571428571428571
25.00_2.97_6.20_21.00_67.37.dat,25.0,0.9354639606234725,0.9811285093555093,0.9569740600098855,0.7291900812411918,0.9864864864864865,0.5572519083969466,0.865964280139675,0.7837837837837838,0.9666666666666667
26.00_8.50_10.40_48.78_40.50.dat,26.0,0.9511447505603838,0.9860633973973973,0.9709472149174437,0.7579732950437881,0.9864864864864865,0.5983606557377049,0.9505860930637735,0.9459459459459459,0.958904109589041
27.00_0.00_8.21_5.42_17.01.dat,27.0,0.918654790199175,0.9765176583011583,0.9277603692726073,0.7018692456172277,0.9864864864864865,0.5177304964539007,0.7071559056622797,0.7027027027027027,0.7323943661971831
28.00_6.04_11.69_5.92_18.30.dat,28.0,0.8932896632211961,0.9659666803355079,0.8076139583695221,0.5274272209264488,0.7972972972972973,0.3782051282051282,0.04383680466667554,0.013513513513513514,0.2
29.00_1.61_7.29_73.12_13.59.dat,29.0,0.9153284811750951,0.9738910472972973,0.9394692035293427,0.6457704132150894,0.9864864864864865,0.44242424242424244,0.7481035977393952,0.5945945945945946,0.9565217391304348
3.00_4.45_11.36_12.41_41.29.dat,3.0,0.8790034495895092,0.9680983817567568,0.949769430108862,0.9096433259207461,1.0,0.8705882352941177,0.940624081422244,1.0,0.9135802469135802
3.00_6.36_10.10_38.36_53.64.dat,3.0,0.8773626549118277,0.966987,0.9457371708245593,0.9021937088963174,1.0,0.8604651162790697,0.9248900944150001,1.0,0.891566265060241
30.00_4.57_4.32_53.47_22.81.dat,30.0,0.9144207133270887,0.9728353700959024,0.9028894741595047,0.5910104115375457,0.9594594594594594,0.3858695652173913,0.6409892243944405,0.43243243243243246,0.9696969696969697
31.00_2.57_8.37_55.93_13.06.dat,31.0,0.9296454194308518,0.979459375,0.955412081536702,0.7006719834971279,1.0,0.5068493150684932,0.7692481687070591,0.6621621621621622,0.9074074074074074
32.00_0.00_13.69_4.03_33.51.dat,32.0,0.9451886381215033,0.9842778333333333,0.9233697418205336,0.7242177615307308,0.972972972972973,0.5538461538461539,0.4593985099361715,0.21621621621621623,1.0
32.00_3.68_11.43_7.29_7.89.dat,32.0,0.9172116620257268,0.9736840417690418,0.8492160083670006,0.5881365237860093,0.9054054054054054,0.4036144578313253,0.28792338676241086,0.10810810810810811,0.8
33.00_0.88_4.49_5.91_16.41.dat,33.0,0.9372038063870621,0.9817406057233704,0.9474972262321573,0.7065113227388852,1.0,0.5138888888888888,0.5260558322946913,0.35135135135135137,0.8125
34.00_4.42_6.01_38.14_16.18.dat,34.0,0.9414129259325984,0.9833143868725869,0.9615639987186353,0.7153322090326226,0.9864864864864865,0.5328467153284672,0.8574929257125442,0.8378378378378378,0.8857142857142857
35.00_2.28_7.32_11.41_9.78.dat,35.0,0.9188754098099909,0.9758284924924925,0.8153868060025812,0.561979547705063,0.7972972972972973,0.41843971631205673,0.16216047000288086,0.02702702702702703,1.0
35.00_3.10_8.84_11.89_27.17.dat,35.0,0.9328041348097308,0.9797141043543544,0.9046948869931873,0.6530429716421172,0.9594594594594594,0.461038961038961,0.06888949638271721,0.02702702702702703,0.2222222222222222
36.00_2.15_5.63_8.62_45.17.dat,36.0,0.960161121339422,0.989690796201607,0.9566932788744825,0.7674698266264243,0.9864864864864865,0.6083333333333333,0.9060506941855038,0.8513513513513513,0.9692307692307692
37.00_14.80_2.89_15.49_34.73.dat,37.0,0.9147170584526272,0.973342302631579,0.8387792991654319,0.5560360108358614,0.8918918918918919,0.36666666666666664,0.11472826851248717,0.013513513513513514,1.0
37.00_2.73_4.78_19.82_41.02.dat,37.0,0.9533105204701515,0.9865358783783784,0.9747405073680802,0.7050609221957034,1.0,0.5103448275862069,0.9430917161179078,0.9054054054054054,0.9852941176470589
37.00_3.47_7.62_8.75_11.62.dat,37.0,0.9577619408503575,0.9891078339260313,0.9482303212205051,0.7772458770601025,0.972972972972973,0.631578947368421,0.5401446772869596,0.2972972972972973,1.0
38.00_0.69_6.69_5.61_12.52.dat,38.0,0.9504940113366722,0.986416393970894,0.9419561594186815,0.7363538423421687,0.9864864864864865,0.5615384615384615,0.6050694949384829,0.43243243243243246,0.8648648648648649
38.00_5.02_3.27_5.40_4.26.dat,38.0,0.9412892755110702,0.9827253783783784,0.8974757106551772,0.6474716578934915,0.918918918918919,0.4722222222222222,0.3541148813200369,0.16216216216216217,0.8
39.00_8.47_7.40_19.22_10.17.dat,39.0,0.9544391292985837,0.988330079054054,0.9389940155350491,0.7416063325093433,0.9459459459459459,0.5932203389830508,0.5508100227244971,0.40540540540540543,0.7692307692307693
4.00_7.11_10.02_77.59_71.55.dat,4.0,0.8291591218526893,0.9558339702702703,0.9371220094076227,0.8661685839794792,0.9864864864864865,0.8111111111111111,0.8791923147810631,0.9864864864864865,0.8295454545454546
4.00_8.12_10.38_76.22_31.68.dat,4.0,0.8291004811668243,0.9532772594594595,0.9348560923378896,0.8567628336893994,1.0,0.7872340425531915,0.8884401176762726,1.0,0.8314606741573034
40.00_4.49_1.89_11.07_7.47.dat,40.0,0.9111637697163868,0.9712711456822676,0.8352530917640357,0.5207287710674317,0.8513513513513513,0.3387096774193548,0.20428312359485754,0.05405405405405406,0.8
40.00_4.80_4.62_37.76_6.94.dat,40.0,0.9579157183643636,0.9890403968358602,0.9492328164263265,0.7507249318806087,0.972972972972973,0.5901639344262295,0.868937632645525,0.8108108108108109,0.9375
41.00_1.72_4.09_14.10_63.55.dat,41.0,-1.5456457486529938,0.44819819819819817,0.15107771954936045,0.1340989258561475,1.0,0.04136389044158748,0.1340989258561475,1.0,0.04136389044158748
42.00_4.85_6.42_26.80_38.70.dat,42.0,0.9357546591810528,0.9821792932118165,0.9131593061347545,0.6409624129631105,0.9459459459459459,0.44871794871794873,0.2299204995718042,0.05405405405405406,1.0
43.00_0.00_6.76_4.88_5.25.dat,43.0,0.9088633718145961,0.9733706437346438,0.7090132494561097,0.11720896018536084,0.13513513513513514,0.1388888888888889,-0.005348358366093545,0.0,0.0
43.00_0.00_9.37_19.67_5.32.dat,43.0,0.9141605426170221,0.9739840383906634,0.7932339054891457,0.5043740713036754,0.7567567567567568,0.35668789808917195,0.0,0.0,0.0
43.00_1.86_3.44_4.83_58.24.dat,43.0,0.9347296914676385,0.9813608688574939,0.9214173813462873,0.6401093324119873,0.9594594594594594,0.4409937888198758,0.7220063228570581,0.527027027027027,1.0
43.00_3.58_8.14_43.09_31.32.dat,43.0,0.9577966890330336,0.9896712896191646,0.8686976376549792,0.7141907095728298,0.8918918918918919,0.584070796460177,0.8516168421580071,0.7432432432432432,0.9821428571428571
44.00_0.08_5.56_16.52_28.80.dat,44.0,0.9392331793607197,0.9821856543543543,0.906523058715906,0.6177343892278718,0.8918918918918919,0.4429530201342282,0.30720548239778406,0.17567567567567569,0.5652173913043478
44.00_4.60_4.79_15.42_4.80.dat,44.0,0.9076471083418248,0.9712137543543543,0.7818304483546331,0.40796631423253243,0.6621621621621622,0.2752808988764045,-0.003695702474931766,0.0,0.0
45.00_11.27_2.53_52.32_6.84.dat,45.0,0.9478038170000491,0.9860690032314924,0.9658667277609493,0.7092858519335391,1.0,0.5138888888888888,0.6431587624056183,0.43243243243243246,0.9696969696969697
46.00_1.85_5.31_2.48_20.17.dat,46.0,0.952818204283677,0.986942452558942,0.9279094364311015,0.6622462098857317,0.9459459459459459,0.47619047619047616,0.5909714682623723,0.3918918918918919,0.90625
46.00_3.70_3.86_25.24_75.35.dat,46.0,0.9612145817400118,0.9897738044853364,0.9935307840331695,0.7482420869850787,1.0,0.5692307692307692,0.9359818990989949,0.8783783783783784,1.0
46.00_6.75_4.15_43.57_21.13.dat,46.0,0.9335108031316397,0.9802950776308224,0.9043039046852409,0.6059203471104748,0.9594594594594594,0.39664804469273746,0.6973132409930721,0.5945945945945946,0.8301886792452831
47.00_0.00_7.39_33.49_9.44.dat,47.0,0.9466094068205991,0.984767825731982,0.9228431951904487,0.6577597098252086,0.9459459459459459,0.4697986577181208,0.6569257174487303,0.4864864864864865,0.9
48.00_1.59_2.73_4.46_29.77.dat,48.0,0.9436635444072888,0.9836088003309432,0.9046372413473377,0.610367972650778,0.9324324324324325,0.41317365269461076,0.6317945528631232,0.5135135135135135,0.7916666666666666
49.00_1.99_4.53_35.10_24.32.dat,49.0,0.8973526969152561,0.9711159116216216,0.7628481271495549,0.4713789810711936,0.7837837837837838,0.3020833333333333,0.507878227962556,0.33783783783783783,0.78125
5.00_4.31_10.50_55.73_14.67.dat,5.0,0.8712335272690844,0.9637999346846847,0.9377870074726641,0.8688145427405203,1.0,0.7956989247311828,0.903718173861913,0.9864864864864865,0.8588235294117647
5.00_4.73_11.26_98.38_59.75.dat,5.0,0.8978195230405361,0.9754877477477477,0.9294670742634524,0.9084935132126079,0.972972972972973,0.8780487804878049,0.9224906563152881,0.972972972972973,0.9
50.00_0.00_3.54_30.88_7.87.dat,50.0,0.8737525180992101,0.9643615045045045,0.4079507153259463,-0.011254079175253277,0.013513513513513514,0.010101010101010102,-0.006518082206082319,0.0,0.0
51.00_2.86_6.83_20.34_29.60.dat,51.0,0.9606407817805888,0.9905487484407485,0.8828871440007567,0.7151616193751313,0.918918918918919,0.5666666666666667,0.7506985000311226,0.5945945945945946,0.9565217391304348
51.00_3.68_3.82_47.05_6.54.dat,51.0,0.9504325630109719,0.9858219025467776,0.950828079051758,0.6501680154553858,0.9864864864864865,0.4397590361445783,0.8213230363286115,0.7297297297297297,0.9310344827586207
52.00_2.33_4.42_40.59_49.71.dat,52.0,0.9582304850908953,0.9890091124426313,0.9959880580101234,0.7181118784284166,1.0,0.524822695035461,0.9457144605128478,0.9594594594594594,0.9342105263157895
53.00_0.00_2.70_21.30_15.66.dat,53.0,0.9360016742971737,0.9830898551051052,0.9089578408481229,0.6338464407215909,0.9054054054054054,0.4557823129251701,0.23044785185557642,0.05405405405405406,1.0
53.00_0.60_15.22_9.38_24.83.dat,53.0,0.948615933282007,0.9863123303303303,0.9019121885175575,0.6148426779583983,0.7972972972972973,0.48760330578512395,0.34706213317290324,0.13513513513513514,0.9090909090909091
54.00_3.14_6.15_3.28_4.83.dat,54.0,0.9541233626661172,0.9872925103194103,0.9050945696284625,0.6393327764946458,0.918918918918919,0.4563758389261745,0.4474053296328542,0.21621621621621623,0.9411764705882353
55.00_0.36_4.48_23.00_37.63.dat,55.0,0.9656983147159942,0.991660291988417,0.9469616497596356,0.7356666431887771,0.9594594594594594,0.5725806451612904,0.5662074023579574,0.33783783783783783,0.9615384615384616
55.00_6.09_3.52_2.80_15.16.dat,55.0,0.9710641782944425,0.9941345106177606,0.9451329203362188,0.8473155537778718,0.9324324324324325,0.7752808988764045,0.4901678558796566,0.25675675675675674,0.95
56.00_1.53_6.81_15.03_50.43.dat,56.0,0.9634413067269011,0.9911361839734472,0.9567120744115658,0.7302534164294813,0.9864864864864865,0.5488721804511278,0.5036825917470077,0.2702702702702703,0.9523809523809523
57.00_0.53_1.94_18.61_12.64.dat,57.0,0.9525647633247777,0.9867193664958062,0.9055711764847442,0.5985574084136388,0.8648648648648649,0.4266666666666667,0.3319696651142201,0.13513513513513514,0.8333333333333334
58.00_0.00_2.13_16.83_21.84.dat,58.0,0.9558188229780097,0.9882702327072835,0.9058768220904884,0.6018322962325195,0.8243243243243243,0.45185185185185184,0.2678874286568675,0.0945945945945946,0.7777777777777778
59.00_0.84_1.91_34.41_10.20.dat,59.0,0.8501396123231447,0.9573426085585586,0.5529124124060254,0.21455946678649568,0.43243243243243246,0.13008130081300814,0.11376482285098828,0.12162162162162163,0.13432835820895522
6.00_7.80_13.47_53.60_62.63.dat,6.0,0.8611095673394065,0.9620580752895753,0.945188982435666,0.8505102571953508,1.0,0.7628865979381443,0.8843366338964376,1.0,0.8131868131868132
60.00_5.49_1.95_6.14_31.56.dat,60.0,0.9696770480533277,0.9933879700930439,0.9524497864511663,0.7721755466031178,0.9594594594594594,0.6283185840707964,0.20549305841739857,0.05405405405405406,0.8
61.00_0.88_4.66_1.29_15.36.dat,61.0,0.9386119349315519,0.9835624971665213,0.7923414372118377,0.41646723594413904,0.4864864864864865,0.375,-0.001890474015725003,0.0,0.0
62.00_4.26_5.77_33.09_23.15.dat,62.0,0.9699415851127505,0.9933524680394681,0.9389072618508056,0.7611536227691426,0.9459459459459459,0.6194690265486725,0.6947163163182886,0.5,0.9736842105263158
62.00_5.67_5.76_18.69_63.81.dat,62.0,0.9684623697828237,0.9935185092235093,0.9052316918223993,0.7562340960807978,0.918918918918919,0.6296296296296297,0.7786036141261838,0.6486486486486487,0.9411764705882353
63.00_1.23_2.79_4.71_3.76.dat,63.0,0.9655308013272788,0.9921974142736486,0.9343858934576919,0.7430023857000686,0.8513513513513513,0.65625,-0.004095795395372228,0.0,0.0
64.00_3.44_7.03_56.49_15.10.dat,64.0,0.9385881349608325,0.9860657062370063,0.934303711706042,0.6592206546741598,0.918918918918919,0.48226950354609927,0.3763052597766404,0.24324324324324326,0.6
65.00_1.39_3.54_24.95_24.83.dat,65.0,0.9550453465892442,0.9877330335790335,0.9705276494842546,0.647257098755764,1.0,0.4277456647398844,0.805319314927237,0.7027027027027027,0.9285714285714286
66.00_5.75_2.08_42.63_20.49.dat,66.0,0.9584140524653062,0.989331842275111,0.910749364648951,0.6557868143950476,0.9459459459459459,0.46357615894039733,0.8420296432682634,0.7972972972972973,0.8939393939393939
67.00_0.37_2.73_35.47_3.47.dat,67.0,0.9671166528603828,0.992627421899841,0.9697027745177594,0.7643050381101673,0.9864864864864865,0.5983606557377049,0.8053926153701729,0.7027027027027027,0.9285714285714286
68.00_0.15_3.83_31.61_3.95.dat,68.0,-1.152819698009878,0.5336858597728162,0.21194253974105204,0.12601570088973832,1.0,0.03014256619144603,0.12601570088973832,1.0,0.03014256619144603
68.00_3.45_2.23_7.03_37.62.dat,68.0,0.9665089680809842,0.9925275370152762,0.9376573026829441,0.747013588893499,0.9324324324324325,0.6052631578947368,0.726754792837691,0.6351351351351351,0.8392857142857143
68.00_4.44_1.58_20.03_8.48.dat,68.0,0.946094298951475,0.9849767369761065,0.8856434344200564,0.5733680593937418,0.8918918918918919,0.3793103448275862,0.0,0.0,0.0
69.00_0.00_1.18_3.70_9.02.dat,69.0,0.9688220996090922,0.9929505175675676,0.9389707883799663,0.7111383630805778,0.8648648648648649,0.5925925925925926,0.0,0.0,0.0
69.00_1.30_2.88_9.35_34.51.dat,69.0,0.9685560418628536,0.9930655862934363,0.9546031555406208,0.7536932940810366,0.972972972972973,0.5901639344262295,0.7052368868599755,0.527027027027027,0.9512195121951219
7.00_6.09_14.50_64.82_69.66.dat,7.0,0.8573038439565905,0.9604569408783784,0.9233152724202667,0.8197787901783499,0.9864864864864865,0.7227722772277227,0.8758186675830277,0.972972972972973,0.8181818181818182
70.00_1.37_1.29_29.88_34.79.dat,70.0,0.9622243408025568,0.9905544151122954,0.9422418052804611,0.6972166887783963,0.972972972972973,0.5070422535211268,0.48138339786686124,0.2702702702702703,0.8695652173913043
71.00_0.28_2.69_23.91_10.19.dat,71.0,0.9593656606435728,0.9901704827327328,0.9167530885356912,0.6172800432203356,0.7567567567567568,0.5137614678899083,0.0,0.0,0.0
71.00_0.71_2.64_3.23_4.77.dat,71.0,0.9209088845139027,0.9778965516141142,0.6714768423614974,0.10497218128864699,0.14864864864864866,0.09734513274336283,-0.0036372872037247466,0.0,0.0
72.00_2.09_3.57_7.20_12.88.dat,72.0,0.8815777560840911,0.9675760601629027,0.557182673942648,-0.01886770063381171,0.0,0.0,-0.007872795556837293,0.0,0.0
72.00_6.96_5.27_54.16_4.62.dat,72.0,0.9696848693737116,0.993637260088856,0.9553390622638127,0.8027125468643759,0.9459459459459459,0.6862745098039216,0.555118967583541,0.32432432432432434,0.96
73.00_0.60_4.44_16.98_16.09.dat,73.0,0.9684976495065616,0.9929974559897735,0.9357120651126698,0.7187071502711471,0.9054054054054054,0.5775862068965517,0.3654488641403886,0.13513513513513514,1.0
74.00_0.94_2.68_34.22_6.73.dat,74.0,0.9632899240248343,0.9907947652252252,0.9428788554862718,0.6684239227769609,0.9594594594594594,0.47333333333333333,0.8616455580400442,0.7837837837837838,0.9508196721311475
75.00_1.15_5.61_25.65_18.33.dat,75.0,0.968236399819236,0.9934419304765292,0.895237424394725,0.7430410677320894,0.918918918918919,0.6071428571428571,0.8567837035287674,0.8108108108108109,0.9090909090909091
76.00_2.74_2.86_4.00_9.38.dat,76.0,0.9434769081167877,0.9848433966303967,0.8723003358491936,0.5265562074943996,0.8108108108108109,0.35294117647058826,0.0,0.0,0.0
77.00_3.17_1.92_17.31_13.99.dat,77.0,0.9679221704936743,0.99265918000693,0.9476104105826566,0.711251946461758,0.9594594594594594,0.5338345864661654,0.629753765175779,0.4594594594594595,0.8717948717948718
78.00_1.75_5.11_3.16_49.54.dat,78.0,0.9738526482925295,0.9956647141635306,0.8435860190725412,0.8092031200631024,0.8648648648648649,0.7619047619047619,0.8203843602005388,0.6891891891891891,0.9807692307692307
79.00_3.20_5.27_8.09_20.46.dat,79.0,0.9544817770445861,0.9880699905405406,0.8875878225003309,0.5584935397927937,0.8108108108108109,0.39473684210526316,0.0,0.0,0.0
8.00_2.40_9.87_66.46_34.50.dat,8.0,0.9015962448508044,0.9699527057057057,0.9549590965467888,0.8326837294928929,0.9864864864864865,0.7373737373737373,0.93418884389971,0.972972972972973,0.9113924050632911
80.00_3.13_6.15_3.44_3.96.dat,80.0,0.9643691422574441,0.9911857629295963,0.9184856009435033,0.6025385083471602,0.7972972972972973,0.4645669291338583,0.0,0.0,0.0
81.00_3.00_7.40_52.17_38.41.dat,81.0,0.9741946459539791,0.9956983182267634,0.8738865206603705,0.8299868718544675,0.8918918918918919,0.7764705882352941,0.8994891535733767,0.8243243243243243,0.9838709677419355
82.00_3.09_6.78_11.16_7.93.dat,82.0,0.9621421882450026,0.9909342311950504,0.929118715148833,0.5955149100968833,0.7297297297297297,0.4954128440366973,0.0,0.0,0.0
83.00_0.00_4.21_9.38_36.80.dat,83.0,0.9668574005068112,0.9926869031531531,0.8785946774911386,0.6853132184488373,0.8783783783783784,0.5416666666666666,0.6970966755769257,0.527027027027027,0.9285714285714286
83.00_1.15_4.33_26.81_2.61.dat,83.0,0.9390729340528123,0.9836897533783784,0.7895590410467903,0.21930812556887347,0.28378378378378377,0.1875,-0.0024119644606987374,0.0,0.0
83.00_3.14_4.66_2.77_7.21.dat,83.0,0.9509025119991117,0.9864338891570141,0.8863653834286873,0.3929062058730841,0.5675675675675675,0.2857142857142857,-0.0036855231534224566,0.0,0.0
83.00_4.17_0.92_6.02_8.40.dat,83.0,0.9691983451538873,0.9931690439189189,0.917163459731174,0.6853132184488373,0.8783783783783784,0.5416666666666666,0.0,0.0,0.0
84.00_0.00_4.59_21.03_14.40.dat,84.0,0.9347245865845476,0.98057296581876,0.80853334557326,0.2333678083347519,0.3918918918918919,0.15591397849462366,-0.0019458935937262684,0.0,0.0
84.00_0.41_0.00_29.54_5.95.dat,84.0,0.9622175767124341,0.9911705756756757,0.856257315862409,0.6308899443810955,0.8783783783783784,0.46099290780141844,0.5408338026146594,0.40540540540540543,0.7317073170731707
84.00_4.97_1.65_4.14_26.40.dat,84.0,0.9619400632200609,0.9907431352941176,0.9228819123548039,0.623794063888976,0.8243243243243243,0.48031496062992124,0.10155625046338974,0.02702702702702703,0.4
85.00_0.00_3.30_13.48_20.06.dat,85.0,0.9691224441000326,0.9937610666247643,0.8658417217775698,0.6991835982468857,0.8918918918918919,0.5546218487394958,0.7529038891446656,0.6081081081081081,0.9375
86.00_0.70_4.04_15.53_3.01.dat,86.0,0.9645141494381131,0.991886555296676,0.8196186153780362,0.6164692533739945,0.8243243243243243,0.46923076923076923,0.4634439571121379,0.22972972972972974,0.9444444444444444
86.00_0.94_1.10_14.88_53.00.dat,86.0,0.976961232373237,0.9960655290462876,0.9629003134486256,0.8349054326919009,0.972972972972973,0.72,0.8379382984242775,0.7432432432432432,0.9482758620689655
86.00_2.30_1.62_17.93_3.67.dat,86.0,0.9717013805149033,0.9942634072693383,0.9204925285476225,0.7259484225532593,0.8648648648648649,0.6153846153846154,0.41714240026778304,0.17567567567567569,1.0
86.00_3.09_5.60_37.27_48.93.dat,86.0,0.8957919886753077,0.9733474920782852,0.29141625189745,0.06641151686778414,0.12162162162162163,0.05555555555555555,-0.0065961711763722775,0.0,0.0
87.00_0.08_10.08_5.38_22.88.dat,87.0,0.9093430792056687,0.9752593277027027,0.6350654309951019,0.033592532763086484,0.06756756756756757,0.035211267605633804,-0.0074148131228044594,0.0,0.0
88.00_2.11_1.84_3.28_2.31.dat,88.0,0.908090730068459,0.9759658064075312,0.41601896000332106,-0.004572663739450992,0.013513513513513514,0.0078125,-0.0047407660489053646,0.0,0.0
89.00_2.10_2.42_4.01_24.19.dat,89.0,0.9643307947522529,0.9913734198198199,0.9358496539181327,0.6275658731013152,0.8918918918918919,0.4489795918367347,0.4482219701634962,0.20270270270270271,1.0
9.00_6.39_8.89_19.88_90.76.dat,9.0,0.915125097949972,0.976594195945946,0.9344847344610825,0.8520256543537802,0.972972972972973,0.7741935483870968,0.9191040189735731,0.9459459459459459,0.9090909090909091
90.00_3.02_6.95_54.08_2.61.dat,90.0,0.9606036146105662,0.9912523863973864,0.9303016259464855,0.6798857457359774,0.8783783783783784,0.5327868852459017,0.4130736754115127,0.21621621621621623,0.8
90.00_5.39_1.66_5.80_23.14.dat,90.0,0.9614235272488424,0.9898449074844075,0.9098750998841098,0.48485434620168155,0.6891891891891891,0.35172413793103446,0.0,0.0,0.0
91.00_0.00_1.37_25.92_3.66.dat,91.0,0.960360995290639,0.9897866305816686,0.9030573970827325,0.5825962090047184,0.8378378378378378,0.41333333333333333,0.07910292118262816,0.02702702702702703,0.25
91.00_0.30_0.56_6.08_3.72.dat,91.0,0.9639294865068185,0.9911099281727379,0.9347738980662587,0.6265703289397847,0.9054054054054054,0.4407894736842105,0.1728367374404115,0.04054054054054054,0.75
91.00_1.67_3.84_3.81_12.24.dat,91.0,0.9229716238395379,0.9795280492068155,0.66675592088636,0.03150867173348975,0.05405405405405406,0.03636363636363636,-0.0022010295155433213,0.0,0.0
92.00_2.71_3.35_19.40_30.55.dat,92.0,0.9650561783025027,0.9930831208950887,0.8979016676433136,0.6408741194953971,0.5945945945945946,0.6984126984126984,0.0,0.0,0.0
93.00_0.69_0.91_2.27_27.25.dat,93.0,0.964918918268318,0.991825315267395,0.9248584784794058,0.6163532113358242,0.8108108108108109,0.47619047619047616,0.16185698489781256,0.05405405405405406,0.5
94.00_1.70_2.95_27.42_3.39.dat,94.0,0.9684928333609379,0.9932359213371266,0.918951981438309,0.7073573477989712,0.9054054054054054,0.5583333333333333,0.5794761885416527,0.35135135135135137,0.9629629629629629
94.00_1.87_2.82_17.19_18.49.dat,94.0,0.957831478816356,0.9887897967283072,0.9400364125027808,0.5876687095864692,0.9459459459459459,0.3723404255319149,0.4917000889247729,0.25675675675675674,0.95
95.00_0.00_6.60_19.15_3.58.dat,95.0,0.9668674887316754,0.9923390268862613,0.9320343465960962,0.6622591436005636,0.9459459459459459,0.4697986577181208,0.39224141157147824,0.1891891891891892,0.8235294117647058
95.00_1.16_2.85_19.48_11.32.dat,95.0,0.9538972134952376,0.988932685670045,0.8385992019732306,0.3935113876601812,0.47297297297297297,0.33980582524271846,0.0,0.0,0.0
96.00_0.81_2.01_21.67_1.58.dat,96.0,0.9725349699345013,0.9946874360546113,0.9372091488532078,0.7322752372684983,0.8243243243243243,0.6559139784946236,0.3272811798916905,0.10810810810810811,1.0
96.00_7.79_1.21_14.04_21.46.dat,96.0,0.9619955486894636,0.9907847981331848,0.9104158747144055,0.5480632262797475,0.7702702702702703,0.3986013986013986,0.2859448850355785,0.0945945945945946,0.875
97.00_1.40_1.09_37.43_2.87.dat,97.0,0.965031752467128,0.9919555970766685,0.8119228208249766,0.579317257137732,0.8243243243243243,0.41496598639455784,0.4490370770788926,0.21621621621621623,0.9411764705882353
98.00_0.66_3.51_17.58_7.66.dat,98.0,0.9507530864535305,0.9877568463008463,0.8029955749204248,0.44151877161457087,0.6351351351351351,0.31756756756756754,-0.0023610332083202627,0.0,0.0
99.00_0.84_0.65_4.76_19.81.dat,99.0,0.9534185608150842,0.9876413356756757,0.9271944813526638,0.5458076583691395,0.9054054054054054,0.33668341708542715,0.06544337679084197,0.013513513513513514,0.3333333333333333
