Name,CI,LSR,BSL,HMS,MCC_5,TPR_5,PPV_5,MCC_9,TPR_9,PPV_9
1_00_1_31_8_35_53_01_9_61,1.0,0.9585557426570894,0.9932256756756757,0.9783860148148149,0.9865765724632495,1.0,0.9866666666666667,0.9865765724632495,1.0,0.9866666666666667
1_00_2_65_10_68_37_88_45_07,1.0,0.9899496641464985,1.0,1.0,1.0,1.0,1.0,1.0,1.0,1.0
10_00_1_79_9_26_24_89_96_49,10.0,0.9694426565906538,0.9935615479115479,0.9831568667294568,0.9578622030334007,1.0,0.925,0.9483133188213888,0.9594594594594594,0.9466666666666667
10_00_7_49_4_56_48_53_74_08,10.0,0.9841799456076599,0.9985954545454545,0.9944878820671965,0.9925498454392663,0.9864864864864865,1.0,0.9850636549546777,0.972972972972973,1.0
100_00_4_51_5_21_22_99_1_70,100.0,0.8879124182855151,0.9781868611185442,0.9416464818356083,0.6102989087953347,0.972972972972973,0.3891891891891892,0.5818599042391137,0.4189189189189189,0.8157894736842105
101_00_0_85_0_38_3_08_19_93,101.0,0.9356134280029043,0.984335333863275,0.9863512623565197,0.5575303551244766,1.0,0.31759656652360513,0.8286795485396165,0.9459459459459459,0.7291666666666666
102_00_6_47_6_17_2_56_9_35,102.0,0.8147133364658851,0.9595889792705327,0.73705169895755,0.2729976631293875,0.4189189189189189,0.19135802469135801,0.0,0.0,0.0
103_00_0_13_0_92_41_41_10_35,103.0,0.9471449151592206,0.9892796257796258,0.9924338048255287,0.7036658518558089,1.0,0.5,0.8377920478780809,1.0,0.7047619047619048
103_00_0_55_1_45_13_42_0_67,103.0,0.9535796072576206,0.9926806912681913,0.9741216647836476,0.7353523585353148,0.8918918918918919,0.6111111111111112,0.6386197643460619,0.5,0.8222222222222222
104_00_0_00_4_03_32_13_5_55,104.0,0.9679667987971502,0.99531861003861,0.9881828146728325,0.8223695003165666,0.9864864864864865,0.6886792452830188,0.7679846848686019,0.6756756756756757,0.8771929824561403
105_00_1_36_0_00_8_68_4_15,105.0,0.8986780566608014,0.9778122259051504,0.9119922497537729,0.5074103657029871,0.8783783783783784,0.30092592592592593,0.38442693130474714,0.22972972972972974,0.6538461538461539
106_00_0_00_2_68_29_45_20_98,106.0,0.9750652924750401,0.9966177822682496,0.9940608107172759,0.8713286847095456,0.972972972972973,0.782608695652174,0.895778727740396,0.9324324324324325,0.8625
106_00_0_45_7_36_30_11_9_13,106.0,0.9535483346686041,0.990451704976004,0.9812643172290143,0.7219229877304979,0.9864864864864865,0.5328467153284672,0.8463866246711276,0.8648648648648649,0.8311688311688312
107_00_1_46_1_03_17_91_2_52,107.0,0.9160702114297307,0.9778917792792793,0.9775421726124073,0.4718216415783183,1.0,0.22981366459627328,0.7489279768046652,0.972972972972973,0.5806451612903226
108_00_0_00_1_97_1_80_6_07,108.0,0.8019867038014907,0.9593773121745599,0.8421504316980758,0.42616577553698665,0.44594594594594594,0.4177215189873418,0.0,0.0,0.0
109_00_1_44_4_40_4_14_16_40,109.0,0.9587133255262825,0.9917197788697789,0.980180863960745,0.6965698997236789,0.9864864864864865,0.4965986394557823,0.8711723941392486,0.9459459459459459,0.8045977011494253
109_00_2_45_0_97_30_43_1_85,109.0,0.9563940228618577,0.9910899262899263,0.9889971865437127,0.6966978783183715,1.0,0.4900662251655629,0.8563517960020295,0.9459459459459459,0.7777777777777778
11_00_4_88_9_02_7_94_27_55,11.0,0.9511232249608852,0.9895975225225225,0.9679720617816882,0.9188850201034816,0.9864864864864865,0.8690476190476191,0.9495604117356714,0.972972972972973,0.935064935064935
110_00_0_07_2_83_1_88_34_57,110.0,0.9457627048009942,0.9912405770635501,0.9847349452176596,0.7694722288261359,0.9324324324324325,0.6388888888888888,0.8651699039515138,0.8243243243243243,0.9104477611940298
110_00_5_54_0_00_13_69_37_78,110.0,0.9544201945432946,0.9901641709276845,0.9945481829630621,0.6830311542048138,1.0,0.4713375796178344,0.8786756444560397,0.9594594594594594,0.8068181818181818
111_00_0_00_2_08_4_65_13_14,111.0,0.8554800274774619,0.9742029681467181,0.9673885515597229,0.6537017079821352,0.972972972972973,0.4444444444444444,0.4505313208170333,0.28378378378378377,0.7241379310344828
112_00_4_91_2_09_9_29_28_55,112.0,0.9486853554111907,0.9874094116240134,0.9967870061067745,0.5669467095138409,1.0,0.3274336283185841,0.9215424885984815,1.0,0.8505747126436781
112_00_5_20_2_60_12_26_13_54,112.0,0.9466412094047251,0.9877563381966037,0.978296964620091,0.5858708126920307,1.0,0.3490566037735849,0.8409546533067482,0.8648648648648649,0.8205128205128205
113_00_0_00_0_96_7_64_11_08,113.0,0.9500394115915052,0.9910648885727833,0.9810535561461536,0.7088618692771652,1.0,0.5068493150684932,0.7073234058994246,0.5405405405405406,0.9302325581395349
114_00_0_78_2_63_1_32_16_68,114.0,0.8728896722240683,0.9746939600470035,0.9715881568566198,0.5762739319427055,1.0,0.3378995433789954,0.601177535794018,0.43243243243243246,0.8421052631578947
115_00_0_00_0_87_2_88_2_07,115.0,0.8654315482445435,0.9743445246971109,0.8817770380231195,0.44423144391014446,0.44594594594594594,0.4520547945205479,0.0,0.0,0.0
115_00_2_38_3_32_1_36_5_93,115.0,0.8789203135919532,0.9764297996272134,0.9294714496753804,0.5272489436452193,0.9459459459459459,0.30042918454935624,0.0,0.0,0.0
116_00_0_00_0_30_13_40_22_52,116.0,0.970902521072999,0.9952575652575653,0.9945701350682923,0.7932908324363683,1.0,0.6324786324786325,0.861991504159655,0.8918918918918919,0.8354430379746836
116_00_0_00_6_30_15_40_2_82,116.0,0.9365868862902638,0.9887503003003003,0.9270965563606427,0.6340686552210084,0.8648648648648649,0.47058823529411764,0.39268793394060514,0.1891891891891892,0.8235294117647058
116_00_2_77_2_71_13_53_43_39,116.0,0.9636879031367958,0.9926694040194041,0.9903492177872357,0.701644512545813,1.0,0.4966442953020134,0.9266978763776137,0.9459459459459459,0.9090909090909091
117_00_3_94_5_31_12_50_5_67,117.0,0.9403116413320304,0.9869664910673386,0.9846180104914888,0.6053846484019257,1.0,0.37185929648241206,0.7237871619714966,0.7162162162162162,0.7361111111111112
118_00_0_00_0_55_15_53_12_18,118.0,0.9579103351309167,0.9920471269588916,0.9716160368943265,0.7304078542044582,0.9864864864864865,0.5447761194029851,0.6426456738076518,0.581081081081081,0.7166666666666667
118_00_0_98_0_71_7_33_1_22,118.0,0.7785389603720074,0.9403406200317965,0.8197673001130662,0.30746931592947974,0.9594594594594594,0.10644677661169415,0.0,0.0,0.0
119_00_1_18_1_32_14_60_2_11,119.0,0.7815118602402668,0.9430975563063063,0.9601333995993007,0.3393269011441001,1.0,0.12251655629139073,0.16373099768679816,0.02702702702702703,1.0
12_00_4_88_5_43_54_59_12_08,12.0,0.9733942793132845,0.9941359667359667,0.9784179207138894,0.944386711253947,0.9864864864864865,0.9125,0.9631989315101133,0.9594594594594594,0.9726027397260274
120_00_0_02_4_30_8_59_15_24,120.0,0.9500235604914927,0.9890168192986375,0.9838565970692164,0.6267627471528904,1.0,0.3978494623655914,0.8172384266239061,0.8513513513513513,0.7875
120_00_5_09_6_15_3_72_27_57,120.0,0.9653992498374214,0.9936976770158589,0.99325027746497,0.7491725715646114,1.0,0.5648854961832062,0.8808762215609245,0.9054054054054054,0.8589743589743589
121_00_0_07_1_44_11_78_3_75,121.0,0.9206148860819433,0.9805555715551617,0.991322715290753,0.47655352970976206,1.0,0.2334384858044164,0.9000054806977678,0.918918918918919,0.8831168831168831
122_00_0_00_1_67_7_31_6_41,122.0,0.8361977549039414,0.9669816523840914,0.9543204654496893,0.5674586784390314,0.9594594594594594,0.34134615384615385,0.0,0.0,0.0
122_00_0_00_8_26_10_77_24_46,122.0,0.9584999891695197,0.9914795759173808,0.9918849091409156,0.6856022471972483,1.0,0.47435897435897434,0.8525151213029704,0.8243243243243243,0.8840579710144928
123_00_0_54_2_42_28_12_6_02,123.0,0.9252381695297731,0.9811350806451613,0.995365472691215,0.5228627817810968,1.0,0.2792452830188679,0.8380701611706038,1.0,0.7047619047619048
124_00_3_86_2_05_11_88_4_79,124.0,0.9088504800026589,0.9817271351351351,0.9770150753118494,0.5467340246600363,1.0,0.3045267489711934,0.7614652940849077,0.7837837837837838,0.7435897435897436
125_00_0_48_1_61_10_04_6_96,125.0,0.9469374421726388,0.9883737666237666,0.9765491041263772,0.595060574545685,1.0,0.3592233009708738,0.8398116143944666,0.972972972972973,0.7272727272727273
126_00_0_15_1_54_8_86_29_97,126.0,0.9351485679939192,0.9822567567567567,0.9812156504453133,0.4783812041328799,1.0,0.23492063492063492,0.7922894540017599,0.9459459459459459,0.6666666666666666
127_00_4_55_2_77_16_27_9_69,127.0,0.9517208901288886,0.9919208192567568,0.9661580973628244,0.707613582257751,0.9594594594594594,0.5259259259259259,0.6386242104371661,0.5675675675675675,0.7241379310344828
128_00_0_21_1_18_27_07_14_12,128.0,0.9277575222693558,0.980556735805573,0.9969522870880163,0.4613380975344291,1.0,0.21893491124260356,0.8911244708684893,1.0,0.7956989247311828
129_00_0_00_1_69_9_42_8_72,129.0,0.9163757274938937,0.9840903118503118,0.9279377116458957,0.5895395820999731,0.8918918918918919,0.39520958083832336,0.41392508902960373,0.21621621621621623,0.8
13_00_6_08_9_79_33_18_20_56,13.0,0.9587968945448718,0.9917197876447876,0.9778131224623647,0.93212694841844,0.9864864864864865,0.8902439024390244,0.9116779493522406,0.9054054054054054,0.9305555555555556
130_00_2_12_2_68_25_82_15_07,130.0,0.9511435935276747,0.9897377037342686,0.9854817715035551,0.6186457088584753,1.0,0.387434554973822,0.8020915962718272,0.7702702702702703,0.8382352941176471
131_00_0_87_2_55_1_26_0_41,131.0,0.8023793274055315,0.9537876842751842,0.7164838413508766,0.24666415038487724,0.6081081081081081,0.10975609756097561,0.0,0.0,0.0
131_00_1_87_0_33_16_05_0_79,131.0,0.8231657236885224,0.9570196764946765,0.9455827876497612,0.3718681934532202,1.0,0.14481409001956946,0.0,0.0,0.0
131_00_6_32_0_87_9_78_0_00,131.0,0.8568454000882471,0.9680476863226863,0.9752625671890522,0.43249600844547503,1.0,0.19321148825065274,0.0,0.0,0.0
132_00_1_31_3_98_6_22_1_14,132.0,0.8056029998073653,0.9591419122129649,0.8360398550885603,0.4009009009009009,0.40540540540540543,0.40540540540540543,0.0,0.0,0.0
132_00_2_82_2_60_18_82_0_64,132.0,0.786963896334637,0.9416803800040642,0.9863579256470952,0.3000277632718949,1.0,0.0968586387434555,0.800444651822547,0.9324324324324325,0.69
133_00_0_64_0_94_5_09_3_30,133.0,0.9042118247933587,0.9771017043162565,0.9461340119763391,0.46299380179201827,0.9864864864864865,0.22324159021406728,0.5649279703788113,0.43243243243243246,0.7441860465116279
134_00_0_10_2_85_4_89_27_70,134.0,0.9074004491952794,0.9745994994994995,0.9782434551332506,0.4139077924965402,1.0,0.1774580335731415,0.8043041519899259,0.8378378378378378,0.775
134_00_0_40_1_36_8_83_20_14,134.0,0.9367280816854849,0.9844602702702703,0.9800136106842133,0.5050199961906945,1.0,0.2605633802816901,0.8546967862189907,0.9594594594594594,0.7634408602150538
135_00_3_57_0_00_2_94_1_61,135.0,0.797711140452915,0.9429793124006359,0.7468850603504408,0.2338661470937648,0.8783783783783784,0.07004310344827586,0.0,0.0,0.0
136_00_1_95_0_87_9_37_26_93,136.0,0.9468655108238602,0.9884776681791281,0.9804106325954005,0.6060038076108932,1.0,0.37185929648241206,0.9000975422343549,0.918918918918919,0.8831168831168831
136_00_4_21_0_22_3_50_6_15,136.0,0.8596311046543091,0.9687638390215032,0.9197696397388193,0.4558535724724097,0.972972972972973,0.21951219512195122,0.0,0.0,0.0
137_00_0_00_1_05_2_63_7_18,137.0,0.7598741615193092,0.9349486584410498,0.9064790722918732,0.2775286688563723,1.0,0.083710407239819,0.0,0.0,0.0
137_00_0_00_3_02_15_97_20_50,137.0,0.9465815334244732,0.9876054837446142,0.9962751874981756,0.6091609848696983,1.0,0.3756345177664975,0.8643776294844385,0.9054054054054054,0.8271604938271605
137_00_2_80_1_27_6_21_3_49,137.0,0.8038293018722078,0.9530004504504505,0.9214575768962476,0.38055679843617285,1.0,0.1510204081632653,0.0,0.0,0.0
138_00_0_58_1_89_9_93_2_99,138.0,0.8367448169227965,0.9687312949640288,0.9468949276679964,0.5916562100100532,0.8783783783783784,0.40372670807453415,0.0,0.0,0.0
139_00_0_00_0_83_9_16_1_78,139.0,0.8515674983743841,0.9726243243243243,0.9429143244415608,0.5890172969567997,0.9324324324324325,0.3770491803278688,0.0,0.0,0.0
14_00_9_99_9_25_46_28_11_15,14.0,0.9542134901981678,0.9909022522522523,0.9697176280264793,0.9248073518671183,0.972972972972973,0.8888888888888888,0.9208871409103266,0.9324324324324325,0.92
140_00_0_00_0_18_1_88_2_78,140.0,0.7884258882887882,0.9491948150277938,0.831257674395121,0.33630759406036137,0.7972972972972973,0.14936708860759493,0.0,0.0,0.0
141_00_0_00_2_49_3_04_16_31,141.0,0.9516497634075515,0.9891884468976018,0.9653535503215733,0.5858906100078835,0.9864864864864865,0.3526570048309179,0.6770548739911488,0.6216216216216216,0.7419354838709677
142_00_4_78_2_70_17_94_5_53,142.0,0.8294146578858352,0.9553646853146853,0.8920521693391875,0.32560702019465754,0.972972972972973,0.11538461538461539,0.3774294642791359,0.21621621621621623,0.6666666666666666
143_00_0_34_0_00_5_14_16_08,143.0,0.7959331369017901,0.9459972879129129,0.963269629503932,0.31251620528422996,1.0,0.10393258426966293,0.0,0.0,0.0
144_00_3_18_2_92_3_02_22_39,144.0,0.7642907609383278,0.9381328704566636,0.794520082102449,0.2774374495690101,0.8783783783783784,0.09475218658892129,0.0,0.0,0.0
145_00_0_00_5_22_18_31_8_79,145.0,0.9416441846236119,0.9868379396519807,0.9913098486603493,0.5760094043119429,1.0,0.33636363636363636,0.8924188831780412,0.9459459459459459,0.8433734939759037
146_00_0_00_0_32_15_48_6_47,146.0,0.9512415624474267,0.9945370840227983,0.98416448278096,0.7888858550381674,0.918918918918919,0.68,0.8313868696701677,0.7432432432432432,0.9322033898305084
146_00_0_00_1_40_15_82_2_23,146.0,0.8075002070008611,0.9539874701231844,0.8896078127241203,0.34700630936580795,0.9594594594594594,0.13172541743970315,0.0,0.0,0.0
146_00_0_70_3_08_26_42_5_10,146.0,0.9219073889198535,0.9798318073175216,0.9828054661168681,0.463570124440707,1.0,0.22023809523809523,0.7828587478176922,0.9864864864864865,0.6239316239316239
147_00_0_16_0_55_28_02_0_00,147.0,0.969827506293863,0.9960900657414171,0.9881677207989711,0.8576886316277974,0.972972972972973,0.7578947368421053,0.7426418576581018,0.6756756756756757,0.819672131147541
147_00_1_10_3_45_16_40_2_82,147.0,0.9424535731741425,0.9884333820306793,0.9857034572626264,0.5986735593618097,1.0,0.3627450980392157,0.8134528858978495,0.8783783783783784,0.7558139534883721
148_00_1_58_5_89_40_00_4_82,148.0,0.9564506441744619,0.991137674587339,0.9943191202191664,0.6344949980763461,1.0,0.4065934065934066,0.8870612704173712,0.9459459459459459,0.8333333333333334
149_00_0_00_0_88_26_55_26_10,149.0,0.9493128309618027,0.9879431171171171,0.9890422818949995,0.5289746171471347,1.0,0.2846153846153846,0.8840599158244816,0.9594594594594594,0.8160919540229885
15_00_3_20_2_70_85_33_15_91,15.0,0.9691014584119334,0.9941152027027027,0.9922653944383207,0.9403921253379307,1.0,0.891566265060241,0.9591663046625439,1.0,0.925
15_00_3_39_10_29_66_64_48_48,15.0,0.9760685388990582,0.9963726351351352,0.9941989720629799,0.9656549339576707,1.0,0.9367088607594937,0.9711711711711711,0.972972972972973,0.972972972972973
150_00_3_55_0_53_9_16_24_58,150.0,0.9462804031390318,0.9870365670306067,0.9889893098355838,0.5238704530438103,1.0,0.2792452830188679,0.804610019097725,0.7837837837837838,0.8285714285714286
151_00_0_00_0_00_18_98_3_16,151.0,0.9535130773979433,0.9900159317211948,0.9920450722139414,0.6142856802624409,1.0,0.38144329896907214,0.8014423408094775,0.7972972972972973,0.8082191780821918
151_00_4_10_0_00_2_11_12_58,151.0,0.7879560974085387,0.9413704214082503,0.9432541496004248,0.2805423671820434,1.0,0.08476517754868271,0.6205968100940659,0.7567567567567568,0.5137614678899083
152_00_4_22_1_50_11_08_6_57,152.0,0.8807084173167287,0.9750794647588765,0.9462945944437526,0.4684393287212616,0.972972972972973,0.23076923076923078,0.6879772707716787,0.5945945945945946,0.8
153_00_0_00_0_56_28_71_6_48,153.0,0.9483670986526357,0.9880026939276939,0.9765466297615157,0.551192013880442,1.0,0.30833333333333335,0.821681780441671,0.9324324324324325,0.7263157894736842
153_00_0_92_0_48_22_06_9_77,153.0,0.9463447306594777,0.9873456563706564,0.9923449006827316,0.5748862397254578,1.0,0.334841628959276,0.8384747847440308,0.8783783783783784,0.8024691358024691
154_00_0_39_2_43_3_19_0_47,154.0,0.8069757908889059,0.9560719093286836,0.8423891182501935,0.35355596204350603,0.8513513513513513,0.15328467153284672,0.0,0.0,0.0
155_00_4_24_2_86_1_81_18_11,155.0,0.935477768924923,0.9860713444213445,0.9891493425716645,0.5333627344046572,1.0,0.2890625,0.8254851677885712,0.8648648648648649,0.7901234567901234
156_00_0_00_1_06_3_21_23_51,156.0,0.9041302671896345,0.9803309864004132,0.9890260967734512,0.4843625569228428,1.0,0.23948220064724918,0.7381507437779318,0.7297297297297297,0.75
157_00_0_00_0_00_4_43_12_39,157.0,0.7902128260046479,0.9479612213479303,0.706746339207788,0.24483978262721875,0.7567567567567568,0.0865533230293663,0.0,0.0,0.0
158_00_0_47_0_00_1_43_20_73,158.0,0.8752101181641014,0.9691358405575387,0.9775233294933553,0.4045861590785234,1.0,0.1689497716894977,0.7522024419685913,0.7837837837837838,0.725
159_00_0_00_4_70_28_67_7_13,159.0,0.9257247323603564,0.9792459375,0.99244376062165,0.41150535353347395,1.0,0.17452830188679244,0.807995239813771,0.9594594594594594,0.6826923076923077
16_00_6_65_8_35_6_28_45_83,16.0,0.9606509045648859,0.9919161367249603,0.967172449688585,0.9316405742519643,0.972972972972973,0.9,0.9072828436350299,0.918918918918919,0.9066666666666666
160_00_1_96_2_81_7_46_17_67,160.0,0.9321035143786741,0.9848923451401712,0.9932419774520296,0.5068218370969269,1.0,0.26148409893992935,0.8740455652003055,0.9594594594594594,0.797752808988764
161_00_0_19_0_64_0_00_0_96,161.0,0.8089106127523318,0.9518490824157491,0.8707818559776587,0.32725625609764075,0.9594594594594594,0.11735537190082644,0.0,0.0,0.0
162_00_1_63_0_25_15_08_20_33,162.0,0.9326953898434701,0.9824112667882606,0.9966624242180309,0.46062513894394813,1.0,0.21700879765395895,0.8507618298419086,1.0,0.7254901960784313
163_00_0_00_1_24_23_12_22_85,163.0,0.9270637281688384,0.9801576549110086,0.9937342224483333,0.42100978243566367,1.0,0.18226600985221675,0.7469339945846758,1.0,0.5606060606060606
164_00_0_00_0_24_7_35_30_40,164.0,0.8705432094772378,0.9705555528255528,0.9826011343744531,0.42931895502357725,1.0,0.18925831202046037,0.5966205003136312,0.40540540540540543,0.8823529411764706
164_00_1_46_0_39_4_24_11_16,164.0,0.7948150463802167,0.9426766093366094,0.9749478052457308,0.2784878716498623,1.0,0.08314606741573034,0.6928135197481149,0.9594594594594594,0.5035460992907801
165_00_0_28_2_15_13_36_11_08,165.0,0.9340628798592109,0.9828188293715402,0.9911156391125919,0.45728374702518826,1.0,0.2138728323699422,0.8652326755571704,0.9864864864864865,0.7604166666666666
166_00_1_77_0_00_3_96_6_96,166.0,0.7600939077699724,0.9337606408804013,0.6199360564178712,0.12480562418900558,0.5135135135135135,0.03881511746680286,0.0,0.0,0.0
167_00_0_00_0_17_9_07_22_45,167.0,0.8979198359703906,0.9732524372586873,0.9973016560045292,0.3649081844782631,1.0,0.1383177570093458,0.8305070808274266,1.0,0.6915887850467289
168_00_0_21_0_61_2_60_2_33,168.0,0.810192981977367,0.9615596673596674,0.5173747363997387,-0.004087226840854741,0.0,0.0,0.0,0.0,0.0
169_00_0_00_2_83_9_28_0_93,169.0,0.8400674871942145,0.9619077344992051,0.9811776266793136,0.36570634747918285,1.0,0.13883677298311445,0.0,0.0,0.0
17_00_4_01_7_64_31_07_8_61,17.0,0.9515403844396052,0.9895064564564564,0.9744839568516791,0.8956549571111647,1.0,0.8131868131868132,0.9180898782904823,0.9594594594594594,0.8875
17_00_4_49_12_39_43_63_31_96,17.0,0.9632556282346285,0.9931369369369369,0.9829578464063277,0.9289648962941026,1.0,0.8705882352941177,0.9370253087921954,0.9594594594594594,0.922077922077922
170_00_1_04_2_55_15_96_23_72,170.0,0.9495819320986308,0.989075533428165,0.9885611792317547,0.5636926118141081,1.0,0.3217391304347826,0.892532096151707,0.9459459459459459,0.8433734939759037
171_00_8_89_2_90_3_76_11_91,171.0,0.8921807022770475,0.9753602372721559,0.9775574898582075,0.430122364174595,1.0,0.18974358974358974,0.7086343690191614,0.7432432432432432,0.6790123456790124
172_00_0_74_1_62_20_83_14_41,172.0,0.9581722784278712,0.9909324558662709,0.9993012849059331,0.6495737092450055,1.0,0.42528735632183906,0.9668841679761405,0.9864864864864865,0.948051948051948
172_00_1_86_0_20_10_34_11_58,172.0,0.8828548386091357,0.96679496953601,0.9791820029287384,0.3302234342210692,1.0,0.11419753086419752,0.6721097728865012,0.972972972972973,0.4675324675324675
173_00_0_00_1_34_6_65_0_00,173.0,0.7795766626276843,0.9367591876359118,0.865436304997627,0.24743357501649288,0.9864864864864865,0.06753006475485661,0.4534564524960485,0.5675675675675675,0.3684210526315789
173_00_1_36_0_00_31_25_3_71,173.0,0.7893062708913885,0.9468707440198819,0.9778204946582916,0.29878796050645934,1.0,0.09450830140485313,0.8640837369161068,0.8648648648648649,0.8648648648648649
174_00_0_00_0_98_4_24_1_12,174.0,0.7063165818900684,0.9120052972972973,0.9237295313468038,0.1984602277903462,1.0,0.04487568223165555,-0.0017630187059974496,0.0,0.0
175_00_5_65_1_15_8_04_1_34,175.0,0.7928970364672382,0.9406809428746928,0.965585661443473,0.25687357830767676,1.0,0.07129094412331406,0.6805823906130906,0.9324324324324325,0.5
176_00_0_00_0_19_10_30_0_28,176.0,0.8017945802121276,0.9533633760879524,0.954250114204956,0.3603811389700979,1.0,0.13479052823315119,0.6011168609738133,0.4594594594594595,0.7906976744186046
176_00_0_00_2_31_4_86_3_36,176.0,0.7217078516227877,0.9115495648190564,0.9569048374674423,0.1904437781419531,1.0,0.04171364148816235,0.5954567174891692,0.7837837837837838,0.4566929133858268
176_00_0_45_0_14_13_41_7_37,176.0,0.945699326138699,0.9894155367231638,0.9969269941500671,0.5767087438270826,1.0,0.33636363636363636,0.8387976435434233,0.8108108108108109,0.8695652173913043
177_00_0_00_5_00_13_18_1_93,177.0,0.8189545385319861,0.9559758199210446,0.9769876967726369,0.3262295247387106,1.0,0.11144578313253012,0.7283288282944866,0.6891891891891891,0.7727272727272727
178_00_1_74_2_26_7_22_3_34,178.0,0.8049218709535585,0.9570834138607882,0.9053585730243472,0.3756580278502562,0.9324324324324325,0.1564625850340136,0.0,0.0,0.0
178_00_2_37_1_85_17_03_14_39,178.0,0.8336671370449199,0.9584333534651971,0.9809780877014663,0.32270688996887414,1.0,0.10914454277286136,0.7500080677550991,0.972972972972973,0.5806451612903226
179_00_0_36_6_59_6_44_3_40,179.0,0.8168822317749418,0.9603188138138138,0.8223996435911569,0.22230780059518707,0.4189189189189189,0.12601626016260162,0.0,0.0,0.0
18_00_3_39_6_74_20_34_49_30,18.0,0.9592781223167104,0.9922215504978663,0.9854769338567604,0.9234247009337435,1.0,0.8604651162790697,0.9447287214437755,0.972972972972973,0.9230769230769231
180_00_2_32_3_85_1_74_2_02,180.0,0.816563552160174,0.962219277288338,0.8304146681949356,0.3944447120204647,0.7567567567567568,0.21132075471698114,0.0,0.0,0.0
181_00_2_41_1_70_1_24_16_45,181.0,0.8921091510428933,0.9715311404811405,0.9836946822092779,0.3418451378685749,1.0,0.12171052631578948,0.7690498195599783,0.972972972972973,0.6101694915254238
181_00_2_58_1_08_0_99_6_73,181.0,0.756540613971031,0.9285823581823582,0.842129996114201,0.209327184260644,1.0,0.04907161803713528,0.0,0.0,0.0
182_00_2_57_0_15_4_56_13_72,182.0,0.8258178934888959,0.9518455398020972,0.9455323745324782,0.2773171879851641,1.0,0.08194905869324474,0.6887636148043285,0.8648648648648649,0.5517241379310345
183_00_0_56_1_47_2_44_8_08,183.0,0.8087991854218878,0.9613907388366627,0.9847281172412582,0.5055724375381956,1.0,0.2596491228070175,0.559969263959058,0.35135135135135137,0.896551724137931
183_00_3_69_1_54_2_65_2_08,183.0,0.7987280169365378,0.9571088719153936,0.4398535390127847,0.020216399692699047,0.05405405405405406,0.01646090534979424,0.0,0.0,0.0
184_00_0_58_0_01_3_94_0_09,184.0,0.7689462369864162,0.9380533162892623,0.8769684309767612,0.2565768257259091,1.0,0.07088122605363985,0.0,0.0,0.0
184_00_4_76_0_00_0_00_2_40,184.0,0.800566428658469,0.9523166983199416,0.8456340770594433,0.30973382058309673,0.918918918918919,0.10967741935483871,0.0,0.0,0.0
185_00_0_00_0_11_17_23_2_94,185.0,0.8761217205804334,0.9660412525428654,0.9917246056089124,0.31179365652586166,1.0,0.10206896551724139,0.7471485516488393,1.0,0.5606060606060606
186_00_5_01_0_84_1_97_17_78,186.0,0.9064853298690434,0.9805752059546177,0.9915981619919527,0.4429941807279998,1.0,0.2005420054200542,0.859320569653265,0.9054054054054054,0.8170731707317073
187_00_0_60_0_16_10_97_11_23,187.0,0.8353568416051428,0.9539679844738356,0.9765483092219842,0.2713461933694809,1.0,0.07855626326963906,0.8550256553976318,0.9594594594594594,0.7634408602150538
188_00_1_01_0_00_16_30_7_03,188.0,0.9042287292438697,0.9746378664378664,0.9936059173160612,0.36393242299998263,1.0,0.13703703703703704,0.7649224686062788,1.0,0.5873015873015873
189_00_0_04_1_48_17_27_7_03,189.0,0.8065355717759355,0.9498475320056899,0.9743994228953654,0.27252914173655357,1.0,0.07914438502673797,0.6615999316139172,0.6216216216216216,0.7076923076923077
19_00_2_43_3_62_51_21_86_63,19.0,0.9772815320284988,0.9965647972972973,0.995384282986191,0.9534316120500727,1.0,0.9135802469135802,0.9642337232016069,0.9594594594594594,0.9726027397260274
190_00_0_00_0_13_19_37_16_06,190.0,0.9566277620949661,0.9900935686995896,0.9914582555495354,0.5289177465899532,1.0,0.2835249042145594,0.8307131243604067,0.7297297297297297,0.9473684210526315
191_00_3_15_0_00_15_23_4_33,191.0,0.8581752889428184,0.9687984797297298,0.9503115349492653,0.41509040128031427,1.0,0.1766109785202864,0.0,0.0,0.0
192_00_0_00_0_95_2_68_5_69,192.0,0.7613188445718732,0.9344989427251085,0.7034435785245519,0.1909618913123354,0.7972972972972973,0.051709027169149865,-0.0008540833975945706,0.0,0.0
192_00_2_11_1_36_6_88_2_30,192.0,0.8547205810721381,0.9642052023526116,0.9829425534063541,0.32177985615706284,1.0,0.10818713450292397,0.7487986918572913,0.918918918918919,0.6126126126126126
193_00_0_05_0_00_2_16_6_76,193.0,0.8024426673614223,0.9567301825020897,0.7655503142394324,0.06376910362013495,0.08108108108108109,0.0594059405940594,0.0,0.0,0.0
194_00_0_00_0_01_9_11_19_44,194.0,0.9521629509776461,0.989391683991684,0.99535203690548,0.5666390043571102,1.0,0.32456140350877194,0.8894092498369648,0.9594594594594594,0.8255813953488372
195_00_0_00_0_00_3_11_5_95,195.0,0.8117767806795332,0.9606398303916162,0.9613751249637927,0.4099236330654169,0.9864864864864865,0.17464114832535885,0.0,0.0,0.0
196_00_1_84_3_30_0_00_0_00,196.0,0.7740494382710283,0.94897654685142,0.7599364997361657,0.03466386554621849,0.05405405405405406,0.03125,0.0,0.0,0.0
197_00_0_00_1_76_5_23_10_28,197.0,0.7668282949486684,0.9339448061698061,0.90321415672627,0.22661539347828535,1.0,0.05614567526555387,0.7504259048411203,0.7567567567567568,0.7466666666666667
197_00_0_37_2_19_21_38_3_97,197.0,0.9067137362826171,0.9733732937482937,0.9853469157393007,0.33923200951739996,1.0,0.11954765751211632,0.6909789360462619,0.9864864864864865,0.4866666666666667
197_00_0_72_1_19_15_11_12_47,197.0,0.9455942895443716,0.9866791291291291,0.999389679850152,0.4775733631300677,1.0,0.23197492163009403,0.9439363537918144,1.0,0.891566265060241
198_00_0_00_1_89_22_21_2_24,198.0,0.8361884918772203,0.9630420684503599,0.9555121554031833,0.35743494549321875,1.0,0.13214285714285715,0.0,0.0,0.0
199_00_1_06_1_35_6_62_12_91,199.0,0.87819773869554,0.9649666891891892,0.9640571559177045,0.2878973315963144,1.0,0.08747044917257683,0.7250596067322246,0.9594594594594594,0.5503875968992248
2_00_13_64_11_55_46_65_34_22,2.0,0.964586073526575,0.9936936936936936,0.9878379093333328,0.9797297297297297,0.9864864864864865,0.9864864864864865,0.9797297297297297,0.9864864864864865,0.9864864864864865
20_00_0_50_3_86_40_30_15_74,20.0,0.931150047177593,0.9840986486486486,0.9353255498418171,0.8017577285579756,0.9054054054054054,0.7282608695652174,0.7759319641810767,0.7702702702702703,0.8028169014084507
200_00_3_10_0_65_0_29_0_00,200.0,0.7847422076473347,0.9448058155170096,0.7393335736753983,0.19105438860424384,0.7027027027027027,0.05810055865921788,0.0,0.0,0.0
21_00_0_96_6_96_13_89_64_82,21.0,0.9611717769303771,0.993208538083538,0.9874361357718267,0.935565843066119,1.0,0.8809523809523809,0.9238116128199989,0.9459459459459459,0.9090909090909091
21_00_6_49_5_58_65_22_8_31,21.0,0.9837490738612247,0.9985742628992629,0.9986040170087692,0.9793792286287206,1.0,0.961038961038961,0.992900846022479,0.9864864864864865,1.0
22_00_1_00_8_60_82_87_39_03,22.0,0.9747339576800126,0.9963558166862515,0.9933291522870887,0.9599952651398387,1.0,0.925,0.958249673108672,0.972972972972973,0.9473684210526315
22_00_11_64_4_48_70_83_51_40,22.0,0.9666506573167103,0.9931068742655699,0.9986658300279703,0.8817952498563629,1.0,0.7872340425531915,0.993005843920672,1.0,0.9866666666666667
23_00_2_15_8_94_3_73_9_79,23.0,0.9421868227881462,0.9851608108108109,0.9218339912815523,0.7740238362392213,0.8648648648648649,0.7111111111111111,0.7454024267845648,0.6621621621621622,0.8596491228070176
23_00_3_20_4_54_58_38_45_70,23.0,0.9558595815308334,0.9918543918918918,0.9833914053401211,0.9132316764445154,1.0,0.8409090909090909,0.9092809088986794,0.972972972972973,0.8571428571428571
24_00_2_24_5_87_72_22_40_62,24.0,0.9648936688158287,0.9935378918918919,0.9840667368705414,0.9094454824698711,0.972972972972973,0.8571428571428571,0.8925411440634231,0.8783783783783784,0.9154929577464789
25_00_2_97_6_20_21_00_67_37,25.0,0.976991311690481,0.9959863825363825,0.9786265430370636,0.9286256697804759,0.9864864864864865,0.8795180722891566,0.9646596026681028,0.9594594594594594,0.9726027397260274
26_00_8_50_10_40_48_78_40_50,26.0,0.978263521001477,0.9967652652652652,0.9954662415643541,0.9420168452810848,1.0,0.891566265060241,0.9723867950315314,0.9864864864864865,0.9605263157894737
27_00_0_00_8_21_5_42_17_01,27.0,0.9323826603459988,0.9855855694980695,0.9549185806121445,0.829472864250624,0.9864864864864865,0.7087378640776699,0.7643410763728756,0.7567567567567568,0.7887323943661971
28_00_6_04_11_69_5_92_18_30,28.0,0.952464381867318,0.9890056383970177,0.937291830338703,0.8178068118360923,0.8783783783783784,0.7738095238095238,0.76259399581944,0.7162162162162162,0.828125
29_00_1_61_7_29_73_12_13_59,29.0,0.9804049875472064,0.9978053153153154,0.9969444239239652,0.966709060515228,1.0,0.9367088607594937,0.9724937018069452,0.9864864864864865,0.9605263157894737
3_00_4_45_11_36_12_41_41_29,3.0,0.947178330327585,0.9878668918918919,0.9694229555557302,0.955895489951067,0.9864864864864865,0.948051948051948,0.963963963963964,0.972972972972973,0.972972972972973
3_00_6_36_10_10_38_36_53_64,3.0,0.9500595040318165,0.9899496621621622,0.9828527654549394,0.9652066781907032,1.0,0.9487179487179487,0.9731333086479987,0.9864864864864865,0.9733333333333334
30_00_4_57_4_32_53_47_22_81,30.0,0.9592429975109351,0.9918477332170881,0.9821432791248663,0.8881941729649485,1.0,0.7956989247311828,0.9126263303620978,0.9459459459459459,0.8860759493670886
31_00_2_57_8_37_55_93_13_06,31.0,0.9769209616494076,0.9961519425675676,0.9961838729696123,0.919649140750861,1.0,0.8505747126436781,0.972101133391456,0.972972972972973,0.972972972972973
32_00_0_00_13_69_4_03_33_51,32.0,0.9659259150832132,0.9928848484848485,0.9650294646407939,0.8474997573042191,0.918918918918919,0.7906976744186046,0.8301401018639882,0.7702702702702703,0.9047619047619048
32_00_3_68_11_43_7_29_7_89,32.0,0.9447032394045186,0.9869052006552007,0.9237207464748813,0.7140826469958113,0.7027027027027027,0.7428571428571429,0.6688328552650699,0.5945945945945946,0.7719298245614035
33_00_0_88_4_49_5_91_16_41,33.0,0.9666197274467674,0.9942140302066773,0.9847470916526256,0.8911227935455935,0.9864864864864865,0.8111111111111111,0.8547804113577642,0.8648648648648649,0.8533333333333334
34_00_4_42_6_01_38_14_16_18,34.0,0.9596947535694927,0.9911700772200772,0.983372546509795,0.8182022597979537,1.0,0.6788990825688074,0.9510135074789285,0.9459459459459459,0.958904109589041
35_00_2_28_7_32_11_41_9_78,35.0,0.9501345669922238,0.9878341966966967,0.9400420940692622,0.7519116081424536,0.8918918918918919,0.6470588235294118,0.770409975441104,0.7162162162162162,0.8412698412698413
35_00_3_10_8_84_11_89_27_17,35.0,0.9559418069807215,0.9908043168168168,0.9839101955558833,0.8789946410231227,1.0,0.7789473684210526,0.878426174354064,0.9054054054054054,0.8589743589743589
36_00_2_15_5_63_8_62_45_17,36.0,0.9609612779961828,0.9924115047479912,0.9720154332711437,0.8620936657009474,0.9864864864864865,0.7604166666666666,0.879181198394397,0.9459459459459459,0.8235294117647058
37_00_14_80_2_89_15_49_34_73,37.0,0.9620113643983741,0.9919692745376956,0.9520018346851583,0.8392259967678313,0.9459459459459459,0.7526881720430108,0.8240119281756058,0.7702702702702703,0.890625
37_00_2_73_4_78_19_82_41_02,37.0,0.9838238819104528,0.9986417496443812,0.9975946505805314,0.9797887323224125,1.0,0.961038961038961,0.9650970753334699,0.9594594594594594,0.9726027397260274
37_00_3_47_7_62_8_75_11_62,37.0,0.9671843451175716,0.994273506401138,0.953518917873208,0.8739679954974584,0.9459459459459459,0.813953488372093,0.8904945145706853,0.9054054054054054,0.881578947368421
38_00_0_69_6_69_5_61_12_52,38.0,0.9456218718412482,0.9877275814275814,0.9765697077764556,0.7822387043193155,1.0,0.6218487394957983,0.8191077828286787,0.918918918918919,0.7391304347826086
38_00_5_02_3_27_5_40_4_26,38.0,0.939930023065803,0.987715939015939,0.9444239772117203,0.7482561405365091,0.8513513513513513,0.6702127659574468,0.0,0.0,0.0
39_00_8_47_7_40_19_22_10_17,39.0,0.9652367283366868,0.9932408445945946,0.9604813198605265,0.8518655102023956,0.9594594594594594,0.7634408602150538,0.843758383779448,0.8243243243243243,0.8714285714285714
4_00_7_11_10_02_77_59_71_55,4.0,0.9804549846559004,0.9970175675675675,0.9934288383668379,0.9916316520429012,1.0,0.9866666666666667,0.9831081081081081,0.9864864864864865,0.9864864864864865
4_00_8_12_10_38_76_22_31_68,4.0,0.9790042064405692,0.9963245945945945,0.9938230881280508,0.9834151021607787,1.0,0.9736842105263158,0.9831081081081081,0.9864864864864865,0.9864864864864865
40_00_4_49_1_89_11_07_7_47,40.0,0.9433898168825272,0.9876513183915623,0.9570307411250522,0.7772346229897739,0.9594594594594594,0.6396396396396397,0.784354234057693,0.8108108108108109,0.7692307692307693
40_00_4_80_4_62_37_76_6_94,40.0,0.9717932333390054,0.9956467369808834,0.9925746592518959,0.9281730705528061,0.972972972972973,0.8888888888888888,0.9074815376408114,0.8783783783783784,0.9420289855072463
41_00_1_72_4_09_14_10_63_55,41.0,0.9617432832716986,0.9925247104247105,0.9869564052648835,0.8655223393192271,1.0,0.7551020408163265,0.9317720751211711,0.9459459459459459,0.9210526315789473
42_00_4_85_6_42_26_80_38_70,42.0,0.9751990182172093,0.9962613136392207,0.9915079492979767,0.9258200997725514,1.0,0.8604651162790697,0.9342020194577537,0.972972972972973,0.9
43_00_0_00_6_76_4_88_5_25,43.0,0.9591661968192772,0.991119656019656,0.9668252522033973,0.792663617637512,0.9459459459459459,0.6730769230769231,0.7617720677780109,0.7297297297297297,0.8059701492537313
43_00_0_00_9_37_19_67_5_32,43.0,0.9602347527987853,0.992109183046683,0.956697394403272,0.7879092800517908,0.8648648648648649,0.7272727272727273,0.7740387507474584,0.6891891891891891,0.8793103448275862
43_00_1_86_3_44_4_83_58_24,43.0,0.9779749770958122,0.9971524877149878,0.9923941536129045,0.919501013649323,0.9459459459459459,0.8974358974358975,0.9234643149270848,0.918918918918919,0.9315068493150684
43_00_3_58_8_14_43_09_31_32,43.0,0.9683642381265614,0.9947606572481572,0.9882463237794543,0.891911905297082,0.9864864864864865,0.8111111111111111,0.9093155010123447,0.9594594594594594,0.8658536585365854
44_00_0_08_5_56_16_52_28_80,44.0,0.9630926924708205,0.9931527027027027,0.9730130149919852,0.8565639581898955,0.9324324324324325,0.7931034482758621,0.8533677313787768,0.7837837837837838,0.9354838709677419
44_00_4_60_4_79_15_42_4_80,44.0,0.9392973918124842,0.9862178678678679,0.9568979861111486,0.7434171831310993,0.9864864864864865,0.5703125,0.8230310767403809,0.9324324324324325,0.7340425531914894
45_00_11_27_2_53_52_32_6_84,45.0,0.9767450121851294,0.9965407168037603,0.9755021554719993,0.9168289202778034,0.972972972972973,0.8674698795180723,0.909635046307582,0.9054054054054054,0.9178082191780822
46_00_1_85_5_31_2_48_20_17,46.0,0.9649738024146237,0.9933035365152386,0.9728532969199146,0.8109307588519342,0.918918918918919,0.723404255319149,0.7910978287580702,0.7567567567567568,0.835820895522388
46_00_3_70_3_86_25_24_75_35,46.0,0.9845837817807281,0.9990174238067855,0.9993530730299084,0.9864644586331801,1.0,0.9736842105263158,0.9931650475093265,1.0,0.9866666666666667
46_00_6_75_4_15_43_57_21_13,46.0,0.9739116768583553,0.9958451696377228,0.9695356601099665,0.8851026009585766,0.9054054054054054,0.8701298701298701,0.8925680765792807,0.8513513513513513,0.9402985074626866
47_00_0_00_7_39_33_49_9_44,47.0,0.9558395722058147,0.9914447353603604,0.9750236070712806,0.8200944567304577,0.9864864864864865,0.6886792452830188,0.861890173443082,0.9324324324324325,0.8023255813953488
48_00_1_59_2_73_4_46_29_77,48.0,0.9437286798746706,0.9874942360728075,0.9551246531332465,0.7616667880611444,0.972972972972973,0.6050420168067226,0.8391507295660026,0.918918918918919,0.7727272727272727
49_00_1_99_4_53_35_10_24_32,49.0,0.9828902489712564,0.9982366756756756,0.9927066292379584,0.9456509941328728,0.9594594594594594,0.9342105263157895,0.9509714818096768,0.9324324324324325,0.971830985915493
5_00_4_31_10_50_55_73_14_67,5.0,0.9568950654341523,0.991093918918919,0.9839194889332048,0.9612755239323387,1.0,0.9367088607594937,0.9758381846400693,0.9864864864864865,0.9733333333333334
5_00_4_73_11_26_98_38_59_75,5.0,0.9791518226621085,0.9977083333333333,0.994569102341043,0.9919677414109795,1.0,0.9866666666666667,0.9919677414109795,1.0,0.9866666666666667
50_00_0_00_3_54_30_88_7_87,50.0,0.9695392378032442,0.9938994700582936,0.9414539476763061,0.804748717207033,0.8513513513513513,0.7682926829268293,0.7553892395485963,0.6486486486486487,0.8888888888888888
51_00_2_86_6_83_20_34_29_60,51.0,0.9642939164565939,0.9936840436590436,0.9912363785365397,0.8661986608440464,1.0,0.7551020408163265,0.9021994965487506,0.9459459459459459,0.8641975308641975
51_00_3_68_3_82_47_05_6_54,51.0,0.9680049226872034,0.9942427234927235,0.9710723140609439,0.8557318379929282,0.972972972972973,0.7578947368421053,0.8758357012014424,0.918918918918919,0.8395061728395061
52_00_2_33_4_42_40_59_49_71,52.0,0.9795347980829111,0.9978719275879653,0.9977074617170772,0.9549441494584882,1.0,0.9135802469135802,0.9735151541830579,1.0,0.9487179487179487
53_00_0_00_2_70_21_30_15_66,53.0,0.9287159921013549,0.9815831081081081,0.9628318936567815,0.6271677480641612,0.9864864864864865,0.4101123595505618,0.8391381040208691,0.9594594594594594,0.7395833333333334
53_00_0_60_15_22_9_38_24_83,53.0,0.9594614552116598,0.992705955955956,0.9690673215993392,0.7504038720197888,0.7702702702702703,0.7402597402597403,0.6258652804354297,0.4864864864864865,0.8181818181818182
54_00_3_14_6_15_3_28_4_83,54.0,0.9621677195344234,0.9926423587223587,0.9549135678102926,0.7563292038244311,0.8108108108108109,0.7142857142857143,0.7485822893557447,0.6486486486486487,0.8727272727272727
55_00_0_36_4_48_23_00_37_63,55.0,0.973229371121021,0.9953405405405406,0.9793969280752454,0.8572421363144938,0.9324324324324325,0.7931034482758621,0.8401786585322907,0.7837837837837838,0.90625
55_00_6_09_3_52_2_80_15_16,55.0,0.9610664918651077,0.9941690154440155,0.9859028976503594,0.8781521959464725,0.9324324324324325,0.8313253012048193,0.6264319386151962,0.44594594594594594,0.8918918918918919
56_00_1_53_6_81_15_03_50_43,56.0,0.9720510996340707,0.9958384542437174,0.9920105345682547,0.9134908835209782,0.9864864864864865,0.8488372093023255,0.9345955780796541,0.972972972972973,0.9
57_00_0_53_1_94_18_61_12_64,57.0,0.9717237178751484,0.9958740680335508,0.9706939775963525,0.8855832481525758,0.9054054054054054,0.8701298701298701,0.7858955660613486,0.6351351351351351,0.9791666666666666
58_00_0_00_2_13_16_83_21_84,58.0,0.9628769504114375,0.9934449152542373,0.9505353025033298,0.7926796743065896,0.8783783783783784,0.7222222222222222,0.7530445212705476,0.6756756756756757,0.847457627118644
59_00_0_84_1_91_34_41_10_20,59.0,0.9502268234234567,0.9885188513513513,0.9939316642797996,0.7188663592135491,1.0,0.524822695035461,0.941901514803766,0.9864864864864865,0.9012345679012346
6_00_7_80_13_47_53_60_62_63,6.0,0.9873697605608224,0.9993187258687258,1.0,1.0,1.0,1.0,0.9682458365518543,0.9459459459459459,1.0
60_00_5_49_1_95_6_14_31_56,60.0,0.9549519844649188,0.9901097917589721,0.9711655309189439,0.7438298382579367,1.0,0.5606060606060606,0.8288948102897825,0.8648648648648649,0.8
61_00_0_88_4_66_1_29_15_36,61.0,0.9591468363986276,0.9913709677419354,0.9750757026122294,0.7771089362944883,0.9864864864864865,0.6186440677966102,0.7240109838289028,0.6216216216216216,0.8518518518518519
62_00_4_26_5_77_33_09_23_15,62.0,0.9636524625893154,0.9934740240240241,0.9757658361803847,0.8250932980566459,0.9864864864864865,0.6952380952380952,0.8988602990620677,0.9594594594594594,0.8452380952380952
62_00_5_67_5_76_18_69_63_81,62.0,0.9692882560262059,0.995226211926212,0.9913316422293862,0.8712417507371126,1.0,0.7628865979381443,0.8876908754857291,0.9864864864864865,0.8021978021978022
63_00_1_23_2_79_4_71_3_76,63.0,0.9182263055037756,0.9838626055743244,0.8502484477603803,0.6514464144123722,0.7567567567567568,0.5714285714285714,0.48422584351645326,0.28378378378378377,0.84
64_00_3_44_7_03_56_49_15_10,64.0,0.9716345837939266,0.9953130145530146,0.9967332729187467,0.8327041650040513,1.0,0.6981132075471698,0.9551072914974552,1.0,0.9135802469135802
65_00_1_39_3_54_24_95_24_83,65.0,0.9675947051878381,0.9951255733005733,0.9912683306635468,0.8927924726839674,0.9864864864864865,0.8111111111111111,0.9008990307674121,0.9324324324324325,0.8734177215189873
66_00_5_75_2_08_42_63_20_49,66.0,0.9645930049582294,0.9937897539330375,0.987778167606283,0.8368324804216196,1.0,0.7047619047619048,0.87036279072006,0.9459459459459459,0.8045977011494253
67_00_0_37_2_73_35_47_3_47,67.0,0.9701170048645492,0.995475,0.9879646365044683,0.9010136976563501,0.972972972972973,0.8372093023255814,0.8194034517676674,0.7702702702702703,0.8769230769230769
68_00_0_15_3_83_31_61_3_95,68.0,0.9569882950046786,0.9907406972189581,0.9903317517791751,0.7415303873390433,1.0,0.556390977443609,0.8550768845214571,0.8513513513513513,0.863013698630137
68_00_3_45_2_23_7_03_37_62,68.0,0.9410892075080421,0.9858721699960831,0.9453538366686004,0.6332477106972557,0.972972972972973,0.42105263157894735,0.8001628910927029,0.9054054054054054,0.7127659574468085
68_00_4_44_1_58_20_03_8_48,68.0,0.9616260453042231,0.9919823540932237,0.983739764504501,0.7562545575944338,1.0,0.578125,0.8400210235677757,0.8648648648648649,0.8205128205128205
69_00_0_00_1_18_3_70_9_02,69.0,0.9586152964272608,0.9907614092664093,0.9593069766934283,0.7096429234529552,0.9324324324324325,0.5476190476190477,0.616576628009795,0.5,0.7708333333333334
69_00_1_30_2_88_9_35_34_51,69.0,0.971405808597749,0.9952576061776062,0.9965347828875117,0.8410456940807512,1.0,0.7115384615384616,0.946923045222571,0.972972972972973,0.9230769230769231
7_00_6_09_14_50_64_82_69_66,7.0,0.965917072358841,0.9935978040540541,0.9960628734729937,0.9702535449004767,1.0,0.9487179487179487,0.9702535449004767,1.0,0.9487179487179487
70_00_1_37_1_29_29_88_34_79,70.0,0.9570512795672431,0.991559992386753,0.9462298252418775,0.7525734359556703,0.9594594594594594,0.5966386554621849,0.8374708802567797,0.8108108108108109,0.8695652173913043
71_00_0_28_2_69_23_91_10_19,71.0,0.9752256469222396,0.9956157094594594,0.9623019515336114,0.7472666137062195,0.6756756756756757,0.8333333333333334,0.701562185868227,0.5675675675675675,0.875
71_00_0_71_2_64_3_23_4_77,71.0,0.9552699848806552,0.9907737612612613,0.9010723848269887,0.6721930077104906,0.8108108108108109,0.5660377358490566,0.43531172719431266,0.21621621621621623,0.8888888888888888
72_00_2_09_3_57_7_20_12_88,72.0,0.9639657318402157,0.9935962791558682,0.9793669640585545,0.8061795409904311,0.972972972972973,0.6728971962616822,0.827605888602368,0.8243243243243243,0.8356164383561644
72_00_6_96_5_27_54_16_4_62,72.0,0.9590719986526891,0.9926964642724917,0.9916949069593641,0.8290387783150773,1.0,0.6915887850467289,0.8780633070452477,0.9594594594594594,0.8068181818181818
73_00_0_60_4_44_16_98_16_09,73.0,0.9760159481479366,0.9961084550766983,0.982386689555718,0.8169514614333256,0.8783783783783784,0.7647058823529411,0.7251692974640738,0.5675675675675675,0.9333333333333333
74_00_0_94_2_68_34_22_6_73,74.0,0.9730801239391625,0.9957806306306306,0.9899097166411583,0.8879979190305084,0.9864864864864865,0.8021978021978022,0.917565798678822,0.972972972972973,0.8674698795180723
75_00_1_15_5_61_25_65_18_33,75.0,0.9780253044157523,0.9970699502133713,0.9908408122034308,0.8981081690482348,0.9864864864864865,0.8202247191011236,0.8919733394873215,0.9054054054054054,0.881578947368421
76_00_2_74_2_86_4_00_9_38,76.0,0.9496058667364596,0.9890328536328536,0.9741267096147849,0.7432591568019795,0.9864864864864865,0.5658914728682171,0.7021197879089469,0.6081081081081081,0.8181818181818182
77_00_3_17_1_92_17_31_13_99,77.0,0.971387144849817,0.9953655232155232,0.9726846549021642,0.8153363100475498,0.8918918918918919,0.75,0.7613453729506023,0.7162162162162162,0.8153846153846154
78_00_1_75_5_11_3_16_49_54,78.0,0.9804138790640113,0.9978463051659254,0.9969315336885036,0.9055070512939256,1.0,0.8222222222222222,0.9532291951600584,0.972972972972973,0.935064935064935
79_00_3_20_5_27_8_09_20_46,79.0,0.943908067546604,0.9893259121621621,0.9510141038398489,0.6954496929284689,0.9594594594594594,0.5107913669064749,0.6071578022063654,0.527027027027027,0.7090909090909091
8_00_2_40_9_87_66_46_34_50,8.0,0.9689007676394262,0.9951396396396397,0.9894501183821903,0.9778388574651916,1.0,0.961038961038961,0.9622440987523677,0.972972972972973,0.96
80_00_3_13_6_15_3_44_3_96,80.0,0.8879613864730472,0.9758903903903904,0.8639750588334371,0.5393945572032076,0.8243243243243243,0.3630952380952381,0.20015016896121474,0.04054054054054054,1.0
81_00_3_00_7_40_52_17_38_41,81.0,0.964300747510505,0.9928607119314437,0.9981527098412152,0.769282846014677,1.0,0.5967741935483871,0.96743345438852,1.0,0.9367088607594937
82_00_3_09_6_78_11_16_7_93,82.0,0.9288744831625902,0.9832502442201237,0.9621094516748723,0.5840533106431832,1.0,0.3490566037735849,0.702271902506006,0.7567567567567568,0.6588235294117647
83_00_0_00_4_21_9_38_36_80,83.0,0.9653683919678523,0.9942300836550837,0.9804278079843196,0.8179769272318071,0.9864864864864865,0.6822429906542056,0.8864385088126109,0.9459459459459459,0.8333333333333334
83_00_1_15_4_33_26_81_2_61,83.0,0.9652071845275398,0.9936749195624196,0.9801556918800057,0.7774739911408057,0.972972972972973,0.6260869565217392,0.8973468710545203,0.9459459459459459,0.8536585365853658
83_00_3_14_4_66_2_77_7_21,83.0,0.9053264844599584,0.9829602799227799,0.9429024047128179,0.6542072898325717,0.8108108108108109,0.5357142857142857,0.0,0.0,0.0
83_00_4_17_0_92_6_02_8_40,83.0,0.869494358567644,0.9701857142857143,0.914221800591814,0.5311721590228918,0.972972972972973,0.2987551867219917,0.0,0.0,0.0
84_00_0_00_4_59_21_03_14_40,84.0,0.9271879599346186,0.9858064705882353,0.971158342616587,0.6906425348071672,0.972972972972973,0.496551724137931,0.7699298136408725,0.7567567567567568,0.7887323943661971
84_00_0_41_0_00_29_54_5_95,84.0,0.9638588349064388,0.9930356756756756,0.9814896563547999,0.7631438337298806,1.0,0.5873015873015873,0.8233558611038666,0.9054054054054054,0.7528089887640449
84_00_4_97_1_65_4_14_26_40,84.0,0.943422936251819,0.987408759936407,0.9593091210368405,0.6596648379455118,0.9864864864864865,0.44785276073619634,0.8017504949343242,0.8918918918918919,0.7252747252747253
85_00_0_00_3_30_13_48_20_06,85.0,0.9742231920401221,0.9963165147705846,0.986405206024693,0.8690181480317283,0.9864864864864865,0.7684210526315789,0.8769475357710652,0.8783783783783784,0.8783783783783784
86_00_0_70_4_04_15_53_3_01,86.0,0.9275142182337527,0.985938148493321,0.971454564529344,0.6754628043053148,1.0,0.4625,0.729447245402406,0.6756756756756757,0.7936507936507936
86_00_0_94_1_10_14_88_53_00,86.0,0.9758305956667763,0.9968536968002485,0.9968668436772431,0.9160017448767966,1.0,0.8409090909090909,0.9422143191103788,0.9864864864864865,0.9012345679012346
86_00_2_30_1_62_17_93_3_67,86.0,0.9472609592343196,0.9893159055607331,0.9892251852269869,0.7791364597487784,1.0,0.6115702479338843,0.8217726758463069,0.7837837837837838,0.8656716417910447
86_00_3_09_5_60_37_27_48_93,86.0,0.964432492489511,0.9936221342031687,0.9916472441416966,0.8031455905732675,1.0,0.6491228070175439,0.9380907068946864,0.9324324324324325,0.9452054794520548
87_00_0_08_10_08_5_38_22_88,87.0,0.8951153107795122,0.9755720823095823,0.9772857883280227,0.5492613841331295,1.0,0.30962343096234307,0.5556706015479291,0.44594594594594594,0.7021276595744681
88_00_2_11_1_84_3_28_2_31,88.0,0.9217969817994409,0.9853994837534163,0.8966261125829168,0.4193051310285413,0.47297297297297297,0.38461538461538464,0.0,0.0,0.0
89_00_2_10_2_42_4_01_24_19,89.0,0.9676633359045272,0.9944676126126126,0.9665941792407332,0.8231968926955452,0.9594594594594594,0.71,0.8710607881630785,0.8783783783783784,0.8666666666666667
9_00_6_39_8_89_19_88_90_76,9.0,0.969188645245359,0.9941306756756757,0.9874159550350449,0.9574271077563381,1.0,0.925,0.954954954954955,0.9594594594594594,0.9594594594594594
90_00_3_02_6_95_54_08_2_61,90.0,0.9797097485508268,0.9974820017820017,0.9861076855299369,0.8887184644493756,0.9594594594594594,0.8255813953488372,0.8662498373853075,0.8378378378378378,0.8985507246376812
90_00_5_39_1_66_5_80_23_14,90.0,0.8994097013403467,0.9829530442530443,0.9407307762994225,0.6914530341787108,0.8243243243243243,0.5865384615384616,0.3637183069630632,0.17567567567567569,0.7647058823529411
91_00_0_00_1_37_25_92_3_66,91.0,0.973925199353702,0.9962925822561692,0.9760235814874706,0.8609423922216868,0.9459459459459459,0.7865168539325843,0.8770418770418771,0.8783783783783784,0.8783783783783784
91_00_0_30_0_56_6_08_3_72,91.0,0.8709104331749278,0.9667762485311399,0.9483159294233445,0.44430199981786045,1.0,0.20612813370473537,0.7456003143574569,0.8918918918918919,0.6285714285714286
91_00_1_67_3_84_3_81_12_24,91.0,0.9020753015002483,0.9778112514688602,0.9192388274812803,0.5273484352145011,0.972972972972973,0.2938775510204082,0.36291579295952053,0.22972972972972974,0.5862068965517241
92_00_2_71_3_35_19_40_30_55,92.0,0.9738452575368918,0.9962345684394072,0.9931629583713625,0.8674330559053959,1.0,0.7551020408163265,0.8881263346396291,0.918918918918919,0.8607594936708861
93_00_0_69_0_91_2_27_27_25,93.0,0.9441035609117902,0.9876209028177113,0.967215646727897,0.6664633515530596,0.9864864864864865,0.45625,0.7524309927434848,0.7702702702702703,0.7402597402597403
94_00_1_70_2_95_27_42_3_39,94.0,0.9440332888715111,0.9874000426742532,0.9882047145169702,0.6493518712244148,1.0,0.4277456647398844,0.8983942062165721,0.9864864864864865,0.8202247191011236
94_00_1_87_2_82_17_19_18_49,94.0,0.9772120932144568,0.9966034850640114,0.9494767238279755,0.8380549093876515,0.9054054054054054,0.7790697674418605,0.8766751736284932,0.7837837837837838,0.9830508474576272
95_00_0_00_6_60_19_15_3_58,95.0,0.9459353087787504,0.9886598676801802,0.9782365692278154,0.675900958175943,1.0,0.4625,0.7693687827066554,0.8513513513513513,0.7
95_00_1_16_2_85_19_48_11_32,95.0,0.9477452901104639,0.9919492820945945,0.9667110981951665,0.7218583145072183,0.8513513513513513,0.6176470588235294,0.6222686039114937,0.4594594594594595,0.85
96_00_0_81_2_01_21_67_1_58,96.0,0.9594386332468144,0.992272429646141,0.9856666550147425,0.7666485505105974,1.0,0.592,0.8168470048505904,0.8513513513513513,0.7875
96_00_7_79_1_21_14_04_21_46,96.0,0.8930900052688449,0.9807941905823349,0.9657769659943226,0.6521470582242666,0.9864864864864865,0.437125748502994,0.6482033666979435,0.5405405405405406,0.7843137254901961
97_00_1_40_1_09_37_43_2_87,97.0,0.9038216815755147,0.9823948565912851,0.9728356496809751,0.6562298553677164,0.9864864864864865,0.44242424242424244,0.7083520906076568,0.5540540540540541,0.9111111111111111
98_00_0_66_3_51_17_58_7_66,98.0,0.9777243118563249,0.9971024843024843,0.971819254886739,0.8686094749386541,0.9324324324324325,0.8117647058823529,0.8804976887046722,0.8513513513513513,0.9130434782608695
99_00_0_84_0_65_4_76_19_81,99.0,0.9169457833799721,0.9802719459459459,0.975190078582048,0.5277303084903107,1.0,0.2857142857142857,0.808046269489255,0.8783783783783784,0.7471264367816092
