Name,CI,LSR,BSL,HMS,MCC_5,TPR_5,PPV_5,MCC_9,TPR_9,PPV_9
1_00_1_31_8_35_53_01_9_61,1.0,0.9579789007108704,0.9931587837837837,0.9783860148148147,0.9865765724632495,1.0,0.9866666666666667,0.9865765724632495,1.0,0.9866666666666667
1_00_2_65_10_68_37_88_45_07,1.0,0.989305676445118,0.9999324324324325,1.0,1.0,1.0,1.0,1.0,1.0,1.0
10_00_1_79_9_26_24_89_96_49,10.0,0.9709519121272007,0.9940093366093367,0.9860010436966544,0.9578622030334007,1.0,0.925,0.9554054054054054,0.9594594594594594,0.9594594594594594
10_00_7_49_4_56_48_53_74_08,10.0,0.9858427095215466,0.9989046683046683,0.9971558230328029,0.9851351351351352,0.9864864864864865,0.9864864864864865,0.9850636549546777,0.972972972972973,1.0
100_00_4_51_5_21_22_99_1_70,100.0,0.901480257947692,0.9806779636071715,0.9481073552282953,0.6354345242998091,0.972972972972973,0.42105263157894735,0.5903653168141949,0.47297297297297297,0.7446808510638298
101_00_0_85_0_38_3_08_19_93,101.0,0.9424324376814891,0.9870102808691044,0.9875381087693204,0.6348123403892918,1.0,0.4088397790055249,0.8406791672152327,0.9594594594594594,0.7395833333333334
102_00_6_47_6_17_2_56_9_35,102.0,0.8506553941578064,0.9726575701915507,0.846296188215417,-0.0016041221153000186,0.0,0.0,0.0,0.0,0.0
103_00_0_13_0_92_41_41_10_35,103.0,0.9444431135760483,0.9885090176715177,0.9921430786338692,0.6827920142764963,1.0,0.4713375796178344,0.8377920478780809,1.0,0.7047619047619048
103_00_0_55_1_45_13_42_0_67,103.0,0.8879342010178807,0.9815090826403327,0.9802114885534029,0.6827920142764963,1.0,0.4713375796178344,0.5437358803152469,0.36486486486486486,0.8181818181818182
104_00_0_00_4_03_32_13_5_55,104.0,0.9418306209720717,0.9875280823680823,0.9896241291016948,0.665719023448946,1.0,0.4484848484848485,0.8610969865099661,0.918918918918919,0.8095238095238095
105_00_1_36_0_00_8_68_4_15,105.0,0.8581935640841527,0.9695669938806731,0.9643763257576404,0.5110240871694375,1.0,0.26811594202898553,0.0,0.0,0.0
106_00_0_00_2_68_29_45_20_98,106.0,0.9720648995165745,0.9959469436726446,0.9920816984856976,0.8470517371332875,0.9864864864864865,0.73,0.8998873594753283,0.918918918918919,0.8831168831168831
106_00_0_45_7_36_30_11_9_13,106.0,0.936489523049524,0.9840330765344784,0.9770211499567861,0.5553650594494817,1.0,0.3148936170212766,0.8792479833678197,0.9324324324324325,0.8313253012048193
107_00_1_46_1_03_17_91_2_52,107.0,0.9329452945224689,0.9864490365365365,0.9843129666461047,0.616176027768252,1.0,0.3854166666666667,0.8661241986263233,0.9459459459459459,0.7954545454545454
108_00_0_00_1_97_1_80_6_07,108.0,0.7437118179505555,0.9434593726754277,0.13932582828582685,-0.002835936905701552,0.0,0.0,0.0,0.0,0.0
109_00_1_44_4_40_4_14_16_40,109.0,0.9578801921418665,0.9923005773955774,0.9842429644301794,0.7533967475517547,0.9864864864864865,0.5793650793650794,0.8330552205815608,0.8513513513513513,0.8181818181818182
109_00_2_45_0_97_30_43_1_85,109.0,0.9550497923740463,0.9906107985257985,0.9855761862073701,0.6920426776565353,1.0,0.48366013071895425,0.8509639438583813,0.918918918918919,0.7906976744186046
11_00_4_88_9_02_7_94_27_55,11.0,0.9527799408662289,0.9897277027027027,0.9727271034131771,0.9207497634264666,1.0,0.8604651162790697,0.9495604117356714,0.972972972972973,0.935064935064935
110_00_0_07_2_83_1_88_34_57,110.0,0.9498970053210681,0.9909902240077916,0.9857795068949962,0.6897803493449092,1.0,0.4805194805194805,0.8794947636380619,0.8378378378378378,0.9253731343283582
110_00_5_54_0_00_13_69_37_78,110.0,0.9466167248576394,0.9878289627465303,0.996728909777837,0.6369910327136291,1.0,0.4111111111111111,0.921529327227538,1.0,0.8505747126436781
111_00_0_00_2_08_4_65_13_14,111.0,0.865072802986837,0.9727143943050193,0.9586384999895797,0.5381985299660875,1.0,0.296,0.5932282097232509,0.43243243243243246,0.8205128205128205
112_00_4_91_2_09_9_29_28_55,112.0,0.9712587627734011,0.9953575340827553,0.9967870061067747,0.8037350153734397,1.0,0.6491228070175439,0.9220679880403464,0.9594594594594594,0.8875
112_00_5_20_2_60_12_26_13_54,112.0,0.9379205081419995,0.9894577971777087,0.9804544167011092,0.7063762765838795,1.0,0.5034013605442177,0.737993767456301,0.6081081081081081,0.9
113_00_0_00_0_96_7_64_11_08,113.0,0.9030946340481537,0.9823663229018492,0.9859457732282972,0.6444577756671573,1.0,0.42045454545454547,0.752616690279659,0.6621621621621622,0.8596491228070176
114_00_0_78_2_63_1_32_16_68,114.0,0.9060985628768304,0.9826243713278496,0.9794799906704582,0.65210014424413,1.0,0.43023255813953487,0.6002369666868972,0.4594594594594595,0.7906976744186046
115_00_0_00_0_87_2_88_2_07,115.0,0.7803544254726504,0.9513162395153775,0.8114884360836645,0.4167246551379368,0.7027027027027027,0.2561576354679803,0.0,0.0,0.0
115_00_2_38_3_32_1_36_5_93,115.0,0.9123535317433688,0.9863594478098788,0.9671442287399481,0.7505643998737223,0.7972972972972973,0.7108433734939759,0.0,0.0,0.0
116_00_0_00_0_30_13_40_22_52,116.0,0.9724407609137578,0.9960057634557634,0.9948287000650398,0.8379837401575718,1.0,0.7047619047619048,0.8999695017846935,0.918918918918919,0.8831168831168831
116_00_0_00_6_30_15_40_2_82,116.0,0.8694604281394975,0.9772281011781012,0.9659644914801468,0.6518206781169738,0.972972972972973,0.44171779141104295,0.0,0.0,0.0
116_00_2_77_2_71_13_53_43_39,116.0,0.9593017180447391,0.9917801917301917,0.9927631662667151,0.706484492250388,1.0,0.5034013605442177,0.9106628070441571,0.9594594594594594,0.8658536585365854
117_00_3_94_5_31_12_50_5_67,117.0,0.8770465532941277,0.9685306688043976,0.9732318000895299,0.4138723104564722,1.0,0.1783132530120482,0.7815038917992201,0.8783783783783784,0.6989247311827957
118_00_0_00_0_55_15_53_12_18,118.0,0.9333820827366772,0.9882597660685896,0.9780931967756518,0.6716928522248247,0.9864864864864865,0.4620253164556962,0.7828511145388218,0.8108108108108109,0.759493670886076
118_00_0_98_0_71_7_33_1_22,118.0,0.791687125376501,0.9490099477628889,0.8905121571625028,0.3822593061678029,0.972972972972973,0.1575492341356674,0.25891665958272403,0.06756756756756757,1.0
119_00_1_18_1_32_14_60_2_11,119.0,0.8237971841525874,0.965078963963964,0.8909104929456366,0.5561396370759003,0.8378378378378378,0.37575757575757573,0.0,0.0,0.0
12_00_4_88_5_43_54_59_12_08,12.0,0.97004176414161,0.9930074844074844,0.9855791269159722,0.933290815358078,1.0,0.8809523809523809,0.9782015981017788,0.9864864864864865,0.9733333333333334
120_00_0_02_4_30_8_59_15_24,120.0,0.9492528843320014,0.9885454210408756,0.9871179709503537,0.6134237196211232,1.0,0.38144329896907214,0.83070083779081,0.8918918918918919,0.7764705882352941
120_00_5_09_6_15_3_72_27_57,120.0,0.9563448742107834,0.9908850011168193,0.9945002260825921,0.6946695541577191,1.0,0.4868421052631579,0.8740791924600291,0.9324324324324325,0.8214285714285714
121_00_0_07_1_44_11_78_3_75,121.0,0.8881728593805839,0.972947762516615,0.982430110646401,0.46095534259236354,1.0,0.21893491124260356,0.8383992985874441,0.8108108108108109,0.8695652173913043
122_00_0_00_1_67_7_31_6_41,122.0,0.8594991339443859,0.9735598110305428,0.9407357826403319,0.6179829488784201,0.7297297297297297,0.5294117647058824,0.0,0.0,0.0
122_00_0_00_8_26_10_77_24_46,122.0,0.968500198778783,0.9950895737200616,0.9931144664937616,0.8111308496594867,1.0,0.6607142857142857,0.8366570891172277,0.7972972972972973,0.8805970149253731
123_00_0_54_2_42_28_12_6_02,123.0,0.9405449508140487,0.9865736050566696,0.9931701712441927,0.6119169549932519,1.0,0.37948717948717947,0.8741859592980786,0.9864864864864865,0.776595744680851
124_00_3_86_2_05_11_88_4_79,124.0,0.856999552506102,0.9710433837837837,0.969044207517723,0.48715460534376565,1.0,0.24342105263157895,0.0,0.0,0.0
125_00_0_48_1_61_10_04_6_96,125.0,0.9392960382005036,0.9858797082797083,0.9706780667648873,0.555865761637107,0.9864864864864865,0.31877729257641924,0.815607259347444,0.9594594594594594,0.696078431372549
126_00_0_15_1_54_8_86_29_97,126.0,0.9382164090506931,0.9851918918918919,0.9938082875306937,0.5400100813840703,1.0,0.2971887550200803,0.8788229177669387,0.9594594594594594,0.8068181818181818
127_00_4_55_2_77_16_27_9_69,127.0,0.9487166962615916,0.9902107369087838,0.9646591967750675,0.6441430175290704,0.972972972972973,0.4311377245508982,0.7277641164825722,0.6891891891891891,0.7727272727272727
128_00_0_21_1_18_27_07_14_12,128.0,0.955782542755843,0.9905306096794468,0.9985933632713928,0.7067684795415464,1.0,0.5034013605442177,0.9668174281746706,0.9864864864864865,0.948051948051948
129_00_0_00_1_69_9_42_8_72,129.0,0.8440106614602764,0.9646829417879418,0.9695429396222098,0.4565123767904908,1.0,0.2144927536231884,0.43585348530689966,0.28378378378378377,0.6774193548387096
13_00_6_08_9_79_33_18_20_56,13.0,0.9613600763635024,0.991828861003861,0.9778133350740684,0.93212694841844,0.9864864864864865,0.8902439024390244,0.9029974777277178,0.8783783783783784,0.9420289855072463
130_00_2_12_2_68_25_82_15_07,130.0,0.9621822940825933,0.9937818960181556,0.9855570853982817,0.7599543381191706,0.9864864864864865,0.5887096774193549,0.7596311625313533,0.6621621621621622,0.875
131_00_0_87_2_55_1_26_0_41,131.0,0.7800066983907957,0.948699006961507,0.4161484677518327,0.12638534122057693,0.25675675675675674,0.07450980392156863,0.0,0.0,0.0
131_00_1_87_0_33_16_05_0_79,131.0,0.7876481034222322,0.9511340294840295,0.974914049043904,0.4342692656617932,1.0,0.19473684210526315,0.0,0.0,0.0
131_00_6_32_0_87_9_78_0_00,131.0,0.8503652171026282,0.9734923525798526,0.9756455511511251,0.5716847440898661,0.43243243243243246,0.7619047619047619,0.0,0.0,0.0
132_00_1_31_3_98_6_22_1_14,132.0,0.8359360488801719,0.9665202296281243,0.8338537821021335,0.42186998841875706,0.6351351351351351,0.2883435582822086,0.0,0.0,0.0
132_00_2_82_2_60_18_82_0_64,132.0,0.859920988628675,0.9697198232066653,0.9815893598962391,0.4506078376886119,1.0,0.20903954802259886,0.6593636545151069,0.527027027027027,0.8297872340425532
133_00_0_64_0_94_5_09_3_30,133.0,0.8566085698888443,0.9685309600645422,0.9587437699955043,0.4423032128544519,1.0,0.2016348773841962,0.0,0.0,0.0
134_00_0_10_2_85_4_89_27_70,134.0,0.9423267139606326,0.9885615215215215,0.9806458494374313,0.6154822040608345,1.0,0.38341968911917096,0.8149843649700358,0.8108108108108109,0.821917808219178
134_00_0_40_1_36_8_83_20_14,134.0,0.9632157599383552,0.9933561561561561,0.993952276803295,0.73808950636287,1.0,0.5481481481481482,0.8820935046959341,0.8648648648648649,0.9014084507042254
135_00_3_57_0_00_2_94_1_61,135.0,0.7347436319525068,0.9368348271065183,0.7739406416204537,0.10770120724500055,0.1891891891891892,0.07368421052631578,0.0,0.0,0.0
136_00_1_95_0_87_9_37_26_93,136.0,0.9500149299430759,0.9886829848096271,0.9766177358601236,0.607562755182905,1.0,0.37373737373737376,0.9060529201339781,0.918918918918919,0.8947368421052632
136_00_4_21_0_22_3_50_6_15,136.0,0.8490944769268988,0.9650822055632274,0.9331472988298454,0.4041508753933613,0.9864864864864865,0.17176470588235293,0.2787555586785862,0.10810810810810811,0.7272727272727273
137_00_0_00_1_05_2_63_7_18,137.0,0.8310571635900879,0.959586026243635,0.9842243310724567,0.3988545904947153,1.0,0.16517857142857142,0.0,0.0,0.0
137_00_0_00_3_02_15_97_20_50,137.0,0.941216551364858,0.9851038679984332,0.9936459082317671,0.5024166527319167,1.0,0.2578397212543554,0.871619928981212,0.972972972972973,0.782608695652174
137_00_2_80_1_27_6_21_3_49,137.0,0.7624875927138581,0.942790070505288,0.8575359028141392,0.35034351662076935,0.8513513513513513,0.15144230769230768,0.0,0.0,0.0
138_00_0_58_1_89_9_93_2_99,138.0,0.7801515848714563,0.9452755104024888,0.7524324187131741,0.2985559215627781,0.8378378378378378,0.11397058823529412,0.0,0.0,0.0
139_00_0_00_0_83_9_16_1_78,139.0,0.8717559200964181,0.9750606756756757,0.941951182568168,0.5456727536013949,0.9594594594594594,0.31555555555555553,0.0,0.0,0.0
14_00_9_99_9_25_46_28_11_15,14.0,0.9510385045102667,0.9896894594594594,0.9673615874603171,0.89520636749689,0.972972972972973,0.8372093023255814,0.9208871409103266,0.9324324324324325,0.92
140_00_0_00_0_18_1_88_2_78,140.0,0.7840421547989875,0.9539279087598237,0.8859919529978681,0.4178898460231594,0.7162162162162162,0.25118483412322273,0.0,0.0,0.0
141_00_0_00_2_49_3_04_16_31,141.0,0.925887706953028,0.9863686048724781,0.962976594326813,0.5640301110138941,0.9864864864864865,0.3273542600896861,0.7485693940726976,0.7297297297297297,0.7714285714285715
142_00_4_78_2_70_17_94_5_53,142.0,0.8050426911885761,0.9514410035910036,0.9266694895454126,0.34961325348589656,0.9864864864864865,0.13012477718360071,0.17426696496982205,0.05405405405405406,0.5714285714285714
143_00_0_34_0_00_5_14_16_08,143.0,0.814065059196182,0.960550365990991,0.928636269212026,0.5181821335135278,0.9594594594594594,0.285140562248996,0.0,0.0,0.0
144_00_3_18_2_92_3_02_22_39,144.0,0.8304553437558031,0.9641710438024231,0.9452350083197802,0.5238414389368901,0.9459459459459459,0.29535864978902954,0.0,0.0,0.0
145_00_0_00_5_22_18_31_8_79,145.0,0.9348769167418087,0.984173454276194,0.994616229031211,0.5138581095397949,1.0,0.2690909090909091,0.8965939847610136,0.972972972972973,0.8275862068965517
146_00_0_00_0_32_15_48_6_47,146.0,0.8953064570135628,0.9823882239382239,0.989726891458388,0.6093915341230042,1.0,0.3756345177664975,0.7995074773498697,0.7027027027027027,0.9122807017543859
146_00_0_00_1_40_15_82_2_23,146.0,0.8425582409909951,0.9680053962125391,0.9264762252495105,0.4966571745747651,0.9459459459459459,0.2661596958174905,0.0,0.0,0.0
146_00_0_70_3_08_26_42_5_10,146.0,0.9128920352862742,0.9763618771833058,0.9793342930049441,0.4035717525463136,1.0,0.16856492027334852,0.7857158115688087,0.972972972972973,0.6371681415929203
147_00_0_16_0_55_28_02_0_00,147.0,0.9540510865627189,0.9928985573411249,0.9854777900523659,0.7510602238596574,0.9864864864864865,0.5748031496062992,0.7939887752759023,0.7567567567567568,0.835820895522388
147_00_1_10_3_45_16_40_2_82,147.0,0.9464821130037582,0.9911128469685903,0.9842908947899068,0.6568505012804763,1.0,0.43529411764705883,0.7617715436175181,0.7837837837837838,0.7435897435897436
148_00_1_58_5_89_40_00_4_82,148.0,0.9592356116924232,0.9926146290585888,0.9900402276477819,0.6906587268756379,1.0,0.4805194805194805,0.8765126972257533,0.972972972972973,0.7912087912087912
149_00_0_00_0_88_26_55_26_10,149.0,0.955409034083187,0.9900969369369369,0.9891003709590831,0.6292639782813061,1.0,0.4,0.9253903361186876,0.9864864864864865,0.8690476190476191
15_00_3_20_2_70_85_33_15_91,15.0,0.9688847848129547,0.9937362331081081,0.9885936667469224,0.9343531843023134,1.0,0.8809523809523809,0.9581996405018859,0.9864864864864865,0.9358974358974359
15_00_3_39_10_29_66_64_48_48,15.0,0.9769963105533942,0.9965413006756757,0.9961325496876392,0.9591663046625439,1.0,0.925,0.9785389737736913,0.9864864864864865,0.9733333333333334
150_00_3_55_0_53_9_16_24_58,150.0,0.9435684469664788,0.9879714515840343,0.9894906455234894,0.5682867696043739,1.0,0.3274336283185841,0.8698997786885809,0.9054054054054054,0.8375
151_00_0_00_0_00_18_98_3_16,151.0,0.9403981548685163,0.9867397492887624,0.9936360346238358,0.5871505091157352,1.0,0.3490566037735849,0.8367594397011334,0.918918918918919,0.7640449438202247
151_00_4_10_0_00_2_11_12_58,151.0,0.791439673741187,0.9506639046941678,0.9571688068104199,0.3638014397925562,1.0,0.13805970149253732,0.0,0.0,0.0
152_00_4_22_1_50_11_08_6_57,152.0,0.8446707089781877,0.9664837042925278,0.9790587717951864,0.45082495834740555,1.0,0.2084507042253521,0.6543203308437283,0.5,0.8604651162790697
153_00_0_00_0_56_28_71_6_48,153.0,0.9464501976944287,0.988235766935767,0.9856999339166612,0.5802643584617558,1.0,0.34101382488479265,0.8260827562542917,0.9324324324324325,0.7340425531914894
153_00_0_92_0_48_22_06_9_77,153.0,0.8954597501238699,0.972925508950509,0.9941114620634964,0.38304387767895814,1.0,0.1522633744855967,0.8424091001443617,1.0,0.7115384615384616
154_00_0_39_2_43_3_19_0_47,154.0,0.7867827418906169,0.9517761900610288,0.9418038289706886,0.4417875355641281,0.9594594594594594,0.2088235294117647,0.0,0.0,0.0
155_00_4_24_2_86_1_81_18_11,155.0,0.9423097903687191,0.9878776420651421,0.9887865861420885,0.572300485835092,1.0,0.33183856502242154,0.7564253062305618,0.6351351351351351,0.9038461538461539
156_00_0_00_1_06_3_21_23_51,156.0,0.8704683913884164,0.9756012050266827,0.9909513614827034,0.4772691494255502,1.0,0.23270440251572327,0.7147865871515912,0.5945945945945946,0.8627450980392157
157_00_0_00_0_00_4_43_12_39,157.0,0.7903373674827742,0.9513126154635648,0.929795910263608,0.37621035713693524,0.9864864864864865,0.1489795918367347,0.0,0.0,0.0
158_00_0_47_0_00_1_43_20_73,158.0,0.8810919475650164,0.9738181625021247,0.9838440527144928,0.43488605930850793,1.0,0.1942257217847769,0.7883041109859859,0.8513513513513513,0.7325581395348837
159_00_0_00_4_70_28_67_7_13,159.0,0.9473849090131673,0.9876216047297297,0.9901768957929821,0.5455741342164863,1.0,0.3020408163265306,0.879641669630961,0.9324324324324325,0.8313253012048193
16_00_6_65_8_35_6_28_45_83,16.0,0.9668486258698263,0.9929742448330684,0.9714396663693563,0.9116909806007697,0.9594594594594594,0.8765432098765432,0.9273863474904678,0.918918918918919,0.9444444444444444
160_00_1_96_2_81_7_46_17_67,160.0,0.9302602129976083,0.9840795954339433,0.994368105463018,0.4961504350872708,1.0,0.25084745762711863,0.8670247594299147,0.972972972972973,0.7741935483870968
161_00_0_19_0_64_0_00_0_96,161.0,0.8131858599614828,0.9603395562228896,0.9501944562149237,0.48098985598941063,0.9054054054054054,0.2607003891050584,0.0,0.0,0.0
162_00_1_63_0_25_15_08_20_33,162.0,0.9376052901255474,0.9841429696567734,0.995364696211501,0.5105853268456586,1.0,0.26523297491039427,0.8791740561261312,0.9864864864864865,0.7849462365591398
163_00_0_00_1_24_23_12_22_85,163.0,0.9390855241852784,0.9849472231377719,0.9917070591228954,0.49972058053796603,1.0,0.2542955326460481,0.7894235212935697,0.972972972972973,0.6428571428571429
164_00_0_00_0_24_7_35_30_40,164.0,0.7951909072340482,0.9540056429156429,0.9793532720393352,0.3778953268416804,1.0,0.148,0.0,0.0,0.0
164_00_1_46_0_39_4_24_11_16,164.0,0.7758767781492408,0.9398908353808354,0.9604518485651814,0.28932837135293216,1.0,0.08926417370325694,0.6824233644166395,0.7837837837837838,0.5979381443298969
165_00_0_28_2_15_13_36_11_08,165.0,0.9524097699598723,0.9899858189514816,0.9874896159647705,0.6475795760825903,1.0,0.4228571428571429,0.8623899649751564,0.972972972972973,0.7659574468085106
166_00_1_77_0_00_3_96_6_96,166.0,0.7667275853620419,0.9408162162162163,0.8571429277918846,0.28138986405908345,0.9459459459459459,0.08951406649616368,0.0,0.0,0.0
167_00_0_00_0_17_9_07_22_45,167.0,0.9231594344757559,0.9795299710424711,0.9982011040030195,0.41849584651199934,1.0,0.18004866180048662,0.8043766194897268,1.0,0.6491228070175439
168_00_0_21_0_61_2_60_2_33,168.0,0.7632349652640873,0.9481054134015673,0.7272193231580234,-0.0077207733203016864,0.0,0.0,0.0,0.0,0.0
169_00_0_00_2_83_9_28_0_93,169.0,0.831090188905701,0.9591535771065183,0.9791146253644469,0.35020801693952713,1.0,0.12780656303972365,0.45743361333064314,0.2972972972972973,0.7096774193548387
17_00_4_01_7_64_31_07_8_61,17.0,0.9540961254086219,0.9891186936936937,0.9796247283171642,0.8852577107380948,1.0,0.7956989247311828,0.9218242417145815,0.9324324324324325,0.92
17_00_4_49_12_39_43_63_31_96,17.0,0.9611267989865708,0.9923922672672673,0.9802409149006619,0.9231777629159751,1.0,0.8604651162790697,0.9305950021129075,0.9594594594594594,0.9102564102564102
170_00_1_04_2_55_15_96_23_72,170.0,0.9521387938707583,0.9893480796586059,0.9925777598833413,0.584761596074922,1.0,0.34579439252336447,0.8767098194022579,0.9459459459459459,0.813953488372093
171_00_8_89_2_90_3_76_11_91,171.0,0.8457682570111189,0.966782715273413,0.979710091151399,0.41194779039920265,1.0,0.17452830188679244,0.27909105537852286,0.10810810810810811,0.7272727272727273
172_00_0_74_1_62_20_83_14_41,172.0,0.9603910007236457,0.9918836353694735,0.9980785334913157,0.6756372011798082,1.0,0.45962732919254656,0.9353914332533585,0.972972972972973,0.9
172_00_1_86_0_20_10_34_11_58,172.0,0.8557977563758471,0.9643767145758475,0.9849672352285935,0.33487615779122804,1.0,0.11727416798732171,0.7756389112893991,0.972972972972973,0.6206896551724138
173_00_0_00_1_34_6_65_0_00,173.0,0.7658067798183193,0.9356293025784405,0.9007674119024787,0.25688874705241715,1.0,0.07135969141755062,0.35463111518775625,0.17567567567567569,0.7222222222222222
173_00_1_36_0_00_31_25_3_71,173.0,0.774672762407004,0.9440480972351663,0.9704832058034778,0.30292878158233816,1.0,0.09698558322411534,0.7899823957919223,0.6756756756756757,0.9259259259259259
174_00_0_00_0_98_4_24_1_12,174.0,0.7485153143506529,0.9294585714285715,0.9207768707880444,0.23820709362723994,1.0,0.06213266162888329,0.0,0.0,0.0
175_00_5_65_1_15_8_04_1_34,175.0,0.8594198600653771,0.9632477042383293,0.9786001793874353,0.3256251618529287,1.0,0.1111111111111111,0.7208032895797578,0.8648648648648649,0.6037735849056604
176_00_0_00_0_19_10_30_0_28,176.0,0.7777643531287233,0.9470907466788823,0.9572554961941865,0.3246436309399971,1.0,0.11044776119402985,0.5830383034354882,0.4189189189189189,0.8157894736842105
176_00_0_00_2_31_4_86_3_36,176.0,0.7302638718168675,0.9177576652924111,0.9429584619266199,0.20021792890250545,1.0,0.04551045510455105,0.5732765926936174,0.6351351351351351,0.5222222222222223
176_00_0_45_0_14_13_41_7_37,176.0,0.9530262577269691,0.9899556955260345,0.9912932320849883,0.6131570259415923,1.0,0.37948717948717947,0.8327377079268828,0.8108108108108109,0.8571428571428571
177_00_0_00_5_00_13_18_1_93,177.0,0.8516325784607651,0.9635196629213483,0.9771065679640216,0.3499092412947114,1.0,0.12736660929432014,0.7270573037921785,0.7432432432432432,0.7142857142857143
178_00_1_74_2_26_7_22_3_34,178.0,0.7855445695396979,0.9537432885399366,0.6295537672208422,-0.004020344481597675,0.0,0.0,0.0,0.0,0.0
178_00_2_37_1_85_17_03_14_39,178.0,0.7955925649683007,0.9471706250943681,0.9806812866597586,0.28970957491826405,1.0,0.08904933814681107,0.7578731580562222,0.6891891891891891,0.8360655737704918
179_00_0_36_6_59_6_44_3_40,179.0,0.7695273416356727,0.946719481981982,0.9394258462171644,0.3708486811094108,0.9864864864864865,0.1442687747035573,0.0,0.0,0.0
18_00_3_39_6_74_20_34_49_30,18.0,0.9547091563997137,0.9911273115220484,0.9828202747279661,0.9121790981329857,1.0,0.8409090909090909,0.9521875185405725,0.9864864864864865,0.9240506329113924
180_00_2_32_3_85_1_74_2_02,180.0,0.8089498492639848,0.9608822756458115,0.8148000858145236,0.28552185851164963,0.2972972972972973,0.28205128205128205,0.0,0.0,0.0
181_00_2_41_1_70_1_24_16_45,181.0,0.8858719160067731,0.9705198396198397,0.9866276144025209,0.33836281685436476,1.0,0.11935483870967742,0.8361722219946831,0.8918918918918919,0.7857142857142857
181_00_2_58_1_08_0_99_6_73,181.0,0.7734073097991705,0.9450795886545886,0.7565295866666788,0.2157420939642575,0.5675675675675675,0.08936170212765958,0.0,0.0,0.0
182_00_2_57_0_15_4_56_13_72,182.0,0.897182559728868,0.9744722049918771,0.9384646903645126,0.3630248368308095,1.0,0.13653136531365315,0.7215826093523369,0.8108108108108109,0.6451612903225806
183_00_0_56_1_47_2_44_8_08,183.0,0.8351395644710227,0.9671848633960047,0.9781741901580709,0.4941807547883649,1.0,0.2483221476510067,0.5699798678504662,0.35135135135135137,0.9285714285714286
183_00_3_69_1_54_2_65_2_08,183.0,0.7896562687374596,0.9537896592244418,0.7977309334111238,0.29228843607381494,0.7162162162162162,0.12559241706161137,0.0,0.0,0.0
184_00_0_58_0_01_3_94_0_09,184.0,0.7526828499577669,0.9391274214755296,0.9104349349234624,0.297701393910474,1.0,0.09355246523388117,0.0,0.0,0.0
184_00_4_76_0_00_0_00_2_40,184.0,0.7934656502253998,0.9531649086924763,0.8812636862226981,0.34215543714704666,0.918918918918919,0.13255360623781676,0.0,0.0,0.0
185_00_0_00_0_11_17_23_2_94,185.0,0.8664258888771967,0.9640996875908167,0.9883134843107704,0.30412058699913735,1.0,0.09736842105263158,0.7636989222496589,0.9864864864864865,0.5934959349593496
186_00_5_01_0_84_1_97_17_78,186.0,0.9211815915959154,0.9845171412053765,0.9943449099716833,0.5056369663571288,1.0,0.2596491228070175,0.7467665777606923,0.6621621621621622,0.8448275862068966
187_00_0_60_0_16_10_97_11_23,187.0,0.878499266892226,0.9646791834387579,0.9725546509962716,0.3006655887895208,1.0,0.09523809523809523,0.770051704693513,0.918918918918919,0.6476190476190476
188_00_1_01_0_00_16_30_7_03,188.0,0.8997881638215012,0.9725061061061061,0.9896243156547778,0.34538858534274636,1.0,0.12395309882747069,0.7150546772725578,1.0,0.5138888888888888
189_00_0_04_1_48_17_27_7_03,189.0,0.804333358851522,0.9551242745376956,0.9840985723921202,0.3686046683427252,1.0,0.14041745730550284,0.0,0.0,0.0
19_00_2_43_3_62_51_21_86_63,19.0,0.9785270497379199,0.996921418918919,0.9953842829828198,0.9661147696665692,1.0,0.9367088607594937,0.9568716750147366,0.9459459459459459,0.9722222222222222
190_00_0_00_0_13_19_37_16_06,190.0,0.9564980535615655,0.9903030706098769,0.997943616306985,0.5716928430257958,1.0,0.33035714285714285,0.94136499030518,0.972972972972973,0.9113924050632911
191_00_3_15_0_00_15_23_4_33,191.0,0.818036144886634,0.9620222621058558,0.9280621171620361,0.4418944648561462,0.9459459459459459,0.21084337349397592,0.0,0.0,0.0
192_00_0_00_0_95_2_68_5_69,192.0,0.7692200077623945,0.9449709144377538,0.7761106794978465,0.2361396774021108,0.6486486486486487,0.09248554913294797,0.0,0.0,0.0
192_00_2_11_1_36_6_88_2_30,192.0,0.8797944108111057,0.9733997059235401,0.9906075587420791,0.37502723212668343,1.0,0.1450980392156863,0.7916907808838978,0.8243243243243243,0.7625
193_00_0_05_0_00_2_16_6_76,193.0,0.782212122296177,0.9493267971579827,0.7113432095647285,0.016810450051413243,0.05405405405405406,0.013422818791946308,0.0,0.0,0.0
194_00_0_00_0_01_9_11_19_44,194.0,0.9481118410184467,0.9883453153153153,0.9962816295422927,0.5418173277442271,1.0,0.2971887550200803,0.8267783429721591,1.0,0.6851851851851852
195_00_0_00_0_00_3_11_5_95,195.0,0.8041800369997154,0.9506934707666851,0.9537349840177517,0.29386983339465994,1.0,0.0910209102091021,0.0,0.0,0.0
196_00_1_84_3_30_0_00_0_00,196.0,0.761343040375515,0.9401948689806557,0.5894990532608558,0.015195758002581541,0.0945945945945946,0.009845288326300985,0.0,0.0,0.0
197_00_0_00_1_76_5_23_10_28,197.0,0.846233386253481,0.9588224337974338,0.9684727782229711,0.28549576679803756,1.0,0.08614668218859138,0.7819277783704246,0.8243243243243243,0.7439024390243902
197_00_0_37_2_19_21_38_3_97,197.0,0.9221940156375872,0.9782882541632542,0.9878085651280558,0.37366232873832717,1.0,0.14396887159533073,0.8608720648813234,0.9864864864864865,0.7525773195876289
197_00_0_72_1_19_15_11_12_47,197.0,0.9388515687598084,0.984466653016653,0.9990845197752282,0.4567788803816915,1.0,0.21264367816091953,0.8509387435633093,1.0,0.7254901960784313
198_00_0_00_1_89_22_21_2_24,198.0,0.8049201984585296,0.9528622843949477,0.9736064963271587,0.311401802447883,1.0,0.10150891632373114,0.0,0.0,0.0
199_00_1_06_1_35_6_62_12_91,199.0,0.894275437058951,0.9735361554054054,0.9607374990798121,0.3395845826409996,1.0,0.11974110032362459,0.7705272719278627,0.9324324324324325,0.6388888888888888
2_00_13_64_11_55_46_65_34_22,2.0,0.9672932965937848,0.9951527027027027,0.9878379093333333,0.9899494936611666,1.0,0.9866666666666667,0.9797297297297297,0.9864864864864865,0.9864864864864865
20_00_0_50_3_86_40_30_15_74,20.0,0.9364646954281567,0.9859438223938224,0.9392682576005029,0.8273651997362531,0.9324324324324325,0.75,0.8215102322688727,0.8243243243243243,0.8356164383561644
200_00_3_10_0_65_0_29_0_00,200.0,0.7209760379935926,0.9243219443323921,0.46784127298754696,0.04154553121130437,0.24324324324324326,0.014754098360655738,0.0,0.0,0.0
21_00_0_96_6_96_13_89_64_82,21.0,0.9671873557379342,0.9945138206388207,0.9833800253266644,0.9400967039725726,0.9864864864864865,0.9012345679012346,0.9162267314392603,0.9324324324324325,0.9078947368421053
21_00_6_49_5_58_65_22_8_31,21.0,0.9723588209631995,0.9948310810810811,0.9972097711362233,0.8968226954911935,1.0,0.8131868131868132,0.992900846022479,0.9864864864864865,1.0
22_00_1_00_8_60_82_87_39_03,22.0,0.9765970997085495,0.9967287896592244,0.9933291522869666,0.966349828371701,1.0,0.9367088607594937,0.9649306940618209,0.972972972972973,0.96
22_00_11_64_4_48_70_83_51_40,22.0,0.9757073457909387,0.9962148648648649,1.0,0.9599952651398387,1.0,0.925,1.0,1.0,1.0
23_00_2_15_8_94_3_73_9_79,23.0,0.9468955222545933,0.9862766328828829,0.9207544115327915,0.7815286096436337,0.8378378378378378,0.7469879518072289,0.7140500680079425,0.5945945945945946,0.88
23_00_3_20_4_54_58_38_45_70,23.0,0.9547847876874669,0.9917296171171172,0.9872239954894501,0.9132316764445154,1.0,0.8409090909090909,0.9133289864018603,0.9594594594594594,0.8765432098765432
24_00_2_24_5_87_72_22_40_62,24.0,0.9643930068574176,0.9932170810810811,0.9828530788956906,0.907985794077854,1.0,0.8314606741573034,0.9306068156175509,0.9459459459459459,0.9210526315789473
25_00_2_97_6_20_21_00_67_37,25.0,0.9738626342395031,0.9953858108108108,0.9818912285887264,0.9228236666171588,0.9864864864864865,0.8690476190476191,0.943140519157612,0.9324324324324325,0.9583333333333334
26_00_8_50_10_40_48_78_40_50,26.0,0.9800984346901137,0.9974597097097098,0.9954662415643541,0.9602683919693413,1.0,0.925,0.9723867950315314,0.9864864864864865,0.9605263157894737
27_00_0_00_8_21_5_42_17_01,27.0,0.9404862054485692,0.9874309845559845,0.9454656913290701,0.8281934982918105,0.9459459459459459,0.7368421052631579,0.7614927460728597,0.7432432432432432,0.7971014492753623
28_00_6_04_11_69_5_92_18_30,28.0,0.9548821979378401,0.9896938490214352,0.9448960252672512,0.8067940492105635,0.8513513513513513,0.7777777777777778,0.7667813977737556,0.7027027027027027,0.8524590163934426
29_00_1_61_7_29_73_12_13_59,29.0,0.9749206785838272,0.9965862162162162,0.9959258985813818,0.966709060515228,1.0,0.9367088607594937,0.9724937018069452,0.9864864864864865,0.9605263157894737
3_00_4_45_11_36_12_41_41_29,3.0,0.9424107683195142,0.9858253378378379,0.9755977934261044,0.9486832980505139,1.0,0.925,0.9731333086479987,0.9864864864864865,0.9733333333333334
3_00_6_36_10_10_38_36_53_64,3.0,0.9460924786005408,0.9881804054054054,0.9828527654549395,0.9568760705263727,1.0,0.9367088607594937,0.9822994862575031,1.0,0.9736842105263158
30_00_4_57_4_32_53_47_22_81,30.0,0.9652322611626761,0.9938693984306888,0.9881932291182468,0.9141149055813829,1.0,0.8409090909090909,0.9449541571940229,0.9594594594594594,0.9342105263157895
31_00_2_57_8_37_55_93_13_06,31.0,0.9733060875987001,0.9951750422297297,0.995231208732479,0.9088585817995916,1.0,0.8314606741573034,0.9660007794091644,0.9864864864864865,0.948051948051948
32_00_0_00_13_69_4_03_33_51,32.0,0.9648717074173606,0.992347502047502,0.9650987822440634,0.8529784750575858,0.9459459459459459,0.7777777777777778,0.8135982104480595,0.7432432432432432,0.9016393442622951
32_00_3_68_11_43_7_29_7_89,32.0,0.9536125474459043,0.9896233415233415,0.9482809870608218,0.78922996626109,0.8378378378378378,0.7560975609756098,0.6751203452283545,0.5945945945945946,0.7857142857142857
33_00_0_88_4_49_5_91_16_41,33.0,0.961949134812567,0.9934573926868044,0.9847468096266886,0.8986243973573205,1.0,0.8131868131868132,0.8388499443893781,0.8378378378378378,0.8493150684931506
34_00_4_42_6_01_38_14_16_18,34.0,0.9802495233777453,0.9976155598455598,0.9840679381792852,0.9516515464228843,0.9594594594594594,0.9466666666666667,0.9210083846377113,0.8783783783783784,0.9701492537313433
35_00_2_28_7_32_11_41_9_78,35.0,0.9608982390195138,0.9912881006006006,0.9360756858948435,0.7815767595516708,0.8243243243243243,0.7530864197530864,0.7191571092708596,0.6081081081081081,0.8653846153846154
35_00_3_10_8_84_11_89_27_17,35.0,0.9625244765772907,0.9931076201201201,0.9814402869646364,0.8812230151852594,0.9864864864864865,0.7934782608695652,0.8671024464667894,0.8648648648648649,0.8767123287671232
36_00_2_15_5_63_8_62_45_17,36.0,0.9674438656817039,0.9939565376186997,0.9757454280259404,0.8639657253618788,0.972972972972973,0.7741935483870968,0.9071936241599208,0.9459459459459459,0.875
37_00_14_80_2_89_15_49_34_73,37.0,0.9688684128644097,0.9934070768136558,0.9633967770437684,0.8458931415964578,0.9324324324324325,0.7752808988764045,0.838908433061749,0.7837837837837838,0.90625
37_00_2_73_4_78_19_82_41_02,37.0,0.9844434046281947,0.9987611664295875,0.9975946505805314,0.9726940082233639,0.9864864864864865,0.9605263157894737,0.9650970753334699,0.9594594594594594,0.9726027397260274
37_00_3_47_7_62_8_75_11_62,37.0,0.9682881897780597,0.9943624110953059,0.9644147556002428,0.8792742190425192,0.9459459459459459,0.8235294117647058,0.8828221407007784,0.8918918918918919,0.88
38_00_0_69_6_69_5_61_12_52,38.0,0.9563282553144176,0.990685446985447,0.97029818992663,0.8356335132547231,0.9864864864864865,0.7156862745098039,0.8221198537997313,0.8378378378378378,0.8157894736842105
38_00_5_02_3_27_5_40_4_26,38.0,0.8858371895099647,0.9742284476784476,0.7079427176530739,0.5572923354111236,0.5405405405405406,0.5970149253731343,0.0,0.0,0.0
39_00_8_47_7_40_19_22_10_17,39.0,0.9659287299395335,0.9935139189189189,0.9646640868084886,0.8638211392826876,0.9459459459459459,0.7954545454545454,0.843758383779448,0.8243243243243243,0.8714285714285714
4_00_7_11_10_02_77_59_71_55,4.0,0.9805313832447307,0.9972945945945946,0.9938230881280508,0.9916316520429012,1.0,0.9866666666666667,0.9831081081081081,0.9864864864864865,0.9864864864864865
4_00_8_12_10_38_76_22_31_68,4.0,0.9788804270077388,0.9964137837837838,0.9938230881280508,0.9834151021607787,1.0,0.9736842105263158,0.9831081081081081,0.9864864864864865,0.9864864864864865
40_00_4_49_1_89_11_07_7_47,40.0,0.9557671617461271,0.9903052076466711,0.946121524435394,0.8003022193504782,0.9459459459459459,0.6862745098039216,0.7895334456152362,0.7837837837837838,0.8055555555555556
40_00_4_80_4_62_37_76_6_94,40.0,0.9745904660355361,0.9963279828609097,0.9903471599369749,0.9149180737249882,0.9594594594594594,0.8765432098765432,0.8931492021079634,0.8648648648648649,0.927536231884058
41_00_1_72_4_09_14_10_63_55,41.0,0.9652150091723679,0.9937566602316602,0.9876880960112375,0.8795202333213069,1.0,0.7789473684210526,0.9255312539767306,0.9459459459459459,0.9090909090909091
42_00_4_85_6_42_26_80_38_70,42.0,0.9754554475622028,0.9962565681961031,0.9915079492979778,0.9258200997725514,1.0,0.8604651162790697,0.9402562556839933,0.972972972972973,0.9113924050632911
43_00_0_00_6_76_4_88_5_25,43.0,0.9591060789100952,0.9922683968058968,0.9312205902832458,0.8021948849955978,0.8648648648648649,0.7529411764705882,0.5119620084522551,0.32432432432432434,0.8275862068965517
43_00_0_00_9_37_19_67_5_32,43.0,0.962582068338005,0.9924786855036855,0.9495962132168722,0.8102021143647864,0.8783783783783784,0.7558139534883721,0.7885633767329283,0.7432432432432432,0.8461538461538461
43_00_1_86_3_44_4_83_58_24,43.0,0.9766561161291041,0.9970974201474202,0.9937770346057576,0.9342386352859452,0.972972972972973,0.9,0.9308610936517914,0.9324324324324325,0.9324324324324325
43_00_3_58_8_14_43_09_31_32,43.0,0.9743448976118425,0.995971375921376,0.9882465807236248,0.8948221474181458,0.972972972972973,0.8275862068965517,0.9268958039603534,0.9594594594594594,0.8987341772151899
44_00_0_08_5_56_16_52_28_80,44.0,0.973307254972158,0.9958062462462463,0.9804144692481057,0.8909589142094686,0.9054054054054054,0.881578947368421,0.8856994728455659,0.8513513513513513,0.9264705882352942
44_00_4_60_4_79_15_42_4_80,44.0,0.9480132265534823,0.9889093093093093,0.9702812461406272,0.785947460758886,0.9864864864864865,0.6347826086956522,0.82915619758885,0.918918918918919,0.7555555555555555
45_00_11_27_2_53_52_32_6_84,45.0,0.9759382148424633,0.9965814336075206,0.9793041821477607,0.9151567760919689,0.9594594594594594,0.8765432098765432,0.9171171171171171,0.918918918918919,0.918918918918919
46_00_1_85_5_31_2_48_20_17,46.0,0.9659695140749757,0.993393645773433,0.9728518952364315,0.8220752064040194,0.9459459459459459,0.7216494845360825,0.8426318445783105,0.8108108108108109,0.8823529411764706
46_00_3_70_3_86_25_24_75_35,46.0,0.9825044761624111,0.9986595169637723,0.9993530730299084,0.9798938625846743,1.0,0.961038961038961,0.9931650475093265,1.0,0.9866666666666667
46_00_6_75_4_15_43_57_21_13,46.0,0.9684606528433585,0.9945349626221966,0.9831799540146513,0.8524739544473877,0.9594594594594594,0.7634408602150538,0.8868987903488,0.8648648648648649,0.9142857142857143
47_00_0_00_7_39_33_49_9_44,47.0,0.9567350698628446,0.9916048986486486,0.9791650214687821,0.8237032218195663,1.0,0.6851851851851852,0.8567804421217218,0.9324324324324325,0.7931034482758621
48_00_1_59_2_73_4_46_29_77,48.0,0.9578729732770139,0.9913892719249862,0.9483940483551638,0.8048997880186434,0.9594594594594594,0.6826923076923077,0.7718092985905023,0.7972972972972973,0.7564102564102564
49_00_1_99_4_53_35_10_24_32,49.0,0.9819757126762365,0.9980444594594594,0.9914985164563376,0.9358055105539377,0.9864864864864865,0.8902439024390244,0.9509714818096768,0.9324324324324325,0.971830985915493
5_00_4_31_10_50_55_73_14_67,5.0,0.9555771367518244,0.9906939189189189,0.9801835558820504,0.9612755239323387,1.0,0.9367088607594937,0.9592710065516595,0.9594594594594594,0.9726027397260274
5_00_4_73_11_26_98_38_59_75,5.0,0.9771803462106136,0.9970862612612612,0.994569102341043,0.9919677414109795,1.0,0.9866666666666667,0.9919677414109795,1.0,0.9866666666666667
50_00_0_00_3_54_30_88_7_87,50.0,0.9723334440644961,0.9949974827768946,0.9769173899043185,0.8364595591887876,0.9054054054054054,0.7790697674418605,0.7538205778325774,0.6351351351351351,0.9038461538461539
51_00_2_86_6_83_20_34_29_60,51.0,0.9665188044037903,0.9943636174636175,0.9912363809597671,0.870768232967174,1.0,0.7628865979381443,0.9271633567369907,0.9594594594594594,0.8987341772151899
51_00_3_68_3_82_47_05_6_54,51.0,0.9675711805351288,0.994470945945946,0.9844460695298255,0.8726503464197286,0.9864864864864865,0.776595744680851,0.8912957996808094,0.9054054054054054,0.881578947368421
52_00_2_33_4_42_40_59_49_71,52.0,0.978251797351538,0.997501070882203,0.9977074617170775,0.9489799006208529,1.0,0.9024390243902439,0.9735151541830579,1.0,0.9487179487179487
53_00_0_00_2_70_21_30_15_66,53.0,0.9399461905628829,0.9856738988988989,0.973753746492025,0.6810637913483115,0.9864864864864865,0.48026315789473684,0.8652330407067516,0.972972972972973,0.7741935483870968
53_00_0_60_15_22_9_38_24_83,53.0,0.9350514925818292,0.9898062062062062,0.9204626549686175,0.6851801650695373,0.6621621621621622,0.7205882352941176,0.5648079649386556,0.3918918918918919,0.8285714285714286
54_00_3_14_6_15_3_28_4_83,54.0,0.9571309033501207,0.9926359213759214,0.9349316600021423,0.7522522522522522,0.7567567567567568,0.7567567567567568,0.6874019965209045,0.527027027027027,0.9069767441860465
55_00_0_36_4_48_23_00_37_63,55.0,0.9747965437171887,0.9955056467181467,0.9821070346089759,0.8377153288756828,0.9324324324324325,0.7582417582417582,0.8335310124868666,0.7837837837837838,0.8923076923076924
55_00_6_09_3_52_2_80_15_16,55.0,0.9460236260413701,0.9914587355212355,0.9886135616357349,0.8598558845008638,0.918918918918919,0.8095238095238095,0.6594657120265702,0.5,0.8809523809523809
56_00_1_53_6_81_15_03_50_43,56.0,0.9748046040688915,0.996336036036036,0.9920106035907864,0.9081127794904986,0.9864864864864865,0.8390804597701149,0.9286899572926003,0.972972972972973,0.8888888888888888
57_00_0_53_1_94_18_61_12_64,57.0,0.9722418949214724,0.9959458294501398,0.9754590309233895,0.8931612130429119,0.918918918918919,0.8717948717948718,0.811781343015776,0.6891891891891891,0.9622641509433962
58_00_0_00_2_13_16_83_21_84,58.0,0.9442603629721441,0.9905793861658269,0.950754193620098,0.7553889889071324,0.9054054054054054,0.638095238095238,0.7553739211884424,0.6891891891891891,0.8360655737704918
59_00_0_84_1_91_34_41_10_20,59.0,0.9571573927970324,0.9905447747747748,0.9964592372468347,0.7649083250708623,1.0,0.592,0.9601835653906028,0.9864864864864865,0.9358974358974359
6_00_7_80_13_47_53_60_62_63,6.0,0.9877512016734886,0.9996611969111969,1.0,1.0,1.0,1.0,0.9841797932648546,0.972972972972973,1.0
60_00_5_49_1_95_6_14_31_56,60.0,0.9576235137395193,0.9910563358440407,0.980101150213095,0.7778794371448459,1.0,0.6115702479338843,0.8238143349243349,0.8378378378378378,0.8157894736842105
61_00_0_88_4_66_1_29_15_36,61.0,0.9229491750758618,0.9861359633827376,0.950535134606731,0.7424027583423259,0.9594594594594594,0.5819672131147541,0.5421360714155781,0.2972972972972973,1.0
62_00_4_26_5_77_33_09_23_15,62.0,0.975674511768731,0.9960914414414415,0.981288477273846,0.8778964428980593,0.9864864864864865,0.7849462365591398,0.8901482127288579,0.8918918918918919,0.8918918918918919
62_00_5_67_5_76_18_69_63_81,62.0,0.961493767577061,0.9933415486915487,0.9922946557041611,0.8366600265340756,1.0,0.7047619047619048,0.9000964933108402,1.0,0.8131868131868132
63_00_1_23_2_79_4_71_3_76,63.0,0.8821549425181036,0.9761963471283783,0.8505355636542802,0.6244871236401939,0.7837837837837838,0.5087719298245614,0.4653388078965689,0.28378378378378377,0.7777777777777778
64_00_3_44_7_03_56_49_15_10,64.0,0.9778845834149605,0.9973188565488565,0.9981332988107122,0.9319689782769534,1.0,0.8705882352941177,0.9551072914974552,1.0,0.9135802469135802
65_00_1_39_3_54_24_95_24_83,65.0,0.9666545914257146,0.9942400081900082,0.9935661341948047,0.8535575835071284,1.0,0.7326732673267327,0.9044392421197655,0.9594594594594594,0.8554216867469879
66_00_5_75_2_08_42_63_20_49,66.0,0.9681061885275353,0.9949073215006051,0.9886834497976771,0.8623506289700095,1.0,0.7474747474747475,0.8533163561129419,0.8783783783783784,0.8333333333333334
67_00_0_37_2_73_35_47_3_47,67.0,0.9717785193077398,0.995987658982512,0.9877000268702237,0.9083904921990426,0.9864864864864865,0.8390804597701149,0.7945034025082981,0.7297297297297297,0.8709677419354839
68_00_0_15_3_83_31_61_3_95,68.0,0.9678319532365062,0.994930963572268,0.9912106834345374,0.8714353883926891,1.0,0.7628865979381443,0.8842372691040219,0.8918918918918919,0.88
68_00_3_45_2_23_7_03_37_62,68.0,0.9555958173438003,0.9915646886016452,0.9642947155986333,0.763316346524042,0.972972972972973,0.6050420168067226,0.8008332646939953,0.8513513513513513,0.7590361445783133
68_00_4_44_1_58_20_03_8_48,68.0,0.9638105597891368,0.9933215236976106,0.9863765621893231,0.8024729579850112,1.0,0.6491228070175439,0.8424327089680809,0.8783783783783784,0.8125
69_00_0_00_1_18_3_70_9_02,69.0,0.9295585756437408,0.9867729343629343,0.9018529051836245,0.6707138875720398,0.8648648648648649,0.5289256198347108,0.45686570488753386,0.25675675675675674,0.8260869565217391
69_00_1_30_2_88_9_35_34_51,69.0,0.9741941710541495,0.9963767953667954,0.9943693433124547,0.8903583770495784,1.0,0.7956989247311828,0.9387377168282908,0.9459459459459459,0.9333333333333333
7_00_6_09_14_50_64_82_69_66,7.0,0.9688750924437722,0.9934258445945946,0.9960628734729937,0.9631548522638618,1.0,0.9367088607594937,0.9702535449004767,1.0,0.9487179487179487
70_00_1_37_1_29_29_88_34_79,70.0,0.9610777773350427,0.992667091739627,0.9460436563461795,0.7908886203618487,0.9594594594594594,0.6574074074074074,0.8595238095238096,0.8378378378378378,0.8857142857142857
71_00_0_28_2_69_23_91_10_19,71.0,0.9645013077634289,0.9950296546546546,0.9522463863978721,0.8056332631287412,0.7972972972972973,0.8194444444444444,0.6725199133167847,0.527027027027027,0.8666666666666667
71_00_0_71_2_64_3_23_4_77,71.0,0.8588465759282988,0.9696569256756756,0.9416744925786305,0.5733861164575969,0.9864864864864865,0.3427230046948357,0.3914099563994308,0.1891891891891892,0.8235294117647058
72_00_2_09_3_57_7_20_12_88,72.0,0.950408157836386,0.9900071640133284,0.9727801014955372,0.7582439435935565,0.9864864864864865,0.5887096774193549,0.7565894265189216,0.6486486486486487,0.8888888888888888
72_00_6_96_5_27_54_16_4_62,72.0,0.9635934400022568,0.9937470011106997,0.9925254162634233,0.8174238913695991,1.0,0.6727272727272727,0.8831854595458617,0.9594594594594594,0.8160919540229885
73_00_0_60_4_44_16_98_16_09,73.0,0.9687044600342845,0.9944945032870709,0.9815674127820628,0.7954525498161217,0.918918918918919,0.6938775510204082,0.7387220589266178,0.6216216216216216,0.8846153846153846
74_00_0_94_2_68_34_22_6_73,74.0,0.9790676993494285,0.9973608648648649,0.9927258083592835,0.9085242014440473,0.9864864864864865,0.8390804597701149,0.8723991887090311,0.8378378378378378,0.9117647058823529
75_00_1_15_5_61_25_65_18_33,75.0,0.9756603114475199,0.9963814011379801,0.9928220174911541,0.8626168002698209,1.0,0.7474747474747475,0.9028234231182517,0.9459459459459459,0.8641975308641975
76_00_2_74_2_86_4_00_9_38,76.0,0.9227715786600723,0.9891292558792559,0.9685693289185671,0.7326122514953923,0.7702702702702703,0.7037037037037037,0.5212353360081252,0.3108108108108108,0.8846153846153846
77_00_3_17_1_92_17_31_13_99,77.0,0.9692373402554914,0.9950322418572418,0.985236975921761,0.794820002949516,0.8648648648648649,0.735632183908046,0.7562880032410639,0.6891891891891891,0.8360655737704918
78_00_1_75_5_11_3_16_49_54,78.0,0.9791181911705741,0.9974307560725282,0.9976986502663777,0.8954548927126051,1.0,0.8043478260869565,0.9612691930663656,1.0,0.925
79_00_3_20_5_27_8_09_20_46,79.0,0.9100231980371718,0.9820420777027027,0.9540199295235448,0.6471889081872608,0.9864864864864865,0.4319526627218935,0.599132325927254,0.4594594594594595,0.7906976744186046
8_00_2_40_9_87_66_46_34_50,8.0,0.9691621731128868,0.9944704204204204,0.9929667068844898,0.970725343394151,1.0,0.9487179487179487,0.9773578804081641,0.9864864864864865,0.9733333333333334
80_00_3_13_6_15_3_44_3_96,80.0,0.8585019426885133,0.9726591925258592,0.936539120294953,0.638257553915583,0.8918918918918919,0.4647887323943662,0.0,0.0,0.0
81_00_3_00_7_40_52_17_38_41,81.0,0.9640518319143232,0.9932058998022413,0.9985221678729722,0.8029887856129931,1.0,0.6491228070175439,0.96743345438852,1.0,0.9367088607594937
82_00_3_09_6_78_11_16_7_93,82.0,0.8831683579818702,0.9745970205144904,0.9708016494390104,0.5729489593129802,1.0,0.33636363636363636,0.695072643273356,0.6891891891891891,0.7083333333333334
83_00_0_00_4_21_9_38_36_80,83.0,0.9675131047744638,0.99522425997426,0.983505280815366,0.8348302461385652,0.972972972972973,0.72,0.8804266776135654,0.9054054054054054,0.8589743589743589
83_00_1_15_4_33_26_81_2_61,83.0,0.9660246023016622,0.9950054054054054,0.9789192589058737,0.8758199048658925,0.972972972972973,0.7912087912087912,0.8632367307066102,0.8648648648648649,0.8648648648648649
83_00_3_14_4_66_2_77_7_21,83.0,0.8765054491353125,0.9752824002574002,0.9023402978909753,0.593152120088879,0.8243243243243243,0.4357142857142857,0.0,0.0,0.0
83_00_4_17_0_92_6_02_8_40,83.0,0.8431912153788947,0.9672556628056628,0.8550590364034405,0.5252108824889042,0.8243243243243243,0.3446327683615819,0.0,0.0,0.0
84_00_0_00_4_59_21_03_14_40,84.0,0.9285287137435524,0.9871769157392687,0.970320508547323,0.733228296926834,0.972972972972973,0.5581395348837209,0.7282479501456129,0.5945945945945946,0.8979591836734694
84_00_0_41_0_00_29_54_5_95,84.0,0.959100159445895,0.9923509697933227,0.9811130720713361,0.7600717310691496,1.0,0.5826771653543307,0.8140985275615061,0.9054054054054054,0.7362637362637363
84_00_4_97_1_65_4_14_26_40,84.0,0.9485658175991382,0.9887364069952306,0.9605523778007096,0.6907701154418383,0.9864864864864865,0.4899328859060403,0.7293795964677634,0.6756756756756757,0.7936507936507936
85_00_0_00_3_30_13_48_20_06,85.0,0.9743480900825688,0.9962950031426776,0.9883485851163669,0.8598715228325058,0.9864864864864865,0.7525773195876289,0.8769475357710652,0.8783783783783784,0.8783783783783784
86_00_0_70_4_04_15_53_3_01,86.0,0.9200359275523733,0.9860801180490836,0.9714545895942185,0.7063028480978817,0.9594594594594594,0.5259259259259259,0.5703345011956333,0.36486486486486486,0.9
86_00_0_94_1_10_14_88_53_00,86.0,0.9774758493760154,0.997572771046909,0.997214972157549,0.9213236181181537,1.0,0.8505747126436781,0.9422143191103788,0.9864864864864865,0.9012345679012346
86_00_2_30_1_62_17_93_3_67,86.0,0.9438231736691384,0.9883868126747437,0.9871283797697585,0.6981703663613319,1.0,0.49333333333333335,0.8359522313010685,0.8378378378378378,0.8378378378378378
86_00_3_09_5_60_37_27_48_93,86.0,0.9679174857751089,0.9946593196644921,0.9951263426125746,0.8255450004715779,1.0,0.6851851851851852,0.9470759992335166,0.972972972972973,0.9230769230769231
87_00_0_08_10_08_5_38_22_88,87.0,0.8562044693848664,0.9694872082309582,0.9680254676301951,0.5873134216769467,1.0,0.3523809523809524,0.4136582288706857,0.25675675675675674,0.6785714285714286
88_00_2_11_1_84_3_28_2_31,88.0,0.8245238443549782,0.9639024142119648,0.9078774035575015,0.574878929428807,0.8783783783783784,0.38461538461538464,0.0,0.0,0.0
89_00_2_10_2_42_4_01_24_19,89.0,0.9725472285499027,0.9958811561561561,0.980858405244343,0.8554849120442818,0.9864864864864865,0.7448979591836735,0.8869212194880052,0.8513513513513513,0.9264705882352942
9_00_6_39_8_89_19_88_90_76,9.0,0.9655568111010321,0.9939935135135135,0.9874088025362837,0.9641973407736577,1.0,0.9367088607594937,0.9555947978093149,0.972972972972973,0.9473684210526315
90_00_3_02_6_95_54_08_2_61,90.0,0.9761380916943613,0.9969889515889516,0.9923465235780125,0.8636054118972062,0.9594594594594594,0.7802197802197802,0.881676039057164,0.8648648648648649,0.9014084507042254
90_00_5_39_1_66_5_80_23_14,90.0,0.8587328742598633,0.9721876150876151,0.9073665601225857,0.5732710774896947,0.8783783783783784,0.38235294117647056,0.3332845678236774,0.13513513513513514,0.8333333333333334
91_00_0_00_1_37_25_92_3_66,91.0,0.9609207704737177,0.9922698296122209,0.9782592618139079,0.7559444422333467,0.9864864864864865,0.584,0.8652603499142194,0.8783783783783784,0.8552631578947368
91_00_0_30_0_56_6_08_3_72,91.0,0.8565861769310548,0.9645479582843713,0.9562613039697585,0.4530276727597283,1.0,0.2138728323699422,0.683797082728004,0.581081081081081,0.8113207547169812
91_00_1_67_3_84_3_81_12_24,91.0,0.8670542173793179,0.9716999559341951,0.9140006400885273,0.5361284133440196,0.9324324324324325,0.3165137614678899,0.2502124020261363,0.12162162162162163,0.5294117647058824
92_00_2_71_3_35_19_40_30_55,92.0,0.9735786783133538,0.9960703574542284,0.9905769510139136,0.8458050832901013,1.0,0.7184466019417476,0.8769413010421866,0.918918918918919,0.8395061728395061
93_00_0_69_0_91_2_27_27_25,93.0,0.9434458648133107,0.9885616589994249,0.9646885659402479,0.68126449087554,0.9594594594594594,0.4896551724137931,0.7148696322316916,0.6621621621621622,0.7777777777777778
94_00_1_70_2_95_27_42_3_39,94.0,0.964079110031201,0.9940670839260313,0.9885683764930947,0.8180743535700482,1.0,0.6727272727272727,0.9030913234989218,0.9459459459459459,0.8641975308641975
94_00_1_87_2_82_17_19_18_49,94.0,0.9744941291464466,0.9962065433854908,0.9821747499789851,0.8588998664646595,0.9594594594594594,0.7717391304347826,0.8134805817458891,0.7027027027027027,0.9454545454545454
95_00_0_00_6_60_19_15_3_58,95.0,0.9503349677124767,0.991438499436937,0.977359468587061,0.7644395110269454,0.972972972972973,0.6050420168067226,0.6705627393116391,0.6216216216216216,0.7301587301587301
95_00_1_16_2_85_19_48_11_32,95.0,0.9481498431620305,0.992246044481982,0.9795019571088521,0.7507213266125558,0.918918918918919,0.6181818181818182,0.6407976938542678,0.47297297297297297,0.875
96_00_0_81_2_01_21_67_1_58,96.0,0.9616511047004613,0.9925735859570911,0.9897010975653888,0.7428122576568815,1.0,0.556390977443609,0.8352988261695107,0.8648648648648649,0.810126582278481
96_00_7_79_1_21_14_04_21_46,96.0,0.8724463894054744,0.9799612287545277,0.9797139430150299,0.7176558688899375,0.9594594594594594,0.5419847328244275,0.6511177969325322,0.4864864864864865,0.8780487804878049
97_00_1_40_1_09_37_43_2_87,97.0,0.8693312517245804,0.9741412713734142,0.9749275367219079,0.5585199577385945,1.0,0.31896551724137934,0.49338667533581354,0.2702702702702703,0.9090909090909091
98_00_0_66_3_51_17_58_7_66,98.0,0.9702375809828332,0.995619696969697,0.9874650487099894,0.8589650447948919,0.9594594594594594,0.7717391304347826,0.849296335104817,0.7972972972972973,0.9076923076923077
99_00_0_84_0_65_4_76_19_81,99.0,0.9176532076545251,0.9829250945945947,0.9691511873124701,0.6174520428552187,1.0,0.387434554973822,0.7162379865815449,0.6891891891891891,0.75
