Name,CI,LSR,BSL,HMS,MCC_5,TPR_5,PPV_5,MCC_9,TPR_9,PPV_9
oc_12_10000_1000_1_0_p019_0710_1,2.742667404537908,0.9096737420169521,0.977035901227266,0.9252709356339147,0.9257072419752863,0.975650249031544,0.9172736732570239,0.93587501380157,0.9435528500276702,0.9621896162528216
oc_12_10000_1000_1_0_p019_0770_1,2.8450057405281286,0.9009073963870463,0.9759651388474171,0.9224458352793443,0.9287554723715112,0.978760045924225,0.9176533907427341,0.9323193695483425,0.9454649827784156,0.9542294322132098
oc_12_10000_1000_1_0_p019_0800_1,2.9290780141843973,0.9108480478992632,0.9784563628158844,0.9230699306792035,0.9322579029541072,0.9686761229314421,0.93125,0.9289215426180784,0.932033096926714,0.9615853658536585
oc_12_10000_1000_1_0_p019_0830_1,3.047970479704797,0.8971314782945231,0.9731076116681859,0.9100844725266224,0.9107618137878604,0.971709717097171,0.8967082860385925,0.9239530523206461,0.931119311193112,0.9540012602394455
oc_12_10000_1000_1_0_p019_0870_1,3.286472148541114,0.9023967012639336,0.9747879176980198,0.9224614285000821,0.9149521515348846,0.9754641909814323,0.8969512195121951,0.9339745884110874,0.9423076923076923,0.9562584118438762
oc_12_10000_1000_1_0_p019_0880_1,3.3714285714285714,0.9085439572686766,0.9771957671957672,0.9213651415419382,0.9228234031512754,0.9755102040816327,0.9075949367088607,0.9273887359244418,0.9380952380952381,0.949724517906336
oc_12_10000_1000_1_0_p019_0900_1,3.591304347826087,0.9008522507325235,0.975003125,0.917215385606378,0.9142875087798046,0.9739130434782609,0.8948069241011984,0.9254769031181297,0.9333333333333333,0.9498525073746312
oc_12_10000_1000_1_0_p019_0920_1,4.009708737864078,0.9020139570520378,0.9750325258397933,0.9080049796310086,0.9054510570974053,0.9652103559870551,0.8863298662704309,0.9122254524337409,0.9150485436893204,0.9440734557595993
oc_12_10000_1500_1_5_p019_0710_1,2.742667404537908,0.8710549417506575,0.9641905367440485,0.8745569397090486,0.886130079932159,0.9518539014941892,0.884318766066838,0.9030597729180353,0.9031543995572773,0.9538281706604325
oc_12_10000_1500_1_5_p019_0770_1,2.8450057405281286,0.8589313712683472,0.9609130337414153,0.8620312727778644,0.872278617626137,0.9512055109070034,0.8643714136671883,0.8819361696862134,0.8777267508610792,0.9461633663366337
oc_12_10000_1500_1_5_p019_0800_1,2.9290780141843973,0.8694509199878486,0.9643431257521059,0.865254909547729,0.8795188344661147,0.9414893617021277,0.8815716657443277,0.8836654138934718,0.8723404255319149,0.9528728211749515
oc_12_10000_1500_1_5_p019_0830_1,3.047970479704797,0.8518763415739609,0.9576109845031905,0.8548127678811451,0.8571862536603001,0.949569495694957,0.8418756815703381,0.8837201612249468,0.8868388683886839,0.9369720597790773
oc_12_10000_1500_1_5_p019_0870_1,3.286472148541114,0.8698377174383529,0.9632785426980198,0.8584828291898313,0.8690880882345005,0.9389920424403183,0.863941427699817,0.8751850718936138,0.8521220159151194,0.9553903345724907
oc_12_10000_1500_1_5_p019_0880_1,3.3714285714285714,0.8680703160738831,0.9633201525054467,0.8538481419659409,0.869388344554773,0.935374149659864,0.8664146187775678,0.8730752441268231,0.854421768707483,0.9486404833836858
oc_12_10000_1500_1_5_p019_0900_1,3.591304347826087,0.8540678732302062,0.9581601167929293,0.8434423805244127,0.8478313505888476,0.936231884057971,0.8319381841596909,0.8685120146268478,0.8565217391304348,0.936608557844691
oc_12_10000_1500_1_5_p019_0920_1,4.009708737864078,0.8462752263456622,0.9580994832041344,0.8326916484777838,0.8387153371038437,0.9255663430420712,0.822429906542056,0.8421703478753807,0.8276699029126213,0.9183123877917415
oc_12_10000_2000_2_0_p019_0710_1,2.742667404537908,0.8524681737981674,0.9580194292473754,0.824090263018563,0.8601627563632682,0.9103486441615938,0.8858373721055466,0.8378337936466593,0.7791920309905921,0.9818688981868898
oc_12_10000_2000_2_0_p019_0770_1,2.8450057405281286,0.8477700805871947,0.9565806509405793,0.8289187108574927,0.8588199681012015,0.925947187141217,0.8681377825618946,0.8302320791447823,0.7784156142365097,0.9685714285714285
oc_12_10000_2000_2_0_p019_0800_1,2.9290780141843973,0.8354608130511014,0.9529938778580024,0.8092290396384019,0.8373520128361397,0.9101654846335697,0.850828729281768,0.8236132124346007,0.7695035460992907,0.9658753709198813
oc_12_10000_2000_2_0_p019_0830_1,3.047970479704797,0.8225837975519066,0.9480403980553024,0.789188311059269,0.814590447587827,0.8997539975399754,0.8260869565217391,0.8117378293136406,0.7607626076260763,0.9537393986121819
oc_12_10000_2000_2_0_p019_0870_1,3.286472148541114,0.8457894655470388,0.9563110303217822,0.813974059178918,0.8379249296056865,0.9025198938992043,0.8516896120150188,0.8008850623540587,0.7234748010610079,0.9723707664884136
oc_12_10000_2000_2_0_p019_0880_1,3.3714285714285714,0.8412282871354132,0.9549734360410831,0.8036435591619322,0.8387374827925932,0.8952380952380953,0.8578878748370273,0.7995153361472721,0.7244897959183674,0.9673024523160763
oc_12_10000_2000_2_0_p019_0900_1,3.591304347826087,0.835339207975155,0.9518906565656565,0.7922255786581309,0.8180720209537524,0.8942028985507247,0.8254180602006689,0.8023290807960501,0.7340579710144928,0.9574669187145558
oc_12_10000_2000_2_0_p019_0920_1,4.009708737864078,0.8331863738084373,0.9514979489664083,0.7793998592196902,0.7987506632721748,0.8794498381877023,0.8033998521803399,0.7880376919557583,0.7176375404530745,0.9446219382321619
oc_12_10000_2500_2_6_p019_0710_1,2.898245614035088,0.8484592356788566,0.9577335133513352,0.8209876949739905,0.8557603745274805,0.904093567251462,0.882420091324201,0.7830757286412672,0.6947368421052632,0.9834437086092715
oc_12_10000_2500_2_6_p019_0770_1,2.996372430471584,0.8500334733657212,0.9584160060514372,0.8208304524363126,0.8560790906556958,0.8960096735187424,0.8884892086330936,0.7912063522116916,0.7097944377267231,0.97751873438801
oc_12_10000_2500_2_6_p019_0800_1,3.089775561097257,0.8294961984399182,0.9512629420731707,0.7832338162662409,0.8160381275488031,0.8672069825436409,0.8554735547355473,0.7754426723581249,0.6882793017456359,0.9735449735449735
oc_12_10000_2500_2_6_p019_0830_1,3.205692108667529,0.8352308777376916,0.953861304214088,0.7943996533194976,0.8395423264847081,0.8771021992238034,0.8782383419689119,0.7680855267006015,0.6720569210866753,0.9774223894637818
oc_12_10000_2500_2_6_p019_0870_1,3.4852320675105486,0.8411462904306037,0.955828582627783,0.7979190030406582,0.8420654374282339,0.8734177215189873,0.8808510638297873,0.7443703499914992,0.6336146272855133,0.9761646803900325
oc_12_10000_2500_2_6_p019_0880_1,3.552688172043011,0.8278060524225014,0.9511240906943789,0.763080460733305,0.8116521774958262,0.8358422939068101,0.8688524590163934,0.7152216005276512,0.592831541218638,0.9729411764705882
oc_12_10000_2500_2_6_p019_0900_1,3.786096256684492,0.8551811968319591,0.9592050279329609,0.8061018951918756,0.8349672154109862,0.8586707410236822,0.8794992175273866,0.7144488849794072,0.5760122230710466,0.989501312335958
oc_12_10000_2500_2_6_p019_0920_1,4.2107051826678,0.8539384888727,0.9595037828142834,0.7961595122581635,0.8327440433417603,0.8564146134239592,0.8727272727272727,0.7129723186454319,0.5683942225998301,0.9896449704142012
oc_12_10000_3000_3_1_p019_0710_1,3.480337078651685,0.8647784433479777,0.9629861128526646,0.8346357271605196,0.8625775972370986,0.8785112359550562,0.9071791153009428,0.7792217904180314,0.6818820224719101,0.9798183652875883
oc_12_10000_3000_3_1_p019_0770_1,3.6201607012417822,0.8630034296740207,0.9628416126482213,0.8270768812331145,0.8580030694707032,0.8765522279035792,0.900225056264066,0.7739328847908032,0.6785975164353543,0.9717573221757322
oc_12_10000_3000_3_1_p019_0800_1,3.777439024390244,0.853958748314494,0.9593318283343969,0.8086671762663367,0.8447140770919669,0.8765243902439024,0.8778625954198473,0.7714453493730103,0.6737804878048781,0.9703622392974753
oc_12_10000_3000_3_1_p019_0830_1,3.9584664536741214,0.8575033074156948,0.9614477770618557,0.8198778858608187,0.8559884129112524,0.865814696485623,0.9033333333333333,0.739810281448072,0.6182108626198083,0.9785082174462706
oc_12_10000_3000_3_1_p019_0870_1,4.3321678321678325,0.8541282011748703,0.9590303114754098,0.7894063765491397,0.8300944942709575,0.8548951048951049,0.8685612788632326,0.7411353273640258,0.6171328671328671,0.9764868603042877
oc_12_10000_3000_3_1_p019_0880_1,4.489130434782608,0.8668032108269166,0.9641997359735973,0.8156724609534778,0.8553908341956505,0.8532608695652174,0.9092664092664092,0.7256281736704067,0.5878623188405797,0.9833333333333333
oc_12_10000_3000_3_1_p019_0900_1,4.8116504854368936,0.8705880748218653,0.9654248747076511,0.8236034678607669,0.8463600872287306,0.8320388349514564,0.9126730564430245,0.6949274767530292,0.5436893203883495,0.9790209790209791
oc_12_10000_3000_3_1_p019_0920_1,5.518930957683741,0.8800320289859994,0.9680760505637171,0.8176380767729168,0.8453896854911059,0.8474387527839644,0.8900584795321638,0.6975963841890526,0.5334075723830735,0.9917184265010351
oc_12_10000_3500_3_5_p019_0710_1,4.147280334728033,0.8826459722616381,0.9682749146480247,0.8501229619257673,0.8649147153172736,0.8744769874476988,0.9071180555555556,0.7929679105294255,0.693723849372385,0.9799054373522459
oc_12_10000_3500_3_5_p019_0770_1,4.324607329842932,0.8873474542000407,0.9703177155031137,0.858997148590059,0.8770293888544698,0.8821989528795812,0.9174228675136116,0.7900934553343301,0.6902268760907504,0.9765432098765432
oc_12_10000_3500_3_5_p019_0800_1,4.493200362647325,0.8699679350775448,0.9636296253507179,0.8146578747399362,0.8367865567129056,0.8603807796917498,0.8722426470588235,0.774874769780102,0.671804170444243,0.9686274509803922
oc_12_10000_3500_3_5_p019_0830_1,4.760806916426513,0.8728331980077564,0.9650948474237119,0.813722254670459,0.846935493886634,0.8453410182516811,0.9007164790174002,0.7536581781935662,0.6282420749279539,0.9805097451274363
oc_12_10000_3500_3_5_p019_0870_1,5.294871794871795,0.8731711475911399,0.964804921928038,0.8000230563901453,0.8218314944677872,0.8397435897435898,0.8599562363238512,0.7361277725720262,0.592948717948718,0.9875444839857651
oc_12_10000_3500_3_5_p019_0880_1,5.53125,0.8888484362150844,0.9700796479835954,0.8309311706453033,0.8502414223187549,0.8337053571428571,0.9120879120879121,0.729146219624906,0.5803571428571429,0.9885931558935361
oc_12_10000_3500_3_5_p019_0900_1,6.126081582200247,0.8857185831730399,0.969213894189072,0.8185797858962767,0.8258701747421011,0.796044499381953,0.9044943820224719,0.7153648128211492,0.5550061804697157,0.9911699779249448
oc_12_10000_3500_3_5_p019_0920_1,7.193033381712627,0.9076782500050681,0.9760209034543844,0.8454086417879823,0.8587278060107305,0.8258345428156749,0.9267100977198697,0.7036338625331443,0.5341074020319303,0.989247311827957
oc_12_10000_4000_4_0_p019_0710_1,4.887573964497041,0.8902463321875697,0.9708681909547738,0.8404653816927609,0.8604001625868433,0.8609467455621301,0.9065420560747663,0.808723569873188,0.7100591715976331,0.9809264305177112
oc_12_10000_4000_4_0_p019_0770_1,5.211356466876971,0.9021125856301915,0.9741618757406467,0.8554487989164322,0.8792217872518557,0.8874868559411146,0.9094827586206896,0.8261895976983846,0.7308096740273397,0.9858156028368794
oc_12_10000_4000_4_0_p019_0800_1,5.518930957683741,0.8899786252979526,0.9707563033823027,0.833353661356586,0.8518208391033312,0.8730512249443207,0.8759776536312849,0.8017493809653969,0.6982182628062361,0.9766355140186916
oc_12_10000_4000_4_0_p019_0830_1,5.9,0.8934645292854446,0.9719357660455487,0.8472438007921153,0.848453118205282,0.8428571428571429,0.8973384030418251,0.7597323782762078,0.6357142857142857,0.9709090909090909
oc_12_10000_4000_4_0_p019_0870_1,6.752043596730245,0.8813177162812164,0.9669481195079086,0.7977722480005793,0.7964655403959774,0.8051771117166212,0.8394886363636364,0.7381103239522147,0.5980926430517711,0.9712389380530974
oc_12_10000_4000_4_0_p019_0880_1,7.0,0.9040387453193398,0.9746360875706215,0.8427884354400841,0.8407841792078163,0.8192090395480226,0.9020217729393468,0.7337854573700202,0.577683615819209,0.9903147699757869
oc_12_10000_4000_4_0_p019_0900_1,7.955056179775281,0.9069131721957605,0.9755731134611938,0.8389269552466151,0.8327220807307069,0.8186195826645265,0.8838821490467937,0.6988097243039212,0.5232744783306581,0.9908814589665653
oc_12_10000_4000_4_0_p019_0920_1,10.012121212121212,0.9218698459172997,0.9805799119427628,0.8657093159473579,0.8408169632084292,0.7797979797979798,0.9346246973365617,0.6379035673537137,0.43232323232323233,0.9953488372093023
oc_12_10000_500_0_5_p019_0710_1,2.742667404537908,0.9656834505706356,0.9936498891024693,0.9754060133894255,0.9815084956905318,0.9872717210846708,0.9856353591160221,0.9769108018884353,0.9734366353071389,0.9926636568848759
oc_12_10000_500_0_5_p019_0770_1,2.8450057405281286,0.9648008244598005,0.993247835174679,0.9733635697722601,0.9782851819673926,0.9845005740528129,0.9833715596330275,0.9727729054771159,0.9661308840413318,0.9935064935064936
oc_12_10000_500_0_5_p019_0800_1,2.9290780141843973,0.9660796753988631,0.9934445848375452,0.9739841483254045,0.9774011016382885,0.9828605200945626,0.9834417504435246,0.9737707748774359,0.9663120567375887,0.9945255474452555
oc_12_10000_500_0_5_p019_0830_1,3.047970479704797,0.9593184570682729,0.9920858097842601,0.9703066075394727,0.9735547627759054,0.9846248462484625,0.975624619134674,0.9708945769855055,0.968019680196802,0.9880728185812931
oc_12_10000_500_0_5_p019_0870_1,3.286472148541114,0.9601157815917143,0.9921061262376237,0.9706865890273508,0.9737873224260427,0.986737400530504,0.973185088293002,0.9704935487249501,0.9708222811671088,0.9838709677419355
oc_12_10000_500_0_5_p019_0880_1,3.3714285714285714,0.9606374985109525,0.9921054154995331,0.9682864631196654,0.9714200644518175,0.9816326530612245,0.974341661039838,0.9716538655630084,0.9659863945578231,0.9902370990237099
oc_12_10000_500_0_5_p019_0900_1,3.591304347826087,0.9519920983011773,0.9904519412878788,0.9654231175655897,0.9687574653752167,0.9840579710144928,0.9672364672364673,0.9585474829666608,0.9572463768115942,0.9777942264988897
oc_12_10000_500_0_5_p019_0920_1,4.009708737864078,0.9630567185685722,0.9932076873385013,0.972204158084394,0.9737898440858065,0.982200647249191,0.9758842443729904,0.9674582632572787,0.9587378640776699,0.9891485809682805
oc_12_1000_1000_1_0_p019_0710_1,27.38121546961326,0.9088170380951875,0.9788527739926027,0.7378092348418528,0.6750562215329813,0.7403314917127072,0.638095238095238,0.7372909786342693,0.6187845303867403,0.896
oc_12_1000_1000_1_0_p019_0770_1,28.32,0.9147969784058241,0.9808233872539466,0.8328089424520388,0.7308129689108853,0.8514285714285714,0.645021645021645,0.724361336275197,0.6457142857142857,0.8308823529411765
oc_12_1000_1000_1_0_p019_0800_1,29.152941176470588,0.9013085347087114,0.976409188451034,0.7729359645594147,0.6647071068470998,0.8117647058823529,0.5655737704918032,0.7280344459099425,0.6941176470588235,0.7814569536423841
oc_12_1000_1000_1_0_p019_0830_1,30.404907975460123,0.9027478647572407,0.9770598163703849,0.8194570046173608,0.6830775103657901,0.8588957055214724,0.5622489959839357,0.7341695293717756,0.6196319018404908,0.8859649122807017
oc_12_1000_1000_1_0_p019_0870_1,32.82119205298013,0.9200693785597619,0.9824552379087527,0.750164666085945,0.705161116247957,0.7350993377483444,0.69375,0.6916658273317778,0.5298013245033113,0.9195402298850575
oc_12_1000_1000_1_0_p019_0880_1,33.714285714285715,0.9270302318031604,0.9828075641779346,0.8320560009755451,0.7015694946721227,0.8503401360544217,0.5952380952380952,0.7204851216321698,0.6462585034013606,0.8189655172413793
oc_12_1000_1000_1_0_p019_0900_1,35.65467625899281,0.9087927570589516,0.9793668694798823,0.7761995652605566,0.6702545984559027,0.7913669064748201,0.5851063829787234,0.6254462252000965,0.4676258992805755,0.8552631578947368
oc_12_1000_1000_1_0_p019_0920_1,39.96774193548387,0.9227172207518348,0.9837489173228346,0.7906971145054762,0.6922767165479845,0.7983870967741935,0.6149068322981367,0.7053595675975449,0.5887096774193549,0.8588235294117647
oc_12_1000_1500_1_5_p019_0710_1,27.38121546961326,0.9090406266460518,0.9788833755109987,0.6877730358013533,0.6425542005182178,0.6132596685082873,0.6981132075471698,0.5836589830134974,0.3756906077348066,0.9315068493150684
oc_12_1000_1500_1_5_p019_0770_1,28.32,0.9228545323102106,0.9817315727928279,0.7669950978208244,0.6855146203352841,0.76,0.6394230769230769,0.6283300644388489,0.4742857142857143,0.8556701030927835
oc_12_1000_1500_1_5_p019_0800_1,29.152941176470588,0.9034613306892656,0.9756465079984393,0.7007917375726088,0.6062057133604781,0.7176470588235294,0.5374449339207048,0.5951887911408728,0.4470588235294118,0.8172043010752689
oc_12_1000_1500_1_5_p019_0830_1,30.404907975460123,0.879854838589915,0.9692370970892753,0.719236808283666,0.5516806648122693,0.7423312883435583,0.4368231046931408,0.5669441056274119,0.4110429447852761,0.8072289156626506
oc_12_1000_1500_1_5_p019_0870_1,32.82119205298013,0.9193655027188341,0.9823194830624633,0.6972081626534589,0.5968377455256997,0.5033112582781457,0.7307692307692307,0.4256203435554689,0.1986754966887417,0.9375
oc_12_1000_1500_1_5_p019_0880_1,33.714285714285715,0.9038994547725574,0.9773830883793847,0.6438013707986373,0.576268743888932,0.6394557823129252,0.5433526011560693,0.4422911481496423,0.23129251700680273,0.8717948717948718
oc_12_1000_1500_1_5_p019_0900_1,35.65467625899281,0.8885011265873053,0.9740745044160942,0.6279881811090879,0.5156005832288624,0.5827338129496403,0.48214285714285715,0.4553080995614163,0.26618705035971224,0.8043478260869565
oc_12_1000_1500_1_5_p019_0920_1,39.96774193548387,0.9019504013222241,0.9774677559055118,0.6663919183870428,0.5546303375129376,0.6209677419354839,0.5167785234899329,0.36607508283609796,0.20967741935483872,0.6666666666666666
oc_12_1000_2000_2_0_p019_0710_1,27.38121546961326,0.8842151458347658,0.9729561222503407,0.5113568282865961,0.5828727356584407,0.5082872928176796,0.696969696969697,0.5080591882026536,0.27624309392265195,0.9615384615384616
oc_12_1000_2000_2_0_p019_0770_1,28.32,0.8870325197930505,0.9721368739037225,0.5849707572641984,0.533064143379619,0.6,0.5048076923076923,0.5073395260386039,0.2914285714285714,0.9107142857142857
oc_12_1000_2000_2_0_p019_0800_1,29.152941176470588,0.8923939773129917,0.9740160163870464,0.5849533087824175,0.48212385780167705,0.4294117647058823,0.5748031496062992,0.41671453793440266,0.24705882352941178,0.7368421052631579
oc_12_1000_2000_2_0_p019_0830_1,30.404907975460123,0.8801802184854021,0.9706170541121313,0.6388827384332731,0.525103794332319,0.6257668711656442,0.4700460829493088,0.4261627164429839,0.2147239263803681,0.875
oc_12_1000_2000_2_0_p019_0870_1,32.82119205298013,0.8618211271209847,0.9693169962796162,0.43861070662406965,0.4072450187710972,0.31125827814569534,0.5662650602409639,0.0,0.0,0.0
oc_12_1000_2000_2_0_p019_0880_1,33.714285714285715,0.8805886388146348,0.973277914951989,0.4926084655120331,0.44315630705625075,0.3877551020408163,0.5377358490566038,0.31042890787849214,0.1360544217687075,0.7407407407407407
oc_12_1000_2000_2_0_p019_0900_1,35.65467625899281,0.8516060843797755,0.9660566633954858,0.43406522044208407,0.42782040463415544,0.45323741007194246,0.43448275862068964,0.0,0.0,0.0
oc_12_1000_2000_2_0_p019_0920_1,39.96774193548387,0.8502553177765008,0.965351594488189,0.30279553660844394,0.275919735890138,0.2661290322580645,0.32038834951456313,0.1762431350377959,0.056451612903225805,0.5833333333333334
oc_12_1000_2500_2_6_p019_0710_1,28.982456140350877,0.9051955503901687,0.9784256875365711,0.6362126319777897,0.5575960923119716,0.42105263157894735,0.7659574468085106,0.38434975261683824,0.15204678362573099,1.0
oc_12_1000_2500_2_6_p019_0770_1,29.5,0.9012891928489484,0.9762372560499609,0.5350201042363387,0.4548162648024284,0.3630952380952381,0.6039603960396039,0.3728693638830752,0.15476190476190477,0.9285714285714286
oc_12_1000_2500_2_6_p019_0800_1,30.782608695652176,0.8935657056678158,0.9752560093804964,0.5425683578011429,0.4573146654823292,0.37267080745341613,0.594059405940594,0.41456969029798746,0.2360248447204969,0.76
oc_12_1000_2500_2_6_p019_0830_1,32.18181818181818,0.8847773674643076,0.9759828571428572,0.5138408374772623,0.533162635652737,0.3961038961038961,0.7439024390243902,0.13749375943646994,0.01948051948051948,1.0
oc_12_1000_2500_2_6_p019_0870_1,34.179310344827584,0.8563819908675935,0.9648952362281905,0.36637737941999404,0.2925367036997851,0.3103448275862069,0.3146853146853147,0.0,0.0,0.0
oc_12_1000_2500_2_6_p019_0880_1,35.148936170212764,0.9354827735138351,0.984488306847165,0.740865269048954,0.5231438746229462,0.41134751773049644,0.6904761904761905,0.2628604358746419,0.07092198581560284,1.0
oc_12_1000_2500_2_6_p019_0900_1,37.54545454545455,0.8570825909504185,0.9669435731132076,0.32398853380047143,0.26730322567018655,0.20454545454545456,0.38571428571428573,0.19217798283317933,0.03787878787878788,1.0
oc_12_1000_2500_2_6_p019_0920_1,42.724137931034484,0.8664476225767019,0.9736158517350157,0.3419560594037492,0.09178883314310152,0.008620689655172414,1.0,0.0,0.0,0.0
oc_12_1000_3000_3_1_p019_0710_1,35.148936170212764,0.8877001998634676,0.9769424563468707,0.4704980262951408,0.453030429022743,0.3404255319148936,0.631578947368421,0.28828621864789555,0.09219858156028368,0.9285714285714286
oc_12_1000_3000_3_1_p019_0770_1,36.71111111111111,0.8740714910891378,0.971730347672363,0.43179930622406926,0.406483723432876,0.4222222222222222,0.4222222222222222,0.35229342639609246,0.17777777777777778,0.7272727272727273
oc_12_1000_3000_3_1_p019_0800_1,37.54545454545455,0.9109511945531645,0.9795142099056604,0.6520112918047507,0.5394096255053629,0.5681818181818182,0.5357142857142857,0.45972591841254873,0.25,0.868421052631579
oc_12_1000_3000_3_1_p019_0830_1,39.648,0.8607435424125415,0.9707062192481795,0.2750465170808626,0.38281884572988595,0.232,0.6590909090909091,0.0,0.0,0.0
oc_12_1000_3000_3_1_p019_0870_1,43.095652173913045,0.9203311198965539,0.9836314336422797,0.6063797192792824,0.5722136987076425,0.3652173913043478,0.9130434782608695,0.20623821354043873,0.043478260869565216,1.0
oc_12_1000_3000_3_1_p019_0880_1,44.648648648648646,0.890598313557861,0.9782654430629564,0.3407683391001831,0.13277901190113114,0.018018018018018018,1.0,0.0,0.0,0.0
oc_12_1000_3000_3_1_p019_0900_1,47.2,0.8864312617696716,0.9749791938352105,0.4426515743338829,0.18969074423896096,0.08571428571428572,0.45,0.0,0.0,0.0
oc_12_1000_3000_3_1_p019_0920_1,55.68539325842696,0.8834183712419208,0.9769710604558969,0.25614985638861165,0.315327098865799,0.20224719101123595,0.5142857142857142,0.0,0.0,0.0
oc_12_1000_3500_3_5_p019_0710_1,40.95867768595041,0.9054256078993975,0.9797698246996258,0.5079120022078563,0.4992008645556494,0.4214876033057851,0.6144578313253012,0.4933860981698321,0.256198347107438,0.96875
oc_12_1000_3500_3_5_p019_0770_1,43.473684210526315,0.937560355909363,0.9880842998027614,0.7511759075097428,0.7247092515877509,0.6666666666666666,0.8,0.4554461194629938,0.22807017543859648,0.9285714285714286
oc_12_1000_3500_3_5_p019_0800_1,44.25,0.9112352782450676,0.9827317087608524,0.5767546066223077,0.5667718208433117,0.4732142857142857,0.6973684210526315,0.20904398511986325,0.044642857142857144,1.0
oc_12_1000_3500_3_5_p019_0830_1,48.116504854368934,0.9060573490787136,0.9809636291757264,0.48524521738279036,0.38325077212301234,0.21359223300970873,0.7096774193548387,0.09753435672758358,0.009708737864077669,1.0
oc_12_1000_3500_3_5_p019_0870_1,53.869565217391305,0.9152244639165136,0.9826590530903329,0.6581988600261686,0.5231429771281746,0.5108695652173914,0.5529411764705883,0.23110654940451905,0.05434782608695652,1.0
oc_12_1000_3500_3_5_p019_0880_1,55.68539325842696,0.8982683044044746,0.9799754410307235,0.4462515561887175,0.25198410092818646,0.0898876404494382,0.7272727272727273,0.0,0.0,0.0
oc_12_1000_3500_3_5_p019_0900_1,60.4390243902439,0.8905556100483875,0.9787983723699881,0.39293447170305207,0.0,0.0,0.0,0.0,0.0,0.0
oc_12_1000_3500_3_5_p019_0920_1,72.88235294117646,0.8771858774312108,0.9776634554140128,0.13241594000104429,0.0,0.0,0.0,0.0,0.0,0.0
oc_12_1000_4000_4_0_p019_0710_1,49.06930693069307,0.922419631704184,0.9841698042317579,0.615278416179605,0.5420748314614342,0.504950495049505,0.6,0.38241216431661224,0.15841584158415842,0.9411764705882353
oc_12_1000_4000_4_0_p019_0770_1,52.16842105263158,0.9149481379572784,0.9849927737081766,0.6205376520174417,0.6089198619084288,0.43157894736842106,0.8723404255319149,0.2706009409313849,0.08421052631578947,0.8888888888888888
oc_12_1000_4000_4_0_p019_0800_1,54.46153846153846,0.8874050848778269,0.9781861303744799,0.5164567134646862,0.4201087805823918,0.32967032967032966,0.5555555555555556,0.17997742797532607,0.03296703296703297,1.0
oc_12_1000_4000_4_0_p019_0830_1,58.305882352941175,0.8554676146220821,0.9732891489783773,0.15612986292194064,0.2565797095333788,0.10588235294117647,0.6428571428571429,0.0,0.0,0.0
oc_12_1000_4000_4_0_p019_0870_1,67.89041095890411,0.89741539758288,0.9798367070988268,0.2666505028725187,-0.005682334496036244,0.0,0.0,0.0,0.0,0.0
oc_12_1000_4000_4_0_p019_0880_1,71.82608695652173,0.9139440989090722,0.9844562786069652,0.48736837612242,0.44863543199927164,0.21739130434782608,0.9375,0.0,0.0,0.0
oc_12_1000_4000_4_0_p019_0900_1,79.93548387096774,0.8859951499281703,0.9798477281785571,0.13772423382868038,0.0,0.0,0.0,0.0,0.0,0.0
oc_12_1000_4000_4_0_p019_0920_1,99.12,0.9024767634189771,0.9852997602876548,0.27586710806446135,0.3480239941436966,0.14,0.875,0.0,0.0,0.0
oc_12_1000_500_0_5_p019_0710_1,27.38121546961326,0.9343593806108852,0.9884969632080981,0.9092585397515173,0.8640597488393215,0.9226519337016574,0.8186274509803921,0.9149411245971213,0.8895027624309392,0.9470588235294117
oc_12_1000_500_0_5_p019_0770_1,28.32,0.9557289758443929,0.9930330734749562,0.9332316628309558,0.9038824732974677,0.9428571428571428,0.873015873015873,0.9522120460230724,0.9428571428571428,0.9649122807017544
oc_12_1000_500_0_5_p019_0800_1,29.152941176470588,0.9363449246773707,0.9885343347639485,0.9327928381615899,0.8595756572508197,0.9470588235294117,0.7892156862745098,0.9143526938871456,0.9117647058823529,0.9226190476190477
oc_12_1000_500_0_5_p019_0830_1,30.404907975460123,0.9230046344542675,0.9847079703067005,0.9365246046637578,0.8135221180804983,0.9570552147239264,0.7027027027027027,0.9176223156414485,0.9202453987730062,0.9202453987730062
oc_12_1000_500_0_5_p019_0870_1,32.82119205298013,0.9170428480602764,0.9825854905032309,0.9330253304587769,0.8001604119332758,0.9536423841059603,0.6824644549763034,0.897593777837093,0.9271523178807947,0.875
oc_12_1000_500_0_5_p019_0880_1,33.714285714285715,0.9405661280193658,0.9883948853615521,0.9801226594924217,0.8274853777787775,0.9931972789115646,0.6985645933014354,0.9358154100284471,0.9659863945578231,0.9102564102564102
oc_12_1000_500_0_5_p019_0900_1,35.65467625899281,0.9268270178581537,0.9859795485770363,0.9477855208847805,0.8003034636434639,0.935251798561151,0.6951871657754011,0.876035367133605,0.9136690647482014,0.8466666666666667
oc_12_1000_500_0_5_p019_0920_1,39.96774193548387,0.9378916653526479,0.989091594488189,0.9497147126651846,0.8461095005734857,0.9596774193548387,0.7531645569620253,0.9211682105784552,0.9193548387096774,0.926829268292683
oc_12_2500_1000_1_0_p019_0710_1,10.964601769911505,0.9192341994173652,0.980441974852071,0.9078216513960977,0.8594892366204097,0.9557522123893806,0.7955801104972375,0.8844745469745955,0.8738938053097345,0.9143518518518519
oc_12_2500_1000_1_0_p019_0770_1,11.36697247706422,0.9111455073745413,0.9785400778931751,0.9135392540881558,0.84980964212246,0.9655963302752294,0.7710622710622711,0.8829659358821585,0.8944954128440367,0.8904109589041096
oc_12_2500_1000_1_0_p019_0800_1,11.71631205673759,0.898594393584349,0.975283695854248,0.9055110362627616,0.8284488174601551,0.9692671394799054,0.7334525939177102,0.8661736228603586,0.8912529550827423,0.8627002288329519
oc_12_2500_1000_1_0_p019_0830_1,12.176904176904177,0.8968129153075827,0.9736532351295917,0.9026259245780299,0.8099341786612181,0.9582309582309583,0.7116788321167883,0.8765065499427369,0.8968058968058968,0.8752997601918465
oc_12_2500_1000_1_0_p019_0870_1,13.145888594164456,0.9279144275920072,0.9832894430901932,0.9113005319076213,0.8585851672994771,0.9389920424403183,0.8045454545454546,0.8864776925954648,0.8726790450928382,0.9164345403899722
oc_12_2500_1000_1_0_p019_0880_1,13.467391304347826,0.9135756980623171,0.9787656461307288,0.8958296706587261,0.8218672798119442,0.9429347826086957,0.7398720682302772,0.8503843019586473,0.8559782608695652,0.8653846153846154
oc_12_2500_1000_1_0_p019_0900_1,14.323699421965317,0.9156008804807162,0.980422236891739,0.9266144024060968,0.8405567087512662,0.9682080924855492,0.7494407158836689,0.879057008751656,0.8959537572254336,0.8781869688385269
oc_12_2500_1000_1_0_p019_0920_1,15.987096774193548,0.9071146879884971,0.9781064944929738,0.8867880554010228,0.8009351529997644,0.9290322580645162,0.7128712871287128,0.8423312244526022,0.8516129032258064,0.8516129032258064
oc_12_2500_1500_1_5_p019_0710_1,10.964601769911505,0.882434746140052,0.9682579696745562,0.8038130529126719,0.7651014692757688,0.8650442477876106,0.7148080438756855,0.7957972736026094,0.7367256637168141,0.8927613941018767
oc_12_2500_1500_1_5_p019_0770_1,11.36697247706422,0.8808846059418382,0.9678649851632047,0.8226462815380575,0.759465648429787,0.8922018348623854,0.6836555360281195,0.7823864776432454,0.7385321100917431,0.8632707774798928
oc_12_2500_1500_1_5_p019_0800_1,11.71631205673759,0.8848617150841338,0.9697361777282023,0.8116984059326785,0.754354796605695,0.8486997635933806,0.7080867850098619,0.7519710718478149,0.6926713947990544,0.8542274052478134
oc_12_2500_1500_1_5_p019_0830_1,12.176904176904177,0.860422614158763,0.9604023307850084,0.7801605136333373,0.679215868107117,0.8427518427518428,0.5934256055363322,0.7229470264879111,0.6781326781326781,0.8117647058823529
oc_12_2500_1500_1_5_p019_0870_1,13.145888594164456,0.8947820217425628,0.9719212638289894,0.8033212635287427,0.7390027286625352,0.8328912466843501,0.6916299559471366,0.7710822818224986,0.6710875331564987,0.9166666666666666
oc_12_2500_1500_1_5_p019_0880_1,13.467391304347826,0.8883968034001818,0.9692594665664913,0.7816857576202471,0.6875222219458669,0.7608695652173914,0.6635071090047393,0.7214717542762269,0.6304347826086957,0.862453531598513
oc_12_2500_1500_1_5_p019_0900_1,14.323699421965317,0.8767079824980105,0.9654559411542813,0.7800512605476713,0.6795584528822479,0.838150289017341,0.5906313645621182,0.7048677792580295,0.630057803468208,0.8257575757575758
oc_12_2500_1500_1_5_p019_0920_1,15.987096774193548,0.89520020588385,0.972249715153817,0.8074273341490975,0.720015191151274,0.832258064516129,0.6548223350253807,0.692235036151203,0.6161290322580645,0.8127659574468085
oc_12_2500_2000_2_0_p019_0710_1,10.964601769911505,0.8789293379326986,0.9671055288461539,0.7527084503666397,0.7277847663438488,0.7831858407079646,0.7209775967413442,0.7316381289646278,0.5929203539823009,0.9436619718309859
oc_12_2500_2000_2_0_p019_0770_1,11.36697247706422,0.8820486517491429,0.9680320103857567,0.7646135431877276,0.7407679326843515,0.8188073394495413,0.7111553784860558,0.7437319401661318,0.6238532110091743,0.9251700680272109
oc_12_2500_2000_2_0_p019_0800_1,11.71631205673759,0.8648253310906855,0.9634623350065068,0.7270498997317818,0.7073196080265071,0.7943262411347518,0.6746987951807228,0.7225372346207092,0.6146572104018913,0.8904109589041096
oc_12_2500_2000_2_0_p019_0830_1,12.176904176904177,0.8602142223498398,0.9609771955994779,0.7192021031257092,0.6585555623653194,0.7542997542997543,0.6252545824847251,0.6905801324126303,0.5626535626535627,0.8910505836575876
oc_12_2500_2000_2_0_p019_0870_1,13.145888594164456,0.8763920006919262,0.9661496718544909,0.7290960509447781,0.7044574843543148,0.7824933687002652,0.6750572082379863,0.6498550353346536,0.5013262599469496,0.8873239436619719
oc_12_2500_2000_2_0_p019_0880_1,13.467391304347826,0.8830899653101498,0.9677984598046582,0.7327719731485152,0.679603464759528,0.7391304347826086,0.6683046683046683,0.6197311582506841,0.453804347826087,0.893048128342246
oc_12_2500_2000_2_0_p019_0900_1,14.323699421965317,0.8589227896799789,0.9603527159562429,0.6858179002704785,0.6269800580725958,0.7572254335260116,0.5658747300215983,0.637801281717095,0.47109826589595377,0.9055555555555556
oc_12_2500_2000_2_0_p019_0920_1,15.987096774193548,0.8666267101697316,0.9631962020508925,0.6669340443892299,0.5788093138656762,0.6225806451612903,0.5866261398176292,0.5585795980696087,0.432258064516129,0.7701149425287356
oc_12_2500_2500_2_6_p019_0710_1,11.552447552447552,0.8901634075022268,0.972389582172702,0.7491734785383752,0.7641399149679887,0.7062937062937062,0.8632478632478633,0.6221084831805087,0.4289044289044289,0.9533678756476683
oc_12_2500_2500_2_6_p019_0770_1,11.85645933014354,0.8797102906445199,0.9685784704131001,0.7347837074458576,0.720279176250654,0.7272727272727273,0.7562189054726368,0.6192871069296507,0.45454545454545453,0.8962264150943396
oc_12_2500_2500_2_6_p019_0800_1,12.359102244389028,0.882346974163096,0.9703080828822102,0.7483297550052551,0.7542091483382514,0.7755610972568578,0.7698019801980198,0.605758035415328,0.43640897755610975,0.8928571428571429
oc_12_2500_2500_2_6_p019_0830_1,12.973821989528796,0.8701012314923455,0.96503831022855,0.6967945521948876,0.6618410275170475,0.6832460732984293,0.6886543535620053,0.5963681178481854,0.4214659685863874,0.8944444444444445
oc_12_2500_2500_2_6_p019_0870_1,14.0,0.8795365792299359,0.968089868173258,0.6918195062259553,0.690287282199393,0.692090395480226,0.7291666666666666,0.5963758092043251,0.4209039548022599,0.8922155688622755
oc_12_2500_2500_2_6_p019_0880_1,14.11965811965812,0.9157176156217867,0.9784814019219898,0.811090669146464,0.7635950334895681,0.698005698005698,0.8657243816254417,0.49574204801848204,0.2792022792022792,0.9333333333333333
oc_12_2500_2500_2_6_p019_0900_1,15.249230769230769,0.8993828533511261,0.9743033137663322,0.7395707402030403,0.7049226819954623,0.6892307692307692,0.7567567567567568,0.510854851719912,0.28,0.978494623655914
oc_12_2500_2500_2_6_p019_0920_1,16.5752508361204,0.8983110028961,0.9748139486203615,0.7063156600559475,0.7043182916365209,0.5986622073578596,0.8605769230769231,0.342830047877884,0.12374581939799331,1.0
oc_12_2500_3000_3_1_p019_0710_1,13.805013927576601,0.9063432908178509,0.9765198682972719,0.7793127009868244,0.7464694604186454,0.7381615598885793,0.7886904761904762,0.6456313171755159,0.4596100278551532,0.9482758620689655
oc_12_2500_3000_3_1_p019_0770_1,14.619469026548673,0.8949033364933887,0.9734750708215297,0.7621920157137093,0.7291934089896116,0.7374631268436578,0.7552870090634441,0.6426093120606403,0.49557522123893805,0.875
oc_12_2500_3000_3_1_p019_0800_1,15.018181818181818,0.8731634282242997,0.9673429625425652,0.6896156507202785,0.6771327091470778,0.7333333333333333,0.6648351648351648,0.6340520332669873,0.4727272727272727,0.8914285714285715
oc_12_2500_3000_3_1_p019_0830_1,15.634069400630915,0.8931100979431267,0.9731756305708326,0.7005594703265361,0.6993511878271292,0.6719242902208202,0.7634408602150538,0.6033754296923485,0.41009463722397477,0.9285714285714286
oc_12_2500_3000_3_1_p019_0870_1,17.512367491166078,0.8997146186372407,0.9749881275052491,0.7120931796575573,0.693799500712222,0.6855123674911661,0.7348484848484849,0.51781099012701,0.303886925795053,0.9247311827956989
oc_12_2500_3000_3_1_p019_0880_1,17.7,0.8884238559586414,0.9716744270435447,0.6713368366451282,0.6409284942082039,0.6214285714285714,0.6987951807228916,0.49648030134291826,0.275,0.9390243902439024
oc_12_2500_3000_3_1_p019_0900_1,19.284046692607003,0.9135302405523207,0.9801688087473623,0.7538319900227368,0.7264098570144987,0.6342412451361867,0.8578947368421053,0.47349656602081996,0.245136186770428,0.9545454545454546
oc_12_2500_3000_3_1_p019_0920_1,22.026666666666667,0.9060402524661071,0.977750472881683,0.6747976272558098,0.6493132052836418,0.5911111111111111,0.7430167597765364,0.5080104278513404,0.26666666666666666,1.0
oc_12_2500_3500_3_5_p019_0710_1,16.630872483221477,0.9172144467362788,0.9810571564522269,0.808171946565883,0.7847624522315904,0.7651006711409396,0.8290909090909091,0.6619115558404657,0.4697986577181208,0.9655172413793104
oc_12_2500_3500_3_5_p019_0770_1,17.389473684210525,0.9111612287117767,0.9789672390765121,0.759363213310322,0.73915704840834,0.6842105263157895,0.826271186440678,0.6354374437680937,0.4421052631578947,0.9473684210526315
oc_12_2500_3500_3_5_p019_0800_1,18.087591240875913,0.8931575394242958,0.9728810898661568,0.7065385211682412,0.6605677479464965,0.6934306569343066,0.6643356643356644,0.6161401409964957,0.43795620437956206,0.9022556390977443
oc_12_2500_3500_3_5_p019_0830_1,19.06153846153846,0.9029594555997804,0.9776459164110429,0.7145614686549884,0.7331640419894558,0.6807692307692308,0.815668202764977,0.6101267735389627,0.3923076923076923,0.9807692307692307
oc_12_2500_3500_3_5_p019_0870_1,21.17948717948718,0.9204127550005898,0.9816181117533719,0.7657914597483642,0.7246190022670878,0.6752136752136753,0.8020304568527918,0.46745614377447803,0.2264957264957265,1.0
oc_12_2500_3500_3_5_p019_0880_1,22.425339366515836,0.9220594654797446,0.9817641491211127,0.712342599623836,0.7094871265464509,0.6334841628959276,0.8187134502923976,0.4949916975079058,0.2579185520361991,0.9827586206896551
oc_12_2500_3500_3_5_p019_0900_1,24.17560975609756,0.9268871799965978,0.9830814958341406,0.7777510084946543,0.677027567696523,0.4926829268292683,0.9528301886792453,0.265460224239374,0.07317073170731707,1.0
oc_12_2500_3500_3_5_p019_0920_1,28.982456140350877,0.9033213767069667,0.980069923932124,0.6118583279158412,0.6224323536059526,0.4444444444444444,0.8941176470588236,0.34525250299455434,0.12280701754385964,1.0
oc_12_2500_4000_4_0_p019_0710_1,19.284046692607003,0.9158673353129575,0.9790516401304431,0.7676918066127237,0.6946794545655005,0.6926070038910506,0.726530612244898,0.6592820754402391,0.4591439688715953,0.9752066115702479
oc_12_2500_4000_4_0_p019_0770_1,21.27038626609442,0.9239278714625327,0.9835632877240316,0.7953828992988217,0.764675409879083,0.6781115879828327,0.88268156424581,0.6194284094444789,0.41201716738197425,0.96
oc_12_2500_4000_4_0_p019_0800_1,21.736842105263158,0.9148191564068707,0.9807297453703704,0.7898725331041148,0.7607659631963507,0.7982456140350878,0.7459016393442623,0.6333573595295077,0.42543859649122806,0.97
oc_12_2500_4000_4_0_p019_0830_1,23.826923076923077,0.9139050576971348,0.9795755809450039,0.7277606820741552,0.6852418719913923,0.6538461538461539,0.7431693989071039,0.4824234256989565,0.25,0.9629629629629629
oc_12_2500_4000_4_0_p019_0870_1,27.23076923076923,0.9179359496119419,0.9805718567536006,0.6807619667400502,0.6245444684468695,0.5934065934065934,0.6835443037974683,0.46802016612519015,0.22527472527472528,1.0
oc_12_2500_4000_4_0_p019_0880_1,28.813953488372093,0.9275471397214924,0.9837775741029641,0.7241861417224589,0.6434412297085635,0.5290697674418605,0.8053097345132744,0.4116109717687186,0.18023255813953487,0.96875
oc_12_2500_4000_4_0_p019_0900_1,32.18181818181818,0.9167632782598788,0.9816328767123288,0.6320910270342565,0.6041931507049143,0.4090909090909091,0.9130434782608695,0.11225219498391645,0.012987012987012988,1.0
oc_12_2500_4000_4_0_p019_0920_1,39.648,0.9095476569967601,0.9821787049793348,0.4791919885845296,0.5094058233468289,0.28,0.9459459459459459,0.2937569399868496,0.096,0.9230769230769231
oc_12_2500_500_0_5_p019_0710_1,10.964601769911505,0.9593933744465144,0.9928911427514793,0.95626493614439,0.9455240126239468,0.9668141592920354,0.9337606837606838,0.9496888372692242,0.9269911504424779,0.9812646370023419
oc_12_2500_500_0_5_p019_0770_1,11.36697247706422,0.9603756286357181,0.9931876298219584,0.9631654717352275,0.948954776225617,0.9747706422018348,0.9320175438596491,0.958343662985639,0.944954128440367,0.9786223277909739
oc_12_2500_500_0_5_p019_0800_1,11.71631205673759,0.9556084253442532,0.9918216768916155,0.964971690581028,0.9355955585003827,0.9810874704491725,0.9021739130434783,0.9587809550560785,0.9574468085106383,0.9665871121718377
oc_12_2500_500_0_5_p019_0830_1,12.176904176904177,0.9436749866787283,0.9893762073466343,0.9507684584986786,0.9347716134541595,0.9705159705159705,0.9101382488479263,0.9547019974022202,0.9557739557739557,0.9604938271604938
oc_12_2500_500_0_5_p019_0870_1,13.145888594164456,0.9491328806032495,0.990555784736546,0.9641100995000206,0.9389819312262985,0.9814323607427056,0.9068627450980392,0.9601414474313305,0.9655172413793104,0.9604221635883905
oc_12_2500_500_0_5_p019_0880_1,13.467391304347826,0.964252783565658,0.993246656649136,0.9591831438353723,0.9369076117259272,0.9728260869565217,0.910941475826972,0.9483235399128209,0.9375,0.9663865546218487
oc_12_2500_500_0_5_p019_0900_1,14.323699421965317,0.9488748203339519,0.9901650132025651,0.9617862285329438,0.9109258000242353,0.9797687861271677,0.8582278481012658,0.9386955128881939,0.9508670520231214,0.9346590909090909
oc_12_2500_500_0_5_p019_0920_1,15.987096774193548,0.9482221933063045,0.9910983858716294,0.952148160740593,0.9279649852184626,0.967741935483871,0.8982035928143712,0.9393046430897997,0.9290322580645162,0.9568106312292359
oc_12_5000_1000_1_0_p019_0710_1,5.482300884955753,0.9165317524752834,0.9796140784982935,0.9199112168516503,0.9038607106176247,0.9668141592920354,0.874,0.9196238099115762,0.922566371681416,0.9413092550790068
oc_12_5000_1000_1_0_p019_0770_1,5.690011481056257,0.9013991703860471,0.9757955723356787,0.9119258793562753,0.8918605339746095,0.9678530424799081,0.8532388663967612,0.9098214115496283,0.9265212399540758,0.9201824401368301
oc_12_5000_1000_1_0_p019_0800_1,5.858156028368795,0.9061622529867853,0.9779558255773871,0.9184615538584102,0.8996396412702036,0.966903073286052,0.8656084656084656,0.9099650477207564,0.9219858156028369,0.9241706161137441
oc_12_5000_1000_1_0_p019_0830_1,6.095940959409594,0.9069227794409542,0.9765257236956145,0.9108040185169269,0.8843555127385637,0.955719557195572,0.850109409190372,0.9161894199875544,0.9163591635916359,0.9394703656998739
oc_12_5000_1000_1_0_p019_0870_1,6.572944297082228,0.9163824060950516,0.9788003327495621,0.9123202268334979,0.8878317852086414,0.9562334217506632,0.8532544378698225,0.922033751157867,0.9190981432360743,0.9454297407912687
oc_12_5000_1000_1_0_p019_0880_1,6.742857142857143,0.914282368161155,0.9791727288701458,0.9088356616640462,0.8911003471656417,0.9537414965986395,0.8601226993865031,0.9048096862721687,0.908843537414966,0.925207756232687
oc_12_5000_1000_1_0_p019_0900_1,7.172214182344429,0.9078730350985919,0.9774588985301931,0.9053694368264356,0.8826576940428441,0.9580318379160637,0.841168996188056,0.8971551430878318,0.9030390738060782,0.9162995594713657
oc_12_5000_1000_1_0_p019_0920_1,8.019417475728156,0.9074733737200394,0.9771537136706135,0.9036023890722321,0.8646755908355318,0.9530744336569579,0.81353591160221,0.8954309850348396,0.8980582524271845,0.9158415841584159
oc_12_5000_1500_1_5_p019_0710_1,5.482300884955753,0.8785231301088319,0.9667933617747441,0.8440344400464607,0.8487504929861822,0.915929203539823,0.8321608040201005,0.8472658993458677,0.8075221238938053,0.9346991037131882
oc_12_5000_1500_1_5_p019_0770_1,5.690011481056257,0.8745393590010803,0.9656062982666895,0.8525342039875741,0.8361381212759698,0.931113662456946,0.7982283464566929,0.8628145175855161,0.8461538461538461,0.920099875156055
oc_12_5000_1500_1_5_p019_0800_1,5.858156028368795,0.8771243457769646,0.9666815580834195,0.844106007063098,0.838290176355419,0.9184397163120568,0.8110647181628392,0.8435582096206353,0.8108747044917257,0.9220430107526881
oc_12_5000_1500_1_5_p019_0830_1,6.095940959409594,0.8432695909192491,0.9555375801698734,0.8082758508477011,0.7913706876117789,0.9138991389913899,0.7415169660678643,0.814898712447983,0.7908979089790897,0.8905817174515236
oc_12_5000_1500_1_5_p019_0870_1,6.572944297082228,0.8714335756643905,0.9643129071803853,0.815297750955197,0.8085479362461016,0.889920424403183,0.7838785046728972,0.8045357201549813,0.7427055702917772,0.9210526315789473
oc_12_5000_1500_1_5_p019_0880_1,6.742857142857143,0.8809896393820301,0.9667767000527148,0.8300329370418263,0.8174209090737008,0.891156462585034,0.795868772782503,0.8016997431234819,0.7537414965986394,0.9022801302931596
oc_12_5000_1500_1_5_p019_0900_1,7.172214182344429,0.8608848228378558,0.9603973083052948,0.8096944967289246,0.7837264597901528,0.9015918958031838,0.7320799059929495,0.7992762313568087,0.7525325615050651,0.896551724137931
oc_12_5000_1500_1_5_p019_0920_1,8.019417475728156,0.8723866929822683,0.96519872622892,0.8309691212163278,0.7972483080907826,0.901294498381877,0.7486559139784946,0.8012368072693128,0.7702265372168284,0.8766114180478821
oc_12_5000_2000_2_0_p019_0710_1,5.482300884955753,0.86439436115812,0.9618331740614334,0.8020904745935915,0.8134011512831809,0.870575221238938,0.8163900414937759,0.7890777204507227,0.6780973451327433,0.9776714513556619
oc_12_5000_2000_2_0_p019_0770_1,5.690011481056257,0.8577730152041187,0.9594622275613524,0.7916171029275251,0.7932604878129594,0.8610792192881745,0.7911392405063291,0.7918995594152527,0.7175660160734788,0.9328358208955224
oc_12_5000_2000_2_0_p019_0800_1,5.858156028368795,0.8554606008256724,0.9586372802481903,0.7944492987303355,0.7868657648030138,0.8806146572104019,0.7633196721311475,0.8101760428565835,0.7328605200945626,0.9480122324159022
oc_12_5000_2000_2_0_p019_0830_1,6.095940959409594,0.8618564297121514,0.9603033974692321,0.7962486821684244,0.7882889169690606,0.8646986469864698,0.7767955801104972,0.775971779946792,0.6912669126691267,0.9304635761589404
oc_12_5000_2000_2_0_p019_0870_1,6.572944297082228,0.86706516066656,0.9640253590192644,0.7900226971782082,0.800104319619455,0.8488063660477454,0.8060453400503779,0.7746358403388439,0.6644562334217506,0.9579349904397706
oc_12_5000_2000_2_0_p019_0880_1,6.742857142857143,0.8689307876148694,0.9627355122122649,0.7804127269474743,0.7790762386491751,0.8244897959183674,0.792156862745098,0.7503597888802009,0.6285714285714286,0.9545454545454546
oc_12_5000_2000_2_0_p019_0900_1,7.172214182344429,0.84908042380666,0.9578200814591818,0.7554085339795353,0.760693612613135,0.8393632416787264,0.7464607464607464,0.7357417140448467,0.6324167872648335,0.9161425576519916
oc_12_5000_2000_2_0_p019_0920_1,8.019417475728156,0.8670763932122083,0.9635039827771797,0.7853395007115225,0.7687966748618663,0.8495145631067961,0.7457386363636364,0.7262333819245193,0.6197411003236246,0.9075829383886256
oc_12_5000_2500_2_6_p019_0710_1,5.7560975609756095,0.8706540434413024,0.9659112944816916,0.7985975783784747,0.8359588230217607,0.8153310104529616,0.904639175257732,0.6873698506410941,0.5296167247386759,0.9722814498933902
oc_12_5000_2500_2_6_p019_0770_1,6.0,0.8682547083168799,0.9646021964718091,0.7847577169764426,0.8105478116503813,0.8196125907990315,0.8547979797979798,0.7395212316599997,0.6174334140435835,0.9532710280373832
oc_12_5000_2500_2_6_p019_0800_1,6.171855541718555,0.84281115743716,0.9572372286855357,0.7435918150352359,0.7667710501738043,0.8156911581569116,0.7844311377245509,0.7073126579042035,0.5740971357409713,0.944672131147541
oc_12_5000_2500_2_6_p019_0830_1,6.4363636363636365,0.8587309909060272,0.9616857492141111,0.7597305082998633,0.7968438501152482,0.8090909090909091,0.8384925975773889,0.6842020155126054,0.5285714285714286,0.9599056603773585
oc_12_5000_2500_2_6_p019_0870_1,6.912133891213389,0.8704779359119978,0.9649827956989248,0.7803893976655771,0.8046987413093394,0.803347280334728,0.8545994065281899,0.6468143052792414,0.46722454672245467,0.9710144927536232
oc_12_5000_2500_2_6_p019_0880_1,7.130935251798562,0.8628478241741611,0.9631084940718457,0.750353321567847,0.785164967164792,0.7611510791366907,0.8615635179153095,0.6294313190079315,0.45179856115107914,0.9544072948328267
oc_12_5000_2500_2_6_p019_0900_1,7.54337899543379,0.8613914597000764,0.9622564225904151,0.7413524575911161,0.7648708343222135,0.7823439878234398,0.8018720748829953,0.6119102320944427,0.410958904109589,0.9854014598540146
oc_12_5000_2500_2_6_p019_0920_1,8.414261460101867,0.891496933600917,0.9718204147880973,0.8086110585161368,0.8015817886410058,0.7538200339558574,0.8933601609657947,0.5809738617564352,0.36502546689303905,0.9953703703703703
oc_12_5000_3000_3_1_p019_0710_1,6.96067415730337,0.8874640798364247,0.9701279287226535,0.8141531030947085,0.8241312463986472,0.8258426966292135,0.865979381443299,0.74137882315033,0.6053370786516854,0.9663677130044843
oc_12_5000_3000_3_1_p019_0770_1,7.235036496350365,0.8856749440441616,0.9703513206878213,0.8095389688994696,0.8306128423101453,0.8467153284671532,0.855457227138643,0.7598343164593485,0.6437956204379562,0.9504310344827587
oc_12_5000_3000_3_1_p019_0800_1,7.577981651376147,0.869791801331834,0.9641068270944742,0.7716913757171344,0.7741887998027801,0.8211009174311926,0.7816593886462883,0.7555750547057202,0.6391437308868502,0.9457013574660633
oc_12_5000_3000_3_1_p019_0830_1,7.904306220095694,0.8764001601238112,0.966645334049794,0.7606825604374966,0.7913228160322964,0.7799043062200957,0.8489583333333334,0.6944172037446964,0.532695374800638,0.9653179190751445
oc_12_5000_3000_3_1_p019_0870_1,8.74074074074074,0.8740146428361073,0.9658301466594242,0.7443730811664901,0.7548409635879458,0.7707231040564374,0.7888086642599278,0.6962032322411553,0.5361552028218695,0.9589905362776026
oc_12_5000_3000_3_1_p019_0880_1,8.881720430107526,0.8916111405601312,0.971541857091041,0.7880344429353666,0.7975879438455847,0.7652329749103942,0.8714285714285714,0.6594287909774528,0.47491039426523296,0.9742647058823529
oc_12_5000_3000_3_1_p019_0900_1,9.660818713450292,0.8989359684318196,0.9736994514536479,0.8095071658043658,0.793505814202901,0.7582846003898636,0.8683035714285714,0.6353751603787255,0.4444444444444444,0.9661016949152542
oc_12_5000_3000_3_1_p019_0920_1,10.964601769911505,0.9022151998368813,0.9750855214497042,0.778462548862966,0.7900008807249751,0.7566371681415929,0.8592964824120602,0.6487354327261896,0.4446902654867257,0.995049504950495
oc_12_5000_3500_3_5_p019_0710_1,8.301507537688442,0.8977219794570293,0.9729157032234828,0.8153288574106642,0.8115502843849127,0.8056951423785594,0.857397504456328,0.7659105889289566,0.626465661641541,0.9816272965879265
oc_12_5000_3500_3_5_p019_0770_1,8.694736842105263,0.8951345113950405,0.9728076909156713,0.8043645575343226,0.8014865425145908,0.8017543859649123,0.8416206261510129,0.7313583900879628,0.5947368421052631,0.9495798319327731
oc_12_5000_3500_3_5_p019_0800_1,8.945848375451263,0.8837964344357064,0.9692302722323048,0.794249903323999,0.7864442190299311,0.8086642599277978,0.8072072072072072,0.7079967089030488,0.5685920577617328,0.9347181008902077
oc_12_5000_3500_3_5_p019_0830_1,9.53076923076923,0.8848609518029729,0.9699779948867787,0.7654847800405222,0.7916611823589225,0.7903846153846154,0.8319838056680162,0.6857993599050787,0.5076923076923077,0.9777777777777777
oc_12_5000_3500_3_5_p019_0870_1,10.63519313304721,0.8984277738311125,0.9733282736997418,0.7804259123448697,0.7729663762955405,0.7703862660944206,0.8140589569160998,0.6748252116427956,0.4892703862660944,0.9785407725321889
oc_12_5000_3500_3_5_p019_0880_1,11.0625,0.9088110444960716,0.9765087527757217,0.8152638063266886,0.7843649872921878,0.7433035714285714,0.8626943005181347,0.6498107581013403,0.453125,0.9806763285024155
oc_12_5000_3500_3_5_p019_0900_1,12.206896551724139,0.9055908051769139,0.9752573853039911,0.78358479401006,0.758567596290783,0.7167487684729064,0.8386167146974063,0.5522218024113068,0.33251231527093594,0.9712230215827338
oc_12_5000_3500_3_5_p019_0920_1,14.576470588235294,0.9122372687172842,0.97803208081571,0.7759919612740442,0.7561021771196523,0.6794117647058824,0.8716981132075472,0.4606782781912942,0.2235294117647059,1.0
oc_12_5000_4000_4_0_p019_0710_1,9.698630136986301,0.9021299409716463,0.9745903237607463,0.800984998742361,0.800426929203067,0.7847358121330724,0.8531914893617021,0.7350973941946644,0.5812133072407045,0.9737704918032787
oc_12_5000_4000_4_0_p019_0770_1,10.433684210526316,0.9073715263772417,0.9772585343399006,0.7958000210681602,0.8229124304570947,0.7873684210526316,0.8904761904761904,0.7251358359440069,0.5663157894736842,0.9711191335740073
oc_12_5000_4000_4_0_p019_0800_1,10.916299559471366,0.899104409594763,0.9743774306839187,0.7736750856086241,0.7820396250299617,0.7577092511013216,0.8431372549019608,0.7143100167965172,0.5550660792951542,0.9618320610687023
oc_12_5000_4000_4_0_p019_0830_1,11.913461538461538,0.9093655993831438,0.9769957743857036,0.811881610167222,0.7858252156495281,0.7692307692307693,0.835509138381201,0.7178875367613609,0.5673076923076923,0.9477911646586346
oc_12_5000_4000_4_0_p019_0870_1,13.578082191780823,0.9037368639732928,0.9743690471715842,0.7606178858766305,0.7324581902074744,0.736986301369863,0.7642045454545454,0.6483321077665939,0.44931506849315067,0.9761904761904762
oc_12_5000_4000_4_0_p019_0880_1,14.200573065902578,0.9159557369891932,0.9796406786050895,0.787163535087654,0.7836370177976171,0.7535816618911175,0.842948717948718,0.6748228242726437,0.4813753581661891,0.9824561403508771
oc_12_5000_4000_4_0_p019_0900_1,16.249180327868853,0.9240991118912978,0.9812049230184375,0.8054136394477985,0.7592284622740604,0.6754098360655738,0.8803418803418803,0.5747802193078362,0.35737704918032787,0.9646017699115044
oc_12_5000_4000_4_0_p019_0920_1,19.824,0.93686785949824,0.9862971187091817,0.8332850058559914,0.8433952509092694,0.764,0.9455445544554455,0.5344403390008418,0.3,0.9868421052631579
oc_12_5000_500_0_5_p019_0710_1,5.482300884955753,0.9650710112802852,0.993295290102389,0.9724124542125624,0.9690162702004016,0.9856194690265486,0.9622030237580994,0.9743925389339421,0.9723451327433629,0.9843225083986562
oc_12_5000_500_0_5_p019_0770_1,5.690011481056257,0.9629735088305889,0.9934924489445683,0.9746693824400305,0.9700220294286074,0.9862227324913893,0.9630044843049327,0.9762508306054533,0.9701492537313433,0.9894613583138173
oc_12_5000_500_0_5_p019_0800_1,5.858156028368795,0.9611460981149895,0.9928919855222337,0.9688088098634781,0.9657809219935873,0.9810874704491725,0.9606481481481481,0.9742892934949856,0.9716312056737588,0.9844311377245509
oc_12_5000_500_0_5_p019_0830_1,6.095940959409594,0.9533383618859245,0.9911736696134512,0.9665788086336589,0.9613396272954635,0.982779827798278,0.9511904761904761,0.969171249345629,0.971709717097171,0.9753086419753086
oc_12_5000_500_0_5_p019_0870_1,6.572944297082228,0.9550050456305497,0.9911942206654991,0.9645620877012401,0.9538293356600865,0.9814323607427056,0.9390862944162437,0.9625423492916256,0.96684350132626,0.9681274900398407
oc_12_5000_500_0_5_p019_0880_1,6.742857142857143,0.9597609529104961,0.9919290810050958,0.9677163803325277,0.9536387834606173,0.9823129251700681,0.9376623376623376,0.971790890578865,0.9714285714285714,0.9794238683127572
oc_12_5000_500_0_5_p019_0900_1,7.172214182344429,0.9493523914670343,0.9904873384097751,0.9663674539450791,0.952978881161477,0.9855282199710564,0.9328767123287671,0.9637694504266372,0.9696092619392185,0.9668109668109668
oc_12_5000_500_0_5_p019_0920_1,8.019417475728156,0.9627388368543888,0.9935226228919986,0.9694919926184925,0.9623890367486655,0.9805825242718447,0.9528301886792453,0.9632893374191858,0.9546925566343042,0.9800664451827242
oc_12_500_1000_1_0_p019_0710_1,55.06666666666667,0.8880762995323878,0.9773423503765358,0.561072156087961,0.6016530957068021,0.5,0.7377049180327869,0.4576847234799407,0.23333333333333334,0.9130434782608695
oc_12_500_1000_1_0_p019_0770_1,56.96551724137931,0.9180171797692475,0.9839874677771168,0.635683102563789,0.5850293178825511,0.5747126436781609,0.6097560975609756,0.5046559636465352,0.2988505747126437,0.8666666666666667
oc_12_500_1000_1_0_p019_0800_1,59.0,0.9053112548256254,0.9787503373015873,0.6687287836503515,0.5481111032559174,0.6904761904761905,0.4496124031007752,0.4740866492034293,0.25,0.9130434782608695
oc_12_500_1000_1_0_p019_0830_1,61.18518518518518,0.8850093826578862,0.9735732578916021,0.4877042303412572,0.4080263941570951,0.5061728395061729,0.3474576271186441,0.4753401206341132,0.2716049382716049,0.8461538461538461
oc_12_500_1000_1_0_p019_0870_1,66.08,0.8858122136953877,0.9762958457563109,0.4802937574547964,0.42709814030916604,0.4266666666666667,0.4444444444444444,0.3053114456333488,0.10666666666666667,0.8888888888888888
oc_12_500_1000_1_0_p019_0880_1,67.89041095890411,0.8863098113747104,0.9796983893418174,0.571778602012542,0.36137735601423,0.2054794520547945,0.6521739130434783,0.0,0.0,0.0
oc_12_500_1000_1_0_p019_0900_1,71.82608695652173,0.9135881917509113,0.9840068258706468,0.4254970644188346,0.49425985831417996,0.2608695652173913,0.9473684210526315,0.0,0.0,0.0
oc_12_500_1000_1_0_p019_0920_1,79.93548387096774,0.9093215909337938,0.9831879434037465,0.5401648616017858,0.46496705410546124,0.3870967741935484,0.5714285714285714,0.0,0.0,0.0
oc_12_500_1500_1_5_p019_0710_1,55.06666666666667,0.913612211448083,0.9836703725723345,0.5468347848823092,0.5324875713279887,0.3888888888888889,0.7446808510638298,0.4188854320147331,0.18888888888888888,0.9444444444444444
oc_12_500_1500_1_5_p019_0770_1,56.96551724137931,0.9349516685418071,0.9866071980963712,0.5932889650417306,0.4868721066071286,0.41379310344827586,0.5901639344262295,0.5024764640930991,0.28735632183908044,0.8928571428571429
oc_12_500_1500_1_5_p019_0800_1,59.0,0.8963301921744875,0.9792668253968254,0.507498400306717,0.451219576095254,0.42857142857142855,0.4931506849315068,0.4613899631719473,0.27380952380952384,0.7931034482758621
oc_12_500_1500_1_5_p019_0830_1,61.18518518518518,0.872166788346624,0.9718319833234068,0.42885235146804335,0.3877385051629891,0.3950617283950617,0.4,0.2423581063871979,0.09876543209876543,0.6153846153846154
oc_12_500_1500_1_5_p019_0870_1,66.08,0.8699932883178919,0.9753898230967999,0.19862491323487863,0.3277146490527148,0.2,0.5555555555555556,0.0,0.0,0.0
oc_12_500_1500_1_5_p019_0880_1,67.89041095890411,0.8725921490266787,0.9764811294491946,0.2340324829122571,0.2557567638104482,0.1095890410958904,0.6153846153846154,0.0,0.0,0.0
oc_12_500_1500_1_5_p019_0900_1,71.82608695652173,0.8587119169161854,0.9723501890547264,0.20947605698265548,0.1567748683454294,0.057971014492753624,0.4444444444444444,0.0,0.0,0.0
oc_12_500_1500_1_5_p019_0920_1,79.93548387096774,0.8713373568190395,0.9768468114786768,0.10666959351904237,-0.0035323712856007855,0.0,0.0,0.0,0.0,0.0
oc_12_500_2000_2_0_p019_0710_1,55.06666666666667,0.870807641168284,0.9742826991676575,0.3265831744713106,0.2798548078196819,0.14444444444444443,0.5652173913043478,0.0,0.0,0.0
oc_12_500_2000_2_0_p019_0770_1,56.96551724137931,0.8913254560968059,0.9799139599444775,0.2506298049073532,0.2633255744008574,0.11494252873563218,0.625,0.0,0.0,0.0
oc_12_500_2000_2_0_p019_0800_1,59.0,0.8735524840316639,0.9736927976190476,0.284924460361621,0.19929256997118822,0.16666666666666666,0.2641509433962264,0.0,0.0,0.0
oc_12_500_2000_2_0_p019_0830_1,61.18518518518518,0.8755889510562881,0.9742104427238436,0.19301869027448526,0.08726892225640598,0.04938271604938271,0.18181818181818182,0.0,0.0,0.0
oc_12_500_2000_2_0_p019_0870_1,66.08,0.8699702045120206,0.9742880143112701,0.033868758619053585,-0.005758501268627913,0.0,0.0,0.0,0.0,0.0
oc_12_500_2000_2_0_p019_0880_1,67.89041095890411,0.8839341310866811,0.9791819248359515,0.2243209633326625,0.0,0.0,0.0,0.0,0.0,0.0
oc_12_500_2000_2_0_p019_0900_1,71.82608695652173,0.8794241329149562,0.9769870049751244,0.25118970134506835,0.0,0.0,0.0,0.0,0.0,0.0
oc_12_500_2000_2_0_p019_0920_1,79.93548387096774,0.8716508964385219,0.9757449780789159,0.18549954470627117,0.10435473250119279,0.08064516129032258,0.15625,0.0,0.0,0.0
oc_12_500_2500_2_6_p019_0710_1,57.627906976744185,0.8823601850430179,0.9770259817532725,0.32300015946742233,0.3557596633791267,0.13953488372093023,0.9230769230769231,0.0,0.0,0.0
oc_12_500_2500_2_6_p019_0770_1,60.4390243902439,0.8706429935913171,0.973254485907106,0.2577767122848392,0.2515219947557527,0.1951219512195122,0.34782608695652173,0.0,0.0,0.0
oc_12_500_2500_2_6_p019_0800_1,61.18518518518518,0.8655460628604013,0.9733795910264046,0.17533136428746654,0.17471495472880788,0.1111111111111111,0.3,0.0,0.0,0.0
oc_12_500_2500_2_6_p019_0830_1,63.53846153846154,0.8408031316295707,0.9691778307508939,0.0979523204137347,-0.003955722675618843,0.0,0.0,0.0,0.0,0.0
oc_12_500_2500_2_6_p019_0870_1,68.83333333333333,0.8663436074833872,0.9729612569610183,0.11360447746647995,-0.008520309136465032,0.0,0.0,0.0,0.0,0.0
oc_12_500_2500_2_6_p019_0880_1,69.80281690140845,0.8700448242435652,0.9753144420131291,0.014580440774185632,0.0,0.0,0.0,0.0,0.0,0.0
oc_12_500_2500_2_6_p019_0900_1,75.0909090909091,0.8810049290744985,0.9787802469135802,0.1352528738819736,0.0,0.0,0.0,0.0,0.0,0.0
oc_12_500_2500_2_6_p019_0920_1,84.0,0.8777248314048913,0.9785684346959123,0.021959418158480792,0.0,0.0,0.0,0.0,0.0,0.0
oc_12_500_3000_3_1_p019_0710_1,69.80281690140845,0.8651145718329083,0.9753585040779789,0.1527671904288167,0.3050520961789372,0.1267605633802817,0.75,0.0,0.0,0.0
oc_12_500_3000_3_1_p019_0770_1,73.97014925373135,0.8742541357794482,0.9773981485168226,0.02879884773425534,0.0,0.0,0.0,0.0,0.0,0.0
oc_12_500_3000_3_1_p019_0800_1,75.0909090909091,0.8809598138831382,0.978465850258861,0.22568534953091657,0.0,0.0,0.0,0.0,0.0,0.0
oc_12_500_3000_3_1_p019_0830_1,77.4375,0.8840469078818367,0.9774330278884462,0.22166112694011408,-0.005076980264621234,0.0,0.0,0.0,0.0,0.0
oc_12_500_3000_3_1_p019_0870_1,86.94736842105263,0.8756746483480861,0.9777043087971274,0.16441910013896133,0.26211682661427405,0.10526315789473684,0.6666666666666666,0.0,0.0,0.0
oc_12_500_3000_3_1_p019_0880_1,85.44827586206897,0.8631274439058261,0.9761478659752693,0.1554703837249859,0.0,0.0,0.0,0.0,0.0,0.0
oc_12_500_3000_3_1_p019_0900_1,97.17647058823529,0.8943665374028336,0.9831574595566207,0.05253274930707452,0.0,0.0,0.0,0.0,0.0,0.0
oc_12_500_3000_3_1_p019_0920_1,110.13333333333334,0.8826117244775189,0.9807672665466907,0.09304046988998937,0.0,0.0,0.0,0.0,0.0,0.0
oc_12_500_3500_3_5_p019_0710_1,82.6,0.9028165925302797,0.9840424441786284,0.08552320513963063,0.0,0.0,0.0,0.0,0.0,0.0
oc_12_500_3500_3_5_p019_0770_1,85.44827586206897,0.9029756110023897,0.9838649980055844,0.2849858069578435,0.3124009081632256,0.15517241379310345,0.6428571428571429,0.0,0.0,0.0
oc_12_500_3500_3_5_p019_0800_1,90.10909090909091,0.8723327757760864,0.976976292157254,0.07049686032678892,0.0,0.0,0.0,0.0,0.0,0.0
oc_12_500_3500_3_5_p019_0830_1,95.3076923076923,0.8375575116036331,0.963949660543131,0.07755902452823737,-0.009753716813321399,0.0,0.0,0.0,0.0,0.0
oc_12_500_3500_3_5_p019_0870_1,105.44680851063829,0.8578707299826442,0.9734680991405157,0.21088372548060064,-0.0023853873143003805,0.0,0.0,0.0,0.0,0.0
oc_12_500_3500_3_5_p019_0880_1,112.63636363636364,0.9102921174562267,0.98680236,0.08616075813096291,0.0,0.0,0.0,0.0,0.0,0.0
oc_12_500_3500_3_5_p019_0900_1,123.9,0.8844137201051514,0.9816430144115292,0.21221127540451168,0.0,0.0,0.0,0.0,0.0,0.0
oc_12_500_3500_3_5_p019_0920_1,137.66666666666666,0.8799735483224678,0.9810900841346154,0.1436265231853333,0.0,0.0,0.0,0.0,0.0,0.0
oc_12_500_4000_4_0_p019_0710_1,97.17647058823529,0.877076066427589,0.9790877771120431,0.31194120810032966,0.4200740559544193,0.19607843137254902,0.9090909090909091,0.0,0.0,0.0
oc_12_500_4000_4_0_p019_0770_1,103.25,0.9067447997110285,0.9836660071942446,0.4272798853539044,0.40878566580701386,0.1875,0.9,0.0,0.0,0.0
oc_12_500_4000_4_0_p019_0800_1,112.63636363636364,0.8610121860437331,0.97287178,0.24790284355330583,-0.004001180643726335,0.0,0.0,0.0,0.0,0.0
oc_12_500_4000_4_0_p019_0830_1,118.0,0.901244286224462,0.9849359543817527,0.3560077046479083,0.3882814803531921,0.19047619047619047,0.8,0.0,0.0,0.0
oc_12_500_4000_4_0_p019_0870_1,130.42105263157896,0.8967506702140003,0.9828823187825391,0.040515701415804406,0.2679278516241112,0.13157894736842105,0.5555555555555556,0.0,0.0,0.0
oc_12_500_4000_4_0_p019_0880_1,145.76470588235293,0.8566513417714307,0.9762901603206413,0.2377270556046438,0.0,0.0,0.0,0.0,0.0,0.0
oc_12_500_4000_4_0_p019_0900_1,159.8709677419355,0.8790640132346869,0.9795759775416082,0.060427038049946424,0.0,0.0,0.0,0.0,0.0,0.0
oc_12_500_4000_4_0_p019_0920_1,198.24,0.8773212157106899,0.9813861473599679,0.5314325357898216,0.0,0.0,0.0,0.0,0.0,0.0
oc_12_500_500_0_5_p019_0710_1,55.06666666666667,0.9339955378818504,0.9876121284185494,0.8043023145725392,0.7758346570463623,0.8222222222222222,0.74,0.7847956443227854,0.7,0.8873239436619719
oc_12_500_500_0_5_p019_0770_1,56.96551724137931,0.9387978562335125,0.9880747769185009,0.8040281563936598,0.741373624163112,0.8275862068965517,0.6728971962616822,0.8354497901075859,0.7241379310344828,0.9692307692307692
oc_12_500_500_0_5_p019_0800_1,59.0,0.9334349257989464,0.9872134523809524,0.8484761543763494,0.7548872096049902,0.8690476190476191,0.6636363636363637,0.871418567769841,0.7857142857142857,0.9705882352941176
oc_12_500_500_0_5_p019_0830_1,61.18518518518518,0.927455344593499,0.9851825689894779,0.8430162620822541,0.6625410827264828,0.8765432098765432,0.5107913669064749,0.8169667146288282,0.8148148148148148,0.825
oc_12_500_500_0_5_p019_0870_1,66.08,0.9379751872110611,0.988668356191612,0.8519275830339009,0.7387738992590793,0.8666666666666667,0.6372549019607843,0.8093348517456918,0.72,0.9152542372881356
oc_12_500_500_0_5_p019_0880_1,67.89041095890411,0.9531641237391228,0.9919019486975542,0.8540580991185797,0.7952980318244641,0.8767123287671232,0.7272727272727273,0.8761514419398034,0.821917808219178,0.9375
oc_12_500_500_0_5_p019_0900_1,71.82608695652173,0.9262712887453534,0.9847169552238806,0.8402724409028186,0.648019523296694,0.8695652173913043,0.4918032786885246,0.7805827266284401,0.8115942028985508,0.7567567567567568
oc_12_500_500_0_5_p019_0920_1,79.93548387096774,0.9493660127775605,0.9915358110801116,0.8518496150875292,0.7785571636387704,0.8709677419354839,0.7012987012987013,0.8275964341921446,0.7741935483870968,0.8888888888888888
