Name,CI,LSR,BSL,HMS,MCC_5,TPR_5,PPV_5,MCC_9,TPR_9,PPV_9
oc_12_10000_1000_1_0_p019_0710_1,2.742667404537908,0.8268844395599917,0.9572017152151412,0.888425142726789,0.8769922538293154,0.9839513004980631,0.8442545109211775,0.9062790125734576,0.9407858328721638,0.9224091155724362
oc_12_10000_1000_1_0_p019_0770_1,2.8450057405281286,0.834865287201501,0.960410152284264,0.8984552395749181,0.8893213300675292,0.9850746268656716,0.858,0.9057696417863383,0.9494833524684271,0.912300055157198
oc_12_10000_1000_1_0_p019_0800_1,2.9290780141843973,0.8414341721428815,0.9622813477737665,0.8968991936965487,0.9001503014752595,0.9828605200945626,0.8734243697478992,0.9048459715336351,0.9343971631205674,0.9240210403272939
oc_12_10000_1000_1_0_p019_0830_1,3.047970479704797,0.8380601941504048,0.9568872683075054,0.8888334458374595,0.8730958819943854,0.9858548585485855,0.8327272727272728,0.8865005894291564,0.9034440344403444,0.9250629722921915
oc_12_10000_1000_1_0_p019_0870_1,3.286472148541114,0.8180062014516473,0.956244801980198,0.888266608171924,0.872288272865813,0.98342175066313,0.8303471444568868,0.8967674584747389,0.9442970822281167,0.898989898989899
oc_12_10000_1000_1_0_p019_0880_1,3.3714285714285714,0.8194995896811635,0.9562644257703081,0.8844794633170991,0.8722342049685208,0.9795918367346939,0.8323699421965318,0.8957690011873447,0.9408163265306122,0.8998048145738452
oc_12_10000_1000_1_0_p019_0900_1,3.591304347826087,0.813423201666638,0.9552027777777777,0.8855508096295237,0.8626732702288996,0.981159420289855,0.8151715833835039,0.8931841171670944,0.9442028985507246,0.8906356801093643
oc_12_10000_1000_1_0_p019_0920_1,4.009708737864078,0.8251434666467429,0.9577819121447029,0.8812085432355751,0.8629506817197431,0.9789644012944984,0.8126259234385493,0.8708837394323288,0.919093851132686,0.8758673862760216
oc_12_10000_1500_1_5_p019_0710_1,2.742667404537908,0.7271354896871366,0.9278994529055153,0.7914218153748634,0.7961095929269898,0.951300498063088,0.7680965147453083,0.8228502311922707,0.8727172108467073,0.8679141441937259
oc_12_10000_1500_1_5_p019_0770_1,2.8450057405281286,0.7251015047600546,0.9290974022096148,0.7961243392966992,0.8015824843735103,0.9569460390355913,0.7678489175495163,0.8248482192564364,0.8777267508610792,0.8638418079096045
oc_12_10000_1500_1_5_p019_0800_1,2.9290780141843973,0.7215277052379858,0.9255944645006017,0.7934112745405597,0.7899136218850422,0.9491725768321513,0.7571900047147572,0.8346214921232282,0.8882978723404256,0.8662824207492795
oc_12_10000_1500_1_5_p019_0830_1,3.047970479704797,0.7384176983490613,0.9253552111820116,0.78150762811156,0.783265955410896,0.9538745387453874,0.7424605074198181,0.8082290796036752,0.8622386223862238,0.8496969696969697
oc_12_10000_1500_1_5_p019_0870_1,3.286472148541114,0.7238851173402372,0.9273655940594059,0.7860041839416056,0.7766400328387415,0.9416445623342176,0.7376623376623377,0.8147805575169236,0.860079575596817,0.856105610561056
oc_12_10000_1500_1_5_p019_0880_1,3.3714285714285714,0.7132200993527996,0.9246090258325552,0.7734204399930628,0.777043483226154,0.9482993197278912,0.7313746065057712,0.7970579010534871,0.8605442176870748,0.8284217419777341
oc_12_10000_1500_1_5_p019_0900_1,3.591304347826087,0.7127063507830225,0.925070202020202,0.7797936981762759,0.7731315718368597,0.9507246376811594,0.7200878155872668,0.7999374336761158,0.8492753623188406,0.8383404864091559
oc_12_10000_1500_1_5_p019_0920_1,4.009708737864078,0.7081985159379456,0.9234426356589147,0.7482439699620689,0.7487946847607186,0.9288025889967637,0.6966019417475728,0.7645039158710268,0.8066343042071198,0.8158756137479541
oc_12_10000_2000_2_0_p019_0710_1,2.742667404537908,0.673594434832276,0.9080301641283455,0.701399778766715,0.7268317478033826,0.8859988931931378,0.7327231121281464,0.7673084315621191,0.7941339236303265,0.8608278344331134
oc_12_10000_2000_2_0_p019_0770_1,2.8450057405281286,0.6886188908380129,0.9133776052553001,0.7223984868481164,0.7431976643161508,0.9121699196326062,0.729903536977492,0.7790071769486718,0.7956371986222732,0.8733459357277883
oc_12_10000_2000_2_0_p019_0800_1,2.9290780141843973,0.6324183132465448,0.9006842358604091,0.6957866977843421,0.7089291838974855,0.9095744680851063,0.6882826475849732,0.7564441562584978,0.8031914893617021,0.8317013463892289
oc_12_10000_2000_2_0_p019_0830_1,3.047970479704797,0.6310336298053477,0.8997087815253723,0.6862597366881376,0.7104448973960842,0.9059040590405905,0.6886395511921458,0.7477166872675738,0.7921279212792128,0.8256410256410256
oc_12_10000_2000_2_0_p019_0870_1,3.286472148541114,0.668263591881693,0.9066737623762376,0.6863102739860469,0.7047900732442597,0.8945623342175066,0.682346990389479,0.7351704286802923,0.753315649867374,0.8359087564385578
oc_12_10000_2000_2_0_p019_0880_1,3.3714285714285714,0.6513705929769752,0.9064627450980391,0.6687469608082323,0.7016286900156129,0.8687074829931973,0.6940217391304347,0.7206656018658953,0.7503401360544217,0.8146233382570163
oc_12_10000_2000_2_0_p019_0900_1,3.591304347826087,0.613838085948708,0.8987058080808081,0.6590209751388236,0.6944662115280827,0.8804347826086957,0.6709000552181116,0.7106113768143796,0.7644927536231884,0.7814814814814814
oc_12_10000_2000_2_0_p019_0920_1,4.009708737864078,0.638830054295087,0.9003131782945737,0.6363745818826807,0.6665338527573287,0.8551779935275081,0.6425531914893617,0.6764503850308408,0.7022653721682848,0.775
oc_12_10000_2500_2_6_p019_0710_1,2.898245614035088,0.6436266901709791,0.8955444344434443,0.655327833248143,0.6804570812538282,0.8783625730994152,0.6774921064501579,0.7243008308490917,0.7298245614035088,0.8530416951469583
oc_12_10000_2500_2_6_p019_0770_1,2.996372430471584,0.6163018130212259,0.8917833585476551,0.6404525681426221,0.674001382206088,0.8591293833131801,0.6792543021032504,0.7272412114705524,0.747279322853688,0.8379661016949153
oc_12_10000_2500_2_6_p019_0800_1,3.089775561097257,0.6375629077775629,0.8968626829268292,0.6394563064692452,0.68009581383241,0.8503740648379052,0.6892369883779687,0.716927955662384,0.713216957605985,0.8518242740134029
oc_12_10000_2500_2_6_p019_0830_1,3.205692108667529,0.6461499950684145,0.8995545985850507,0.6521745602880313,0.6783197243554054,0.8538163001293662,0.6807632800412584,0.7225360622267505,0.6998706338939198,0.8704746580852776
oc_12_10000_2500_2_6_p019_0870_1,3.4852320675105486,0.6535736070930629,0.9031109438695516,0.6109538758324007,0.663846238074165,0.8037974683544303,0.6889692585895117,0.6819960013525914,0.650492264416315,0.847846012832264
oc_12_10000_2500_2_6_p019_0880_1,3.552688172043011,0.6291256733966897,0.8961645095260589,0.6008724075371332,0.6589003935317473,0.8193548387096774,0.6695957820738138,0.6659056909835459,0.6602150537634408,0.8100263852242744
oc_12_10000_2500_2_6_p019_0900_1,3.786096256684492,0.6301967562716251,0.8898293375897846,0.5911055807279975,0.6248159715214829,0.828113063407181,0.6148610323312536,0.6702170650259893,0.6386554621848739,0.8326693227091634
oc_12_10000_2500_2_6_p019_0920_1,4.2107051826678,0.6526011444579807,0.9016768302625142,0.5826790119444694,0.6307612627864724,0.7816482582837723,0.6415620641562064,0.6333229395401336,0.6032285471537808,0.7968574635241302
oc_12_10000_3000_3_1_p019_0710_1,3.480337078651685,0.7047767902964811,0.91904,0.6875585164326987,0.727908180436368,0.8469101123595506,0.7412415488629379,0.7567291561607422,0.7212078651685393,0.896943231441048
oc_12_10000_3000_3_1_p019_0770_1,3.6201607012417822,0.6943740745627789,0.9127963320158102,0.6593952747353665,0.6968145529539533,0.83345507669832,0.7065015479876161,0.7339618747967752,0.6888239590942293,0.890462700661001
oc_12_10000_3000_3_1_p019_0800_1,3.777439024390244,0.6646068175308231,0.9045347798340778,0.6453394257271243,0.6610669517579005,0.8376524390243902,0.6533888228299644,0.7187236519837061,0.6966463414634146,0.8534080298786181
oc_12_10000_3000_3_1_p019_0830_1,3.9584664536741214,0.665579305704519,0.9070917525773196,0.6421744484044289,0.680690046533227,0.8274760383386581,0.6811308349769888,0.7191032566448088,0.6940894568690096,0.8527968596663396
oc_12_10000_3000_3_1_p019_0870_1,4.3321678321678325,0.6898611012579321,0.910736262295082,0.6190844664969821,0.6530613719794106,0.798951048951049,0.656137832017229,0.6943728762967643,0.6459790209790209,0.8543352601156069
oc_12_10000_3000_3_1_p019_0880_1,4.489130434782608,0.6846349378112533,0.9121486468646864,0.6210801850935437,0.6552440727001727,0.7998188405797102,0.6550445103857567,0.6833584075475507,0.6322463768115942,0.8470873786407767
oc_12_10000_3000_3_1_p019_0900_1,4.8116504854368936,0.6969621025805796,0.9152948880721684,0.6001784547726576,0.6546714750861432,0.7708737864077669,0.6689132266217355,0.6526985798511293,0.574757281553398,0.8517985611510791
oc_12_10000_3000_3_1_p019_0920_1,5.518930957683741,0.6986744818460885,0.9119945336522036,0.5850674971050134,0.6039217950403055,0.7583518930957683,0.5947598253275109,0.6390304210336738,0.5623608017817372,0.8292282430213465
oc_12_10000_3500_3_5_p019_0710_1,4.147280334728033,0.7422610851303507,0.9290774183059665,0.7026985401517523,0.7350522604348168,0.8410041841004184,0.7411504424778761,0.768566895780445,0.7305439330543934,0.8944672131147541
oc_12_10000_3500_3_5_p019_0770_1,4.324607329842932,0.7392975485993931,0.9291080957063258,0.7105981840941475,0.7334745951219657,0.8490401396160558,0.7293853073463268,0.7575890655757491,0.7198952879581152,0.8842443729903537
oc_12_10000_3500_3_5_p019_0800_1,4.493200362647325,0.7188334960153603,0.9226655223634264,0.6819330319075878,0.7075107336008446,0.8268359020852222,0.7069767441860465,0.7568381008306851,0.71350861287398,0.887260428410372
oc_12_10000_3500_3_5_p019_0830_1,4.760806916426513,0.6912021795004777,0.9145308654327163,0.6485018200742396,0.6726907910362023,0.8165225744476465,0.6614785992217899,0.7145166835332234,0.6906820365033621,0.834106728538283
oc_12_10000_3500_3_5_p019_0870_1,5.294871794871795,0.6880712827553301,0.9179112016293279,0.6372073427243109,0.6699153775581861,0.7938034188034188,0.6651745747538048,0.6757586983796927,0.6634615384615384,0.7870722433460076
oc_12_10000_3500_3_5_p019_0880_1,5.53125,0.703513307669998,0.9198594668489405,0.6410963236602898,0.6611291434144814,0.7935267857142857,0.6493150684931507,0.6739869111729615,0.6383928571428571,0.8067700987306065
oc_12_10000_3500_3_5_p019_0900_1,6.126081582200247,0.7345905127359782,0.9249831743278404,0.6112429390457979,0.6421612689792185,0.754017305315204,0.642781875658588,0.6470403238189214,0.5574783683559951,0.8429906542056075
oc_12_10000_3500_3_5_p019_0920_1,7.193033381712627,0.7371688118032155,0.9271723649247121,0.613124646464542,0.6337991119130021,0.7547169811320755,0.6175771971496437,0.6489367209053457,0.5602322206095791,0.8318965517241379
oc_12_10000_4000_4_0_p019_0710_1,4.887573964497041,0.7654319099362283,0.9365432495812396,0.7180869256665956,0.7451202984424626,0.8372781065088757,0.7467018469656992,0.7716696115228483,0.7287968441814595,0.8914354644149578
oc_12_10000_4000_4_0_p019_0770_1,5.211356466876971,0.780289953374262,0.9403842221093618,0.7283574178305288,0.748788127813494,0.8496319663512093,0.7378995433789954,0.7764989500470592,0.7171398527865405,0.9093333333333333
oc_12_10000_4000_4_0_p019_0800_1,5.518930957683741,0.7500121469817068,0.9347446532285617,0.712526493730416,0.7264029953850586,0.8496659242761693,0.7012867647058824,0.7453359420650777,0.7238307349665924,0.8430609597924773
oc_12_10000_4000_4_0_p019_0830_1,5.9,0.720044170075405,0.926759420289855,0.6870832712118475,0.6863789490755116,0.8273809523809523,0.6556603773584906,0.714416284369673,0.6976190476190476,0.8116343490304709
oc_12_10000_4000_4_0_p019_0870_1,6.752043596730245,0.7132191499039535,0.9239865026362039,0.6287209145335141,0.6455605136295224,0.7779291553133515,0.6226826608505998,0.668969538929253,0.6539509536784741,0.7667731629392971
oc_12_10000_4000_4_0_p019_0880_1,7.0,0.7491250849509936,0.9343344632768361,0.6766971109695115,0.6855081703615756,0.8036723163841808,0.660092807424594,0.6677737969285628,0.617231638418079,0.8018348623853211
oc_12_10000_4000_4_0_p019_0900_1,7.955056179775281,0.7533566351384626,0.9339574834199678,0.6109344010881225,0.6221729557376516,0.7335473515248796,0.6085219707057257,0.6589809406023572,0.5874799357945425,0.811529933481153
oc_12_10000_4000_4_0_p019_0920_1,10.012121212121212,0.7889805762489184,0.9424410933773619,0.5988225952283697,0.608542205818311,0.696969696969697,0.6,0.622188296585174,0.4868686868686869,0.8576512455516014
oc_12_10000_500_0_5_p019_0710_1,2.742667404537908,0.9416171663353685,0.9888002365813988,0.9772743158746642,0.9715960377479658,0.9977863862755949,0.9610874200426439,0.9754524344062389,0.981737686773658,0.982281284606866
oc_12_10000_500_0_5_p019_0770_1,2.8450057405281286,0.9325662866566915,0.9872647357420126,0.9738885039898336,0.965851828017444,0.9936854190585533,0.956353591160221,0.9787063446928423,0.986796785304248,0.981724728726442
oc_12_10000_500_0_5_p019_0800_1,2.9290780141843973,0.9381006370909473,0.9878043321299639,0.9765750916302364,0.9642267379545133,0.9970449172576832,0.9504225352112676,0.973034876060147,0.9793144208037825,0.9804733727810651
oc_12_10000_500_0_5_p019_0830_1,3.047970479704797,0.9248201475398523,0.9847776359769067,0.9726644952755843,0.9627328455689586,0.9956949569495694,0.9490035169988277,0.9768265746714844,0.9876998769987699,0.9774802191113816
oc_12_10000_500_0_5_p019_0870_1,3.286472148541114,0.9310847986104445,0.9863207920792079,0.9699795982603101,0.9631499889966506,0.9900530503978779,0.9539936102236422,0.9745169521168511,0.9820954907161804,0.9788499669530734
oc_12_10000_500_0_5_p019_0880_1,3.3714285714285714,0.9212613914215693,0.984651104886399,0.9758214779337852,0.9601426521175942,0.998639455782313,0.941025641025641,0.9731320477822563,0.9809523809523809,0.9776271186440678
oc_12_10000_500_0_5_p019_0900_1,3.591304347826087,0.9299371105383759,0.9863934343434343,0.9738584429932735,0.9643971244780437,0.9942028985507246,0.9507969507969508,0.972843191386534,0.9855072463768116,0.9721229449606862
oc_12_10000_500_0_5_p019_0920_1,4.009708737864078,0.9328444152404357,0.9872891472868217,0.9665814706504552,0.9625074799287376,0.9902912621359223,0.9503105590062112,0.9646894594261871,0.9741100323624595,0.9694041867954911
oc_12_1000_1000_1_0_p019_0710_1,27.38121546961326,0.8514466921255799,0.9643723574070469,0.7281705265924795,0.5949294698315649,0.7790055248618785,0.4812286689419795,0.578155401137433,0.5082872928176796,0.6865671641791045
oc_12_1000_1000_1_0_p019_0770_1,28.32,0.857367530744992,0.966100331319431,0.7695552925254797,0.6306200899255866,0.8285714285714286,0.5034722222222222,0.6596827289028695,0.6057142857142858,0.7412587412587412
oc_12_1000_1000_1_0_p019_0800_1,29.152941176470588,0.8338396486312766,0.959151931330472,0.7576634149344035,0.5536624188809112,0.8294117647058824,0.3960674157303371,0.6038859338713994,0.6352941176470588,0.6
oc_12_1000_1000_1_0_p019_0830_1,30.404907975460123,0.8346828605806662,0.959536159406134,0.7154659100674439,0.5674319829459992,0.7975460122699386,0.429042904290429,0.6026278061344851,0.5460122699386503,0.689922480620155
oc_12_1000_1000_1_0_p019_0870_1,32.82119205298013,0.860457575752299,0.9662731153318974,0.6851430446038511,0.5059918913318835,0.6688741721854304,0.4105691056910569,0.5646145735620579,0.4304635761589404,0.7647058823529411
oc_12_1000_1000_1_0_p019_0880_1,33.714285714285715,0.8603228912490329,0.967675171467764,0.766908177481994,0.6072955634225973,0.8231292517006803,0.4689922480620155,0.6299114376310654,0.5578231292517006,0.7321428571428571
oc_12_1000_1000_1_0_p019_0900_1,35.65467625899281,0.8345721284802031,0.9596759175662414,0.7055527014625955,0.49921091176836374,0.7553956834532374,0.3547297297297297,0.5604191022692527,0.5971223021582733,0.5496688741721855
oc_12_1000_1000_1_0_p019_0920_1,39.96774193548387,0.8605993168920476,0.9673603149606299,0.7083467917027427,0.5142685894794409,0.6612903225806451,0.422680412371134,0.5309000376929093,0.5241935483870968,0.5603448275862069
oc_12_1000_1500_1_5_p019_0710_1,27.38121546961326,0.8493300631499572,0.9630383492310687,0.5281782160421189,0.4944290358081477,0.574585635359116,0.46017699115044247,0.4859685916838434,0.30386740331491713,0.8088235294117647
oc_12_1000_1500_1_5_p019_0770_1,28.32,0.8313699653870545,0.9573291755992984,0.589816549656039,0.49240000945576584,0.6971428571428572,0.38006230529595014,0.5665420171784004,0.49714285714285716,0.6744186046511628
oc_12_1000_1500_1_5_p019_0800_1,29.152941176470588,0.8424261525636735,0.9619798673429575,0.5546571190016747,0.4680504075211083,0.5705882352941176,0.41810344827586204,0.5202264768798335,0.40588235294117647,0.696969696969697
oc_12_1000_1500_1_5_p019_0830_1,30.404907975460123,0.8094445883167714,0.9514867747606954,0.581681373186396,0.45293518074081524,0.6809815950920245,0.3333333333333333,0.49753044533132723,0.44785276073619634,0.584
oc_12_1000_1500_1_5_p019_0870_1,32.82119205298013,0.8430764422862305,0.9606065400430781,0.46786544245390005,0.3653718853700969,0.46357615894039733,0.32407407407407407,0.3137119625946127,0.17880794701986755,0.5869565217391305
oc_12_1000_1500_1_5_p019_0880_1,33.714285714285715,0.8447165320880105,0.9617015873015873,0.5381985351888031,0.4283109683808187,0.5918367346938775,0.3411764705882353,0.3867076325538798,0.24489795918367346,0.6428571428571429
oc_12_1000_1500_1_5_p019_0900_1,35.65467625899281,0.8260867488248855,0.9556716781157998,0.5469976648351149,0.42276459719294635,0.6474820143884892,0.3050847457627119,0.4010772336879414,0.30935251798561153,0.5512820512820513
oc_12_1000_1500_1_5_p019_0920_1,39.96774193548387,0.8207331720812292,0.9559203149606299,0.4446922983937598,0.36787519111210926,0.5080645161290323,0.29577464788732394,0.21500168092353686,0.1774193548387097,0.2972972972972973
oc_12_1000_2000_2_0_p019_0710_1,27.38121546961326,0.8402612339371008,0.9623232236714035,0.3912017913945044,0.4517681805385239,0.44751381215469616,0.49390243902439024,0.4469636132022313,0.27624309392265195,0.7575757575757576
oc_12_1000_2000_2_0_p019_0770_1,28.32,0.8420399105386529,0.9596192555057493,0.5118758670398864,0.4262391945574712,0.5314285714285715,0.3795918367346939,0.5055249761322997,0.32571428571428573,0.8142857142857143
oc_12_1000_2000_2_0_p019_0800_1,29.152941176470588,0.8224153529713254,0.9532672649239173,0.4279428782310083,0.3390183603202791,0.47058823529411764,0.2857142857142857,0.3848897496968638,0.2529411764705882,0.6231884057971014
oc_12_1000_2000_2_0_p019_0830_1,30.404907975460123,0.8207237629880921,0.9541832389138504,0.45321839697983024,0.39935386005935114,0.5460122699386503,0.3284132841328413,0.429914960964315,0.24539877300613497,0.7843137254901961
oc_12_1000_2000_2_0_p019_0870_1,32.82119205298013,0.8282421590893874,0.9587004503622479,0.2170066982138117,0.22671225624365143,0.24503311258278146,0.2534246575342466,0.2236158296148444,0.08609271523178808,0.6190476190476191
oc_12_1000_2000_2_0_p019_0880_1,33.714285714285715,0.8367616479512744,0.9594597687634725,0.36578459101554095,0.337412116615819,0.40816326530612246,0.3157894736842105,0.21077381885989602,0.08843537414965986,0.5416666666666666
oc_12_1000_2000_2_0_p019_0900_1,35.65467625899281,0.8403446392156594,0.9601061432777233,0.38150040440930943,0.3110520733797604,0.39568345323741005,0.28061224489795916,0.24687565387673255,0.1079136690647482,0.6
oc_12_1000_2000_2_0_p019_0920_1,39.96774193548387,0.8563404766692381,0.9651162204724409,0.3466965955428608,0.30873209230726356,0.3548387096774194,0.3013698630136986,0.1434805645754636,0.04838709677419355,0.46153846153846156
oc_12_1000_2500_2_6_p019_0710_1,28.982456140350877,0.8478883818331373,0.9639277550224302,0.4033242113146881,0.42450501401062923,0.4327485380116959,0.4539877300613497,0.3576847463950586,0.15789473684210525,0.84375
oc_12_1000_2500_2_6_p019_0770_1,29.5,0.8370854793482432,0.9599338017174083,0.3849626428770355,0.37676788343971185,0.4166666666666667,0.3804347826086957,0.27868593841063316,0.14285714285714285,0.5853658536585366
oc_12_1000_2500_2_6_p019_0800_1,30.782608695652176,0.8415276902110567,0.9614517881571233,0.42503662847672896,0.36203105261774565,0.40993788819875776,0.358695652173913,0.260851456519913,0.12422360248447205,0.5882352941176471
oc_12_1000_2500_2_6_p019_0830_1,32.18181818181818,0.8331343532732822,0.9583787084148728,0.278632241864494,0.2870005120538674,0.3116883116883117,0.3057324840764331,0.22793306104762875,0.06493506493506493,0.8333333333333334
oc_12_1000_2500_2_6_p019_0870_1,34.179310344827584,0.8183559206074813,0.9539641638894334,0.294849428495212,0.2828611926133382,0.4068965517241379,0.2350597609561753,0.16875609798883395,0.06896551724137931,0.45454545454545453
oc_12_1000_2500_2_6_p019_0880_1,35.148936170212764,0.8349654100220496,0.961118147930155,0.3812579825441149,0.3990541459208407,0.44680851063829785,0.3888888888888889,0.4124732152155174,0.24822695035460993,0.7142857142857143
oc_12_1000_2500_2_6_p019_0900_1,37.54545454545455,0.831615379248588,0.9605427672955975,0.14310058423032745,0.17482233858694568,0.18181818181818182,0.20869565217391303,0.1254993572104895,0.03787878787878788,0.45454545454545453
oc_12_1000_2500_2_6_p019_0920_1,42.724137931034484,0.8525540128625985,0.9672167192429022,0.21004094064794632,0.2780511432985054,0.22413793103448276,0.37681159420289856,0.18657809319811094,0.04310344827586207,0.8333333333333334
oc_12_1000_3000_3_1_p019_0710_1,35.148936170212764,0.8484548935910733,0.9636303708063567,0.357192926131656,0.346955706927834,0.3900709219858156,0.34375,0.3976627566873098,0.19858156028368795,0.8235294117647058
oc_12_1000_3000_3_1_p019_0770_1,36.71111111111111,0.8502670529617409,0.9635001374975447,0.4250737365080579,0.3633051338993703,0.4444444444444444,0.32967032967032966,0.3721807588337205,0.21481481481481482,0.6744186046511628
oc_12_1000_3000_3_1_p019_0800_1,37.54545454545455,0.8258658305339788,0.9572493710691824,0.355572280186211,0.31178938885164037,0.4318181818181818,0.2590909090909091,0.4035925262376504,0.3106060606060606,0.5540540540540541
oc_12_1000_3000_3_1_p019_0830_1,39.648,0.8432803196540024,0.9623028537689431,0.3588839600408079,0.31781431580354164,0.336,0.3333333333333333,0.24895654199206121,0.088,0.7333333333333333
oc_12_1000_3000_3_1_p019_0870_1,43.095652173913045,0.8623045897206423,0.9681445079865905,0.38647556739937394,0.3287242905491468,0.3826086956521739,0.3120567375886525,0.35781977127952297,0.1391304347826087,0.9411764705882353
oc_12_1000_3000_3_1_p019_0880_1,44.648648648648646,0.842759333076491,0.9639142687981054,0.2739468736373929,0.23675173668832736,0.25225225225225223,0.2545454545454545,0.1927595203273078,0.0990990990990991,0.4074074074074074
oc_12_1000_3000_3_1_p019_0900_1,47.2,0.8693115304452456,0.9704637028255285,0.2052894915138922,0.11456860076461811,0.09523809523809523,0.1724137931034483,0.19322108574651342,0.0380952380952381,1.0
oc_12_1000_3000_3_1_p019_0920_1,55.68539325842696,0.8665579288666535,0.9706662438057483,0.19902301014193757,0.21757001771264428,0.20224719101123595,0.2608695652173913,0.0,0.0,0.0
oc_12_1000_3500_3_5_p019_0710_1,40.95867768595041,0.866881107533598,0.9707411463462675,0.4746471922521476,0.45849122164282796,0.4793388429752066,0.464,0.47434395018107306,0.2727272727272727,0.8461538461538461
oc_12_1000_3500_3_5_p019_0770_1,43.473684210526315,0.8597837865964493,0.9677920315581854,0.5503924387724933,0.48854624758085513,0.631578947368421,0.4,0.4821068714396563,0.30701754385964913,0.7777777777777778
oc_12_1000_3500_3_5_p019_0800_1,44.25,0.8485899274477557,0.9641341752170481,0.3859083299998991,0.33993771200548456,0.45535714285714285,0.281767955801105,0.362101579776083,0.23214285714285715,0.5909090909090909
oc_12_1000_3500_3_5_p019_0830_1,48.116504854368934,0.8477613229721586,0.9643180075113659,0.26493675979544007,0.22950886393725567,0.27184466019417475,0.224,0.2771933606024463,0.08737864077669903,0.9
oc_12_1000_3500_3_5_p019_0870_1,53.869565217391305,0.8620439681311423,0.9665122028526149,0.44461019099651744,0.31329968511247636,0.4673913043478261,0.23369565217391305,0.3190609869474961,0.13043478260869565,0.8
oc_12_1000_3500_3_5_p019_0880_1,55.68539325842696,0.8611685283900441,0.9698939940535183,0.24167732641921424,0.25169738480295006,0.24719101123595505,0.28205128205128205,0.21381108772949572,0.056179775280898875,0.8333333333333334
oc_12_1000_3500_3_5_p019_0900_1,60.4390243902439,0.8818853674764712,0.9753206828106391,0.11873273555577013,0.11656708920293335,0.0975609756097561,0.16666666666666666,0.0,0.0,0.0
oc_12_1000_3500_3_5_p019_0920_1,72.88235294117646,0.8641655115940585,0.9703898089171975,0.18187055509534733,0.1943510120627651,0.17647058823529413,0.23529411764705882,0.1799118444504471,0.04411764705882353,0.75
oc_12_1000_4000_4_0_p019_0710_1,49.06930693069307,0.8752826601504959,0.97216531540439,0.38515389330605687,0.39535924385468646,0.42574257425742573,0.39090909090909093,0.40838841003891185,0.18811881188118812,0.9047619047619048
oc_12_1000_4000_4_0_p019_0770_1,52.16842105263158,0.8702733552599995,0.9702930904771332,0.4480620523287854,0.35787680917860565,0.43157894736842106,0.3203125,0.40557051961910184,0.21052631578947367,0.8
oc_12_1000_4000_4_0_p019_0800_1,54.46153846153846,0.86182744102231,0.9685313255399247,0.34914549493874214,0.32438309819299616,0.4065934065934066,0.2824427480916031,0.29957365961720406,0.14285714285714285,0.65
oc_12_1000_4000_4_0_p019_0830_1,58.305882352941175,0.8624037352469235,0.9685062487601667,0.2240298295969957,0.1712664524873663,0.2,0.17346938775510204,0.17422099004345684,0.047058823529411764,0.6666666666666666
oc_12_1000_4000_4_0_p019_0870_1,67.89041095890411,0.8765179732247845,0.9740818452972758,0.2927527728096263,0.18043719296742897,0.1506849315068493,0.2391304347826087,0.23246960699463937,0.0547945205479452,1.0
oc_12_1000_4000_4_0_p019_0880_1,71.82608695652173,0.8847168906618194,0.9770134925373134,0.3145677794572278,0.3238284717116663,0.21739130434782608,0.5,0.3400758511953322,0.13043478260869565,0.9
oc_12_1000_4000_4_0_p019_0900_1,79.93548387096774,0.8745011567985912,0.971080749302511,0.2722873455478225,0.17402392947832368,0.27419354838709675,0.1297709923664122,0.0,0.0,0.0
oc_12_1000_4000_4_0_p019_0920_1,99.12,0.8911164854580148,0.9772608869356771,0.2247716901133222,0.15084789357347428,0.18,0.14285714285714285,0.3480239941436966,0.14,0.875
oc_12_1000_500_0_5_p019_0710_1,27.38121546961326,0.881305202704047,0.9743018882616313,0.938044389031574,0.7408026647641006,0.9834254143646409,0.5741935483870968,0.8594107972215318,0.8950276243093923,0.8350515463917526
oc_12_1000_500_0_5_p019_0770_1,28.32,0.8932829836274753,0.9784946404209706,0.943724443692079,0.7921562815885641,0.9771428571428571,0.6551724137931034,0.875682720877178,0.9314285714285714,0.8316326530612245
oc_12_1000_500_0_5_p019_0800_1,29.152941176470588,0.8828916238331779,0.9735353882169333,0.9455265872219258,0.7166645207573951,0.9764705882352941,0.5424836601307189,0.8695342045208102,0.9117647058823529,0.8378378378378378
oc_12_1000_500_0_5_p019_0830_1,30.404907975460123,0.8746775126216357,0.9718510646610666,0.9092758802446895,0.6863910578918387,0.9570552147239264,0.5098039215686274,0.8730268436751925,0.9141104294478528,0.8418079096045198
oc_12_1000_500_0_5_p019_0870_1,32.82119205298013,0.8749657670417155,0.9718316036812219,0.933686077731091,0.7135692286627443,0.9801324503311258,0.5342960288808665,0.8654427799159249,0.9006622516556292,0.8395061728395061
oc_12_1000_500_0_5_p019_0880_1,33.714285714285715,0.8893106598254749,0.9776893592004703,0.9182096311623561,0.7763068241929006,0.9387755102040817,0.6540284360189573,0.8548422024108572,0.9047619047619048,0.8159509202453987
oc_12_1000_500_0_5_p019_0900_1,35.65467625899281,0.8853917458364226,0.9761519921491658,0.946154178114452,0.7724051507712043,0.9784172661870504,0.6210045662100456,0.8204687313661821,0.8633093525179856,0.7894736842105263
oc_12_1000_500_0_5_p019_0920_1,39.96774193548387,0.8930213735035921,0.9787842519685039,0.9363915173309099,0.764659513400917,0.9596774193548387,0.6197916666666666,0.8722822034070403,0.9435483870967742,0.8125
oc_12_2500_1000_1_0_p019_0710_1,10.964601769911505,0.8099184298300417,0.9540801775147929,0.8442625210053301,0.7434000004420817,0.9446902654867256,0.6242690058479532,0.7792134646169278,0.8207964601769911,0.7761506276150628
oc_12_2500_1000_1_0_p019_0770_1,11.36697247706422,0.807939801839058,0.9532495548961424,0.8363131959634392,0.7284058251722011,0.9357798165137615,0.6071428571428571,0.7786790570341956,0.8348623853211009,0.7615062761506276
oc_12_2500_1000_1_0_p019_0800_1,11.71631205673759,0.8145903486685311,0.9550792340583751,0.8487855066590017,0.7397906775934048,0.9432624113475178,0.6176470588235294,0.7860159589811307,0.8416075650118203,0.7672413793103449
oc_12_2500_1000_1_0_p019_0830_1,12.176904176904177,0.7758765267288205,0.9453001678165206,0.8634914856157488,0.7242618100798566,0.9656019656019657,0.5805022156573116,0.7894520631858749,0.8796068796068796,0.7396694214876033
oc_12_2500_1000_1_0_p019_0870_1,13.145888594164456,0.8155427481654014,0.9559893493343334,0.8263630460959953,0.7331780916420697,0.9257294429708223,0.6155202821869489,0.7594411772285952,0.7931034482758621,0.7608142493638677
oc_12_2500_1000_1_0_p019_0880_1,13.467391304347826,0.8078786649825301,0.9518909090909091,0.8138843962608346,0.6983705928635726,0.9239130434782609,0.5657237936772047,0.7445949703044253,0.8125,0.7170263788968825
oc_12_2500_1000_1_0_p019_0900_1,14.323699421965317,0.7833334539034305,0.9479112787627311,0.8542249628674439,0.6824591998693391,0.9682080924855492,0.5169753086419753,0.7425465835837454,0.8641618497109826,0.6704035874439462
oc_12_2500_1000_1_0_p019_0920_1,15.987096774193548,0.8064506731330915,0.9536571211545766,0.8106263813453447,0.6955019147535024,0.9129032258064517,0.562624254473161,0.6972780985702964,0.7774193548387097,0.6602739726027397
oc_12_2500_1500_1_5_p019_0710_1,10.964601769911505,0.7984801276479135,0.9480073964497041,0.6994621048232956,0.6732745496990766,0.8097345132743363,0.6120401337792643,0.6960765388796972,0.6548672566371682,0.7893333333333333
oc_12_2500_1500_1_5_p019_0770_1,11.36697247706422,0.7905058256605095,0.944413056379822,0.7244412157447688,0.6602033250183099,0.8486238532110092,0.5648854961832062,0.6921890396022172,0.6857798165137615,0.7475
oc_12_2500_1500_1_5_p019_0800_1,11.71631205673759,0.7846334615197013,0.9431412530210076,0.6893335070350968,0.6298987707006709,0.8203309692671394,0.537984496124031,0.6565052825344779,0.6312056737588653,0.7355371900826446
oc_12_2500_1500_1_5_p019_0830_1,12.176904176904177,0.742507756429132,0.9296184971098266,0.6819535162185328,0.58447534469512,0.8501228501228502,0.45827814569536424,0.6217429988377656,0.6240786240786241,0.675531914893617
oc_12_2500_1500_1_5_p019_0870_1,13.145888594164456,0.8030534401133307,0.949037314832177,0.6743310814555504,0.6175772695525119,0.7877984084880637,0.5351351351351351,0.63820406441685,0.5437665782493368,0.7976653696498055
oc_12_2500_1500_1_5_p019_0880_1,13.467391304347826,0.7890866984934416,0.946660856498873,0.6604076520420683,0.6075322850651872,0.7527173913043478,0.5420743639921722,0.6147213774821854,0.592391304347826,0.689873417721519
oc_12_2500_1500_1_5_p019_0900_1,14.323699421965317,0.7625131164772848,0.9370399094681252,0.6667372968270437,0.566869216235565,0.815028901734104,0.44549763033175355,0.5809461586371285,0.5924855491329479,0.6231003039513677
oc_12_2500_1500_1_5_p019_0920_1,15.987096774193548,0.7843801495162463,0.9459366502088872,0.6822889205022153,0.5885221474995916,0.7967741935483871,0.4796116504854369,0.5688043084899639,0.5645161290322581,0.6227758007117438
oc_12_2500_2000_2_0_p019_0710_1,10.964601769911505,0.780959500457152,0.9420085798816568,0.5938469221957943,0.5993856496917158,0.6969026548672567,0.580110497237569,0.6465292029402062,0.5530973451327433,0.8116883116883117
oc_12_2500_2000_2_0_p019_0770_1,11.36697247706422,0.7642862662779052,0.9369881305637983,0.588334976123252,0.5654505501411894,0.7064220183486238,0.5193929173693086,0.5915863336485366,0.536697247706422,0.7155963302752294
oc_12_2500_2000_2_0_p019_0800_1,11.71631205673759,0.7551708936635774,0.9323353783231084,0.5763855565325315,0.5364442426738149,0.723404255319149,0.4657534246575342,0.5945128468671913,0.5153664302600472,0.7465753424657534
oc_12_2500_2000_2_0_p019_0830_1,12.176904176904177,0.743298079277695,0.9291563677046429,0.575982352789089,0.5365768503298322,0.7346437346437347,0.45718654434250766,0.5628439574092371,0.5135135135135135,0.6807817589576547
oc_12_2500_2000_2_0_p019_0870_1,13.145888594164456,0.7653913209386904,0.936615938496156,0.5343698948034026,0.5276703459301453,0.6710875331564987,0.4782608695652174,0.5285564865368223,0.4244031830238727,0.7207207207207207
oc_12_2500_2000_2_0_p019_0880_1,13.467391304347826,0.7540323302161952,0.93646671675432,0.5602416113558584,0.531485019646837,0.6929347826086957,0.46875,0.5152150907802037,0.4673913043478261,0.6323529411764706
oc_12_2500_2000_2_0_p019_0900_1,14.323699421965317,0.7532495669091217,0.9322649566201433,0.55044850695792,0.48704877417975073,0.6878612716763006,0.40683760683760684,0.43160746887442253,0.3699421965317919,0.5739910313901345
oc_12_2500_2000_2_0_p019_0920_1,15.987096774193548,0.7513074190769735,0.9345713634637296,0.4690732806120821,0.44002754108541636,0.5935483870967742,0.3881856540084388,0.4347639028908947,0.3741935483870968,0.5686274509803921
oc_12_2500_2500_2_6_p019_0710_1,11.552447552447552,0.7714547552499352,0.9390882822655524,0.5273871863367252,0.5600439358001413,0.6480186480186481,0.5515873015873016,0.5741422675652649,0.43123543123543123,0.8258928571428571
oc_12_2500_2500_2_6_p019_0770_1,11.85645933014354,0.7668131542325181,0.9401580945292147,0.5304203713230744,0.5540098440881458,0.6291866028708134,0.5548523206751055,0.5515515384461249,0.45215311004784686,0.73828125
oc_12_2500_2500_2_6_p019_0800_1,12.359102244389028,0.7639264712533483,0.9362649243979839,0.5647455093263833,0.5428064639916209,0.685785536159601,0.49460431654676257,0.5519684729768766,0.45885286783042395,0.7272727272727273
oc_12_2500_2500_2_6_p019_0830_1,12.973821989528796,0.750742313828437,0.9319847133757961,0.5011838608184889,0.4888626210810796,0.6099476439790575,0.4613861386138614,0.4677974673933682,0.3612565445026178,0.6764705882352942
oc_12_2500_2500_2_6_p019_0870_1,14.0,0.7690208292261432,0.9391933709981167,0.45743034995228127,0.45795496665649094,0.5338983050847458,0.4621026894865526,0.5148865618671981,0.3870056497175141,0.7445652173913043
oc_12_2500_2500_2_6_p019_0880_1,14.11965811965812,0.7607410026728992,0.9366050876201244,0.4810611094414585,0.46028688352167224,0.5726495726495726,0.43790849673202614,0.4986203567684482,0.3817663817663818,0.7127659574468085
oc_12_2500_2500_2_6_p019_0900_1,15.249230769230769,0.7877896666904884,0.943506154137474,0.44674700823904623,0.45890912707210224,0.5476923076923077,0.44836272040302266,0.5050255224611503,0.3446153846153846,0.7943262411347518
oc_12_2500_2500_2_6_p019_0920_1,16.5752508361204,0.7925457597710412,0.9445434823977165,0.44256161128563587,0.4441086432007741,0.5150501672240803,0.4438040345821326,0.39603575565968635,0.25418060200668896,0.6785714285714286
oc_12_2500_3000_3_1_p019_0710_1,13.805013927576601,0.7912880188131449,0.9468974600188147,0.5862477131253554,0.5825841211231602,0.6935933147632312,0.5436681222707423,0.5982984313288863,0.4818941504178273,0.7935779816513762
oc_12_2500_3000_3_1_p019_0770_1,14.619469026548673,0.7829335580457587,0.943498999055713,0.548738530576077,0.5185821368351776,0.6548672566371682,0.4693446088794926,0.595924978566183,0.504424778761062,0.7533039647577092
oc_12_2500_3000_3_1_p019_0800_1,15.018181818181818,0.7852047898244225,0.9436915626182368,0.5196403393060232,0.509646078992064,0.6333333333333333,0.46860986547085204,0.5593113945340191,0.43333333333333335,0.772972972972973
oc_12_2500_3000_3_1_p019_0830_1,15.634069400630915,0.7948332572160035,0.94786148302674,0.5085621533445792,0.526362355318573,0.583596214511041,0.5300859598853869,0.4538608644107414,0.3186119873817035,0.7062937062937062
oc_12_2500_3000_3_1_p019_0870_1,17.512367491166078,0.7905144684794718,0.9447329643061653,0.480064182322808,0.45318248240211717,0.5830388692579506,0.4084158415841584,0.4729995322044682,0.3498233215547703,0.6923076923076923
oc_12_2500_3000_3_1_p019_0880_1,17.7,0.7899262289179099,0.9435477463712758,0.45990706595097053,0.43763644677727837,0.5571428571428572,0.40102827763496146,0.44208482224346496,0.26785714285714285,0.78125
oc_12_2500_3000_3_1_p019_0900_1,19.284046692607003,0.8126753749105249,0.9514024170343373,0.4781768201519563,0.4606486416952382,0.5603112840466926,0.4298507462686567,0.44599603962950995,0.2723735408560311,0.7777777777777778
oc_12_2500_3000_3_1_p019_0920_1,22.026666666666667,0.8380470474948735,0.960922447403976,0.4322959864709681,0.48066921981705163,0.44,0.5689655172413793,0.4317870460221702,0.24,0.8181818181818182
oc_12_2500_3500_3_5_p019_0710_1,16.630872483221477,0.8327686752897383,0.9587949752569471,0.6246462795357234,0.640976326832906,0.7013422818791947,0.625748502994012,0.64902837657809,0.4899328859060403,0.8957055214723927
oc_12_2500_3500_3_5_p019_0770_1,17.389473684210525,0.8225614813324745,0.9550519366533105,0.5601824156853517,0.5579023937462192,0.6280701754385964,0.5424242424242425,0.6037011803125079,0.4245614035087719,0.8962962962962963
oc_12_2500_3500_3_5_p019_0800_1,18.087591240875913,0.8016385312559025,0.9510516252390058,0.554040156310328,0.5423367537193677,0.6423357664233577,0.504297994269341,0.5358150427262001,0.43795620437956206,0.7017543859649122
oc_12_2500_3500_3_5_p019_0830_1,19.06153846153846,0.8066806749207461,0.9489846625766871,0.5335910139944922,0.5065922476041472,0.6269230769230769,0.4565826330532213,0.5338956206592146,0.36923076923076925,0.8135593220338984
oc_12_2500_3500_3_5_p019_0870_1,21.17948717948718,0.8182262042176605,0.9536807707129095,0.44461395446942154,0.43667768661363227,0.49145299145299143,0.4372623574144487,0.4791739458140598,0.32905982905982906,0.7403846153846154
oc_12_2500_3500_3_5_p019_0880_1,22.425339366515836,0.8266476522603103,0.9576088081900714,0.4469377869276693,0.4755540833896796,0.49321266968325794,0.5023041474654378,0.5052753695504828,0.29411764705882354,0.9027777777777778
oc_12_2500_3500_3_5_p019_0900_1,24.17560975609756,0.8346136712155948,0.9595607052896725,0.3359390078963952,0.37691616591092925,0.3463414634146341,0.45806451612903226,0.33908394956925764,0.14146341463414633,0.8529411764705882
oc_12_2500_3500_3_5_p019_0920_1,28.982456140350877,0.8435876825666616,0.9633366881217086,0.3579440043344433,0.3681528407932684,0.3216374269005848,0.46218487394957986,0.3876616548512729,0.18128654970760233,0.8611111111111112
oc_12_2500_4000_4_0_p019_0710_1,19.284046692607003,0.8407593436685371,0.9595856512564742,0.6198827104703145,0.5668282310597426,0.708171206225681,0.4945652173913043,0.6113639383869448,0.44357976653696496,0.8769230769230769
oc_12_2500_4000_4_0_p019_0770_1,21.27038626609442,0.8492631804123734,0.9639653112353055,0.5380179710979561,0.5461442669742662,0.5665236051502146,0.5665236051502146,0.5775970859981415,0.37339055793991416,0.925531914893617
oc_12_2500_4000_4_0_p019_0800_1,21.736842105263158,0.8174989329127289,0.9512820987654321,0.5654535917932431,0.506791121403685,0.6710526315789473,0.42382271468144045,0.6068299505979494,0.4692982456140351,0.816793893129771
oc_12_2500_4000_4_0_p019_0830_1,23.826923076923077,0.8145305820853805,0.9542240123934934,0.43158859566215313,0.4505213527426775,0.4855769230769231,0.4611872146118721,0.4118312312380933,0.2932692307692308,0.6224489795918368
oc_12_2500_4000_4_0_p019_0870_1,27.23076923076923,0.8409324179031292,0.9615455040871934,0.4776973905077201,0.4301685041433096,0.47802197802197804,0.4264705882352941,0.4080873440925206,0.23626373626373626,0.7413793103448276
oc_12_2500_4000_4_0_p019_0880_1,28.813953488372093,0.8546735919334755,0.9653366614664587,0.4903125993920391,0.4631839652094465,0.47093023255813954,0.4909090909090909,0.4291223816458716,0.2616279069767442,0.7377049180327869
oc_12_2500_4000_4_0_p019_0900_1,32.18181818181818,0.8513201589468324,0.9634620743639921,0.39211024710729236,0.3626640693373315,0.44155844155844154,0.33497536945812806,0.35164632067097484,0.16883116883116883,0.7647058823529411
oc_12_2500_4000_4_0_p019_0920_1,39.648,0.865564425169081,0.9699958275929935,0.28092314345816916,0.3565066333513449,0.312,0.43820224719101125,0.364952470471869,0.144,0.9473684210526315
oc_12_2500_500_0_5_p019_0710_1,10.964601769911505,0.9042772026107206,0.9805594674556213,0.9438758819385117,0.9029095295985452,0.9756637168141593,0.8513513513513513,0.9320179152598832,0.9314159292035398,0.9439461883408071
oc_12_2500_500_0_5_p019_0770_1,11.36697247706422,0.910579875686795,0.9828320474777448,0.9639135951026849,0.9103583103438032,0.9908256880733946,0.8503937007874016,0.931911556877368,0.944954128440367,0.9300225733634312
oc_12_2500_500_0_5_p019_0800_1,11.71631205673759,0.8895634136036485,0.9767124000743632,0.959832295524651,0.8712541019956289,0.9929078014184397,0.7835820895522388,0.9342412293684929,0.9787234042553191,0.9019607843137255
oc_12_2500_500_0_5_p019_0830_1,12.176904176904177,0.8624429908891099,0.9686721611038598,0.959689122201675,0.8159447506154677,0.9975429975429976,0.6928327645051194,0.9207001422439998,0.9582309582309583,0.896551724137931
oc_12_2500_500_0_5_p019_0870_1,13.145888594164456,0.9005287489119517,0.9802674667166698,0.9606155280796427,0.8688834354709598,0.9946949602122016,0.7763975155279503,0.9213691171920536,0.9416445623342176,0.9125964010282777
oc_12_2500_500_0_5_p019_0880_1,13.467391304347826,0.9045711632005415,0.9815621337340346,0.9488088182400988,0.8964188384602256,0.9782608695652174,0.8352668213457076,0.9227402359570481,0.9293478260869565,0.926829268292683
oc_12_2500_500_0_5_p019_0900_1,14.323699421965317,0.9000011462038582,0.9800413428894756,0.9652887385479217,0.8809970443241293,0.9913294797687862,0.7976744186046512,0.9237804272669545,0.9566473988439307,0.9019073569482289
oc_12_2500_500_0_5_p019_0920_1,15.987096774193548,0.8956972738941033,0.9790158754272693,0.9570334516114044,0.8894032264421342,0.9870967741935484,0.8138297872340425,0.9191679767027447,0.9548387096774194,0.8942598187311178
oc_12_5000_1000_1_0_p019_0710_1,5.482300884955753,0.8045113530234392,0.9535617747440273,0.8716705656794308,0.8386645401858768,0.9701327433628318,0.7720070422535211,0.8568354321415091,0.915929203539823,0.8448979591836735
oc_12_5000_1000_1_0_p019_0770_1,5.690011481056257,0.7966229529074067,0.9510447228419426,0.8628235988818866,0.814711453670251,0.9678530424799081,0.7375328083989501,0.8428908169727288,0.9173363949483353,0.8203285420944558
oc_12_5000_1000_1_0_p019_0800_1,5.858156028368795,0.8037555051524334,0.9536270251637367,0.8658869306821733,0.8302130606383555,0.9609929078014184,0.7640977443609023,0.8560954864495336,0.9078014184397163,0.8486187845303867
oc_12_5000_1000_1_0_p019_0830_1,6.095940959409594,0.7903951426282914,0.9500871554862195,0.8760200297953091,0.8221822044758691,0.97539975399754,0.7397388059701493,0.8530329555116068,0.9212792127921279,0.8303769401330376
oc_12_5000_1000_1_0_p019_0870_1,6.572944297082228,0.809113775781053,0.9536428721541156,0.856698147492331,0.8081691325268537,0.9602122015915119,0.7276381909547739,0.8409584749467659,0.8952254641909815,0.8312807881773399
oc_12_5000_1000_1_0_p019_0880_1,6.742857142857143,0.8050112725176968,0.9538468458970304,0.8625946843874976,0.8098365087214708,0.9591836734693877,0.7298136645962733,0.8506322917874394,0.9129251700680272,0.8304455445544554
oc_12_5000_1000_1_0_p019_0900_1,7.172214182344429,0.798282129373682,0.9525865061094386,0.8715215487471013,0.8148495049325206,0.9725036179450073,0.7249190938511327,0.8327281508489335,0.9117221418234442,0.8005082592121983
oc_12_5000_1000_1_0_p019_0920_1,8.019417475728156,0.810604552908931,0.9550283458916398,0.8564867336552906,0.7854315016798381,0.9498381877022654,0.693853427895981,0.8176543555260027,0.8980582524271845,0.7838983050847458
oc_12_5000_1500_1_5_p019_0710_1,5.482300884955753,0.7487230029252733,0.9308876450511945,0.7574353867861486,0.7309941221621877,0.9148230088495575,0.6610711430855316,0.7728865662081864,0.7876106194690266,0.826945412311266
oc_12_5000_1500_1_5_p019_0770_1,5.690011481056257,0.7362330768195531,0.9326536468165437,0.7760925160690327,0.7517421248464856,0.9219288174512055,0.6822429906542056,0.7784102422266028,0.8335246842709529,0.7917121046892039
oc_12_5000_1500_1_5_p019_0800_1,5.858156028368795,0.7459355361389349,0.9320965184419165,0.7597089545763369,0.7206693457942078,0.9125295508274232,0.6444073455759599,0.7649667988784891,0.7624113475177305,0.8344113842173351
oc_12_5000_1500_1_5_p019_0830_1,6.095940959409594,0.6892689843021655,0.9146308892355695,0.7445455436714494,0.6812212335766951,0.9298892988929889,0.5793103448275863,0.7475081240081662,0.8068880688806888,0.7619047619047619
oc_12_5000_1500_1_5_p019_0870_1,6.572944297082228,0.7578702355422636,0.9370799299474606,0.7382665056558015,0.722064543804573,0.8859416445623343,0.65748031496063,0.7218325939641064,0.7201591511936339,0.7950219619326501
oc_12_5000_1500_1_5_p019_0880_1,6.742857142857143,0.7334654912703947,0.932788754173256,0.7465851907106593,0.7207302821750033,0.8952380952380953,0.6476377952755905,0.7244708148886488,0.7659863945578231,0.7546916890080428
oc_12_5000_1500_1_5_p019_0900_1,7.172214182344429,0.7304606199102628,0.9294243315034532,0.7424223808898982,0.6997703185218977,0.9015918958031838,0.6107843137254902,0.7167337296073486,0.7525325615050651,0.7503607503607503
oc_12_5000_1500_1_5_p019_0920_1,8.019417475728156,0.7354378210232695,0.9296617151058486,0.7126714039211816,0.665298454291944,0.872168284789644,0.5758547008547008,0.7032229328307359,0.7330097087378641,0.7389885807504079
oc_12_5000_2000_2_0_p019_0710_1,5.482300884955753,0.7188897947546425,0.9224223890784983,0.6724772397874784,0.6769445297421054,0.8429203539823009,0.637123745819398,0.6965354191704914,0.6670353982300885,0.8170731707317073
oc_12_5000_2000_2_0_p019_0770_1,5.690011481056257,0.7028652156013055,0.9167022481551399,0.6693086130962966,0.6516661725670694,0.851894374282434,0.594551282051282,0.692894733829971,0.6865671641791045,0.7878787878787878
oc_12_5000_2000_2_0_p019_0800_1,5.858156028368795,0.6969456778322903,0.9144934850051706,0.6576940917657579,0.6413010090876753,0.8380614657210402,0.5874067937033969,0.6918759000168644,0.7056737588652482,0.7653846153846153
oc_12_5000_2000_2_0_p019_0830_1,6.095940959409594,0.6692998175280525,0.9121009533714682,0.6419554464343296,0.6481937783229788,0.8364083640836408,0.5944055944055944,0.6559157634707264,0.6629766297662977,0.7424242424242424
oc_12_5000_2000_2_0_p019_0870_1,6.572944297082228,0.7183884119425408,0.9218902977232925,0.6360084552018611,0.631878686383998,0.8090185676392573,0.5842911877394636,0.647524749884644,0.6114058355437666,0.7747899159663866
oc_12_5000_2000_2_0_p019_0880_1,6.742857142857143,0.6973408485330765,0.9148589703039888,0.6080254348361718,0.5961620931508376,0.7877551020408163,0.5477767265846736,0.6470452594058268,0.6258503401360545,0.756578947368421
oc_12_5000_2000_2_0_p019_0900_1,7.172214182344429,0.6792455296641073,0.9149634142022313,0.6058062246711595,0.6055441221141834,0.7800289435600579,0.5602910602910602,0.5943861172247662,0.61794500723589,0.6671875
oc_12_5000_2000_2_0_p019_0920_1,8.019417475728156,0.6926506757424074,0.9180790814495874,0.6146277765230423,0.6072920443415031,0.7961165048543689,0.5442477876106194,0.5990929367719909,0.6116504854368932,0.6725978647686833
oc_12_5000_2500_2_6_p019_0710_1,5.7560975609756095,0.7215267558921581,0.9245521746604779,0.6131570719649881,0.6576963783142747,0.7549361207897793,0.6701030927835051,0.6717233643669801,0.5911730545876888,0.8540268456375839
oc_12_5000_2500_2_6_p019_0770_1,6.0,0.7060366957284323,0.9200196471809062,0.6107066825543452,0.637514891016134,0.7602905569007264,0.6330645161290323,0.6732131955809978,0.6077481840193705,0.8338870431893688
oc_12_5000_2500_2_6_p019_0800_1,6.171855541718555,0.6773644570835191,0.9123511720784858,0.5894071686278297,0.6119382097585008,0.7770859277708593,0.5831775700934579,0.6426389488929626,0.6077210460772104,0.7746031746031746
oc_12_5000_2500_2_6_p019_0830_1,6.4363636363636365,0.6838881993933092,0.9120441494935383,0.5808910404237032,0.5978092366652802,0.7584415584415585,0.5725490196078431,0.6284911974695883,0.5597402597402598,0.7996289424860853
oc_12_5000_2500_2_6_p019_0870_1,6.912133891213389,0.7094008473275504,0.9191851930195664,0.5371952467171972,0.5710469183319984,0.6847977684797768,0.5790094339622641,0.5796184606353092,0.4839609483960948,0.7922374429223744
oc_12_5000_2500_2_6_p019_0880_1,7.130935251798562,0.7177842946136643,0.9203360821093611,0.5753609063084133,0.5850799492528598,0.7266187050359713,0.5674157303370787,0.6135064394292626,0.5079136690647482,0.8286384976525821
oc_12_5000_2500_2_6_p019_0900_1,7.54337899543379,0.7141831477757219,0.918553358275432,0.5225677842812139,0.5578555764327369,0.6894977168949772,0.5490909090909091,0.5602208736672897,0.4581430745814307,0.7797927461139896
oc_12_5000_2500_2_6_p019_0920_1,8.414261460101867,0.7433070933402077,0.9277711812443643,0.5398259735533646,0.5495472646406661,0.6706281833616299,0.541095890410959,0.5323163392166825,0.3870967741935484,0.8201438848920863
oc_12_5000_3000_3_1_p019_0710_1,6.96067415730337,0.76000060645283,0.9368112914608328,0.6296072252159427,0.6734992587851384,0.7359550561797753,0.6958831341301461,0.6904192723741326,0.6067415730337079,0.8588469184890656
oc_12_5000_3000_3_1_p019_0770_1,7.235036496350365,0.7358468040082847,0.9293960645275661,0.657295040289841,0.6521862872983317,0.8014598540145985,0.610678531701891,0.7048466842964302,0.6321167883211679,0.854043392504931
oc_12_5000_3000_3_1_p019_0800_1,7.577981651376147,0.718478572771696,0.924104385026738,0.5917471742258789,0.6144123432881359,0.735474006116208,0.5990037359900373,0.6562685023729793,0.5856269113149847,0.8114406779661016
oc_12_5000_3000_3_1_p019_0830_1,7.904306220095694,0.7089039332220072,0.9213228730073437,0.5873225524907519,0.5963721953382477,0.748006379585327,0.5610047846889952,0.6082486544837716,0.5342902711323764,0.7754629629629629
oc_12_5000_3000_3_1_p019_0870_1,8.74074074074074,0.7091782980141108,0.9221275393807713,0.529506951902768,0.5504118475935781,0.6843033509700176,0.5300546448087432,0.5977924058942695,0.5326278659611993,0.749379652605459
oc_12_5000_3000_3_1_p019_0880_1,8.881720430107526,0.7221003729844391,0.9246128400435256,0.5472878631617446,0.5562504299395943,0.7132616487455197,0.5182291666666666,0.5801830255891436,0.4946236559139785,0.7603305785123967
oc_12_5000_3000_3_1_p019_0900_1,9.660818713450292,0.7373155297990459,0.9293437191442677,0.5308910445474466,0.5486396544387827,0.6783625730994152,0.5240963855421686,0.557351174342946,0.46588693957115007,0.7445482866043613
oc_12_5000_3000_3_1_p019_0920_1,10.964601769911505,0.7820485226697078,0.942903550295858,0.5365609045266573,0.5745003806622272,0.6150442477876106,0.6056644880174292,0.5743110392288838,0.42035398230088494,0.8482142857142857
oc_12_5000_3500_3_5_p019_0710_1,8.301507537688442,0.7770704025213503,0.9413301638753827,0.6441475245094158,0.6628928034797779,0.7554438860971524,0.6517341040462428,0.7084795927379413,0.6130653266331658,0.8776978417266187
oc_12_5000_3500_3_5_p019_0770_1,8.694736842105263,0.764003772001429,0.9368845457835686,0.6589288826976027,0.6621654101914437,0.7807017543859649,0.6285310734463276,0.7057505085213812,0.6140350877192983,0.8684863523573201
oc_12_5000_3500_3_5_p019_0800_1,8.945848375451263,0.7528559481908357,0.9355487477313975,0.6180959386354556,0.6320459021297854,0.7382671480144405,0.6122754491017964,0.6766959087028792,0.6209386281588448,0.8
oc_12_5000_3500_3_5_p019_0830_1,9.53076923076923,0.725558728230047,0.9257189189189189,0.5674378419621946,0.5698384803093695,0.7211538461538461,0.5274261603375527,0.5972548218059718,0.5557692307692308,0.7153465346534653
oc_12_5000_3500_3_5_p019_0870_1,10.63519313304721,0.7503303526075564,0.9318495020287717,0.5534330524344494,0.5691138558573149,0.6995708154506438,0.5335515548281505,0.552339332438598,0.4570815450643777,0.7395833333333334
oc_12_5000_3500_3_5_p019_0880_1,11.0625,0.7541642454700013,0.9369477424130274,0.5686079164793674,0.5845818487162094,0.6830357142857143,0.5666666666666667,0.5709584791313488,0.4955357142857143,0.7254901960784313
oc_12_5000_3500_3_5_p019_0900_1,12.206896551724139,0.7810895804452065,0.9384447594181275,0.5164399810179903,0.47733545351178325,0.6133004926108374,0.44623655913978494,0.5544405338247539,0.3891625615763547,0.8494623655913979
oc_12_5000_3500_3_5_p019_0920_1,14.576470588235294,0.7851187230334564,0.944597583081571,0.447054371510217,0.4856612570537984,0.5235294117647059,0.5144508670520231,0.47250849220918495,0.3205882352941177,0.7569444444444444
oc_12_5000_4000_4_0_p019_0710_1,9.698630136986301,0.7978887246014431,0.9470776659959759,0.684730329668257,0.6771808435559832,0.7827788649706457,0.644122383252818,0.6989218176091864,0.6281800391389433,0.8316062176165803
oc_12_5000_4000_4_0_p019_0770_1,10.433684210526316,0.7948853505494256,0.945073835389431,0.6262888939767848,0.6159661800645864,0.728421052631579,0.5854483925549916,0.6994187353631007,0.5831578947368421,0.8878205128205128
oc_12_5000_4000_4_0_p019_0800_1,10.916299559471366,0.7921714640799844,0.9446819963031423,0.6440636549447535,0.6081253987691848,0.748898678414097,0.5564648117839607,0.6890819957670568,0.5814977973568282,0.8655737704918033
oc_12_5000_4000_4_0_p019_0830_1,11.913461538461538,0.779426501351099,0.9414784810126582,0.6107328926945428,0.6054761790863914,0.7211538461538461,0.5671077504725898,0.6235346312172944,0.5432692307692307,0.7713310580204779
oc_12_5000_4000_4_0_p019_0870_1,13.578082191780823,0.7732258420529265,0.9399439203157302,0.5806150659077053,0.5609438959541769,0.7150684931506849,0.49714285714285716,0.6047021534332457,0.5260273972602739,0.7470817120622568
oc_12_5000_4000_4_0_p019_0880_1,14.200573065902578,0.7946888701249367,0.9489155136663525,0.6250026429993685,0.6003761163480806,0.7077363896848138,0.5600907029478458,0.5966337133007603,0.5386819484240688,0.7121212121212122
oc_12_5000_4000_4_0_p019_0900_1,16.249180327868853,0.8168406200831123,0.951783159095229,0.5655421310777021,0.5233414752848227,0.6459016393442623,0.47699757869249393,0.6008021398089217,0.4491803278688525,0.845679012345679
oc_12_5000_4000_4_0_p019_0920_1,19.824,0.8323891311964143,0.9584153668843642,0.5494927058445713,0.5473372704474803,0.608,0.5352112676056338,0.5138420042184059,0.328,0.845360824742268
oc_12_5000_500_0_5_p019_0710_1,5.482300884955753,0.9228733264460472,0.9855497610921502,0.9688116295297551,0.9567235826977823,0.9944690265486725,0.9335410176531672,0.9606784178120608,0.9800884955752213,0.9537136706135629
oc_12_5000_500_0_5_p019_0770_1,5.690011481056257,0.9248285660139244,0.985575287454951,0.9721979203482973,0.9495374200467634,0.9965556831228473,0.9194915254237288,0.9653689175473049,0.9827784156142365,0.9585666293393057
oc_12_5000_500_0_5_p019_0800_1,5.858156028368795,0.9194674275987875,0.9845857290589451,0.9672080902089175,0.9523808198783573,0.9929078014184397,0.9271523178807947,0.9564316081891261,0.9633569739952719,0.9622195985832349
oc_12_5000_500_0_5_p019_0830_1,6.095940959409594,0.9054062462239767,0.9810668053388802,0.9676029743957586,0.930933905214247,0.988929889298893,0.8953229398663697,0.9625119938840077,0.9790897908979089,0.9567307692307693
oc_12_5000_500_0_5_p019_0870_1,6.572944297082228,0.9124574731659428,0.9827379334500875,0.9685032821322221,0.9355077961784382,0.9907161803713528,0.9,0.9645702064741545,0.9814323607427056,0.9573091849935317
oc_12_5000_500_0_5_p019_0880_1,6.742857142857143,0.9094103608782569,0.9826381303813038,0.9740852562529138,0.9401677452749417,0.9959183673469387,0.9025893958076449,0.9613819183030692,0.9904761904761905,0.9430051813471503
oc_12_5000_500_0_5_p019_0900_1,7.172214182344429,0.9158374116453273,0.9838883655038073,0.9644820516629732,0.9472473180585721,0.9884225759768451,0.9204851752021563,0.9592646597287283,0.975397973950796,0.9533239038189534
oc_12_5000_500_0_5_p019_0920_1,8.019417475728156,0.9199841274191902,0.984145532831001,0.9700102978459889,0.9228554963791932,0.9951456310679612,0.8723404255319149,0.9565935516470436,0.9676375404530745,0.9552715654952076
oc_12_500_1000_1_0_p019_0710_1,55.06666666666667,0.887199891800632,0.9755497423701942,0.49389649688010595,0.44937346529426675,0.5111111111111111,0.4144144144144144,0.5196793890666482,0.32222222222222224,0.8529411764705882
oc_12_500_1000_1_0_p019_0770_1,56.96551724137931,0.8799758063875635,0.9735944477493556,0.6067516689151922,0.48400054033439477,0.6436781609195402,0.38095238095238093,0.4688555976721483,0.3218390804597701,0.7
oc_12_500_1000_1_0_p019_0800_1,59.0,0.8652002500329837,0.9681669841269841,0.636153091633393,0.39287622312852927,0.6190476190476191,0.26804123711340205,0.3726224062333325,0.2619047619047619,0.55
oc_12_500_1000_1_0_p019_0830_1,61.18518518518518,0.8483344276035897,0.9649737542187811,0.48081368066724817,0.36892947510171176,0.5185185185185185,0.28187919463087246,0.4048420059058256,0.2962962962962963,0.5714285714285714
oc_12_500_1000_1_0_p019_0870_1,66.08,0.8738348595654702,0.9727589743589744,0.4069499662971837,0.28022708282504755,0.36,0.23893805309734514,0.3739510127985238,0.24,0.6
oc_12_500_1000_1_0_p019_0880_1,67.89041095890411,0.8920557419410327,0.9771272221117518,0.615231304351612,0.4058711262672682,0.5342465753424658,0.325,0.35398251784166357,0.1506849315068493,0.8461538461538461
oc_12_500_1000_1_0_p019_0900_1,71.82608695652173,0.8725786452776194,0.971008,0.4242704822464485,0.296466279083509,0.43478260869565216,0.22058823529411764,0.24431123787672404,0.11594202898550725,0.5333333333333333
oc_12_500_1000_1_0_p019_0920_1,79.93548387096774,0.8875980442087396,0.9762305300916699,0.36711618806710744,0.3480165093243916,0.3870967741935484,0.3287671232876712,0.33067489065586636,0.22580645161290322,0.5
oc_12_500_1500_1_5_p019_0710_1,55.06666666666667,0.8822548565935563,0.9736015854141895,0.3200712530857964,0.2967851047187606,0.3111111111111111,0.3076923076923077,0.35842325564550265,0.16666666666666666,0.7894736842105263
oc_12_500_1500_1_5_p019_0770_1,56.96551724137931,0.8759417499066305,0.9718976799524093,0.36162448313002615,0.31889627626369305,0.40229885057471265,0.2755905511811024,0.3592667565847673,0.19540229885057472,0.68
oc_12_500_1500_1_5_p019_0800_1,59.0,0.8702211163684886,0.9705736507936508,0.3330773850137042,0.24067871425755866,0.32142857142857145,0.20454545454545456,0.32171889930732905,0.17857142857142858,0.6
oc_12_500_1500_1_5_p019_0830_1,61.18518518518518,0.8400201161456377,0.9611035139964265,0.319553942641415,0.23367878280124335,0.38271604938271603,0.1657754010695187,0.252289551935624,0.16049382716049382,0.41935483870967744
oc_12_500_1500_1_5_p019_0870_1,66.08,0.8662472845882914,0.9709331743192209,0.24358611069297775,0.21714828992553153,0.25333333333333335,0.2087912087912088,0.21547029339609688,0.08,0.6
oc_12_500_1500_1_5_p019_0880_1,67.89041095890411,0.8745015663650697,0.9717440445416584,0.3613380217683254,0.23280204474572586,0.2876712328767123,0.21,0.1162001220692771,0.0136986301369863,1.0
oc_12_500_1500_1_5_p019_0900_1,71.82608695652173,0.8836242755423065,0.9739937114427861,0.29627099428532155,0.05488806454533446,0.07246376811594203,0.06493506493506493,0.0,0.0,0.0
oc_12_500_1500_1_5_p019_0920_1,79.93548387096774,0.8657816455838656,0.9703700278995616,0.21074130644051692,0.18191902046977002,0.24193548387096775,0.15625,0.07882152522059074,0.04838709677419355,0.15
oc_12_500_2000_2_0_p019_0710_1,55.06666666666667,0.8808601378882019,0.9746856916369402,0.2621260168575783,0.3569079214584665,0.2777777777777778,0.4807692307692308,0.18611649681249454,0.044444444444444446,0.8
oc_12_500_2000_2_0_p019_0770_1,56.96551724137931,0.8708237166697204,0.9703947650208209,0.3524458915089579,0.2783411097379527,0.3333333333333333,0.25663716814159293,0.2604927690312062,0.06896551724137931,1.0
oc_12_500_2000_2_0_p019_0800_1,59.0,0.8592419183690521,0.9667695238095239,0.1919461485527807,0.1576354137266604,0.23809523809523808,0.13071895424836602,0.25145912654180613,0.08333333333333333,0.7777777777777778
oc_12_500_2000_2_0_p019_0830_1,61.18518518518518,0.8443398572678638,0.9632130236251737,0.17793730530396068,0.13179064286195252,0.18518518518518517,0.12,0.15584255715234677,0.07407407407407407,0.35294117647058826
oc_12_500_2000_2_0_p019_0870_1,66.08,0.870559633069672,0.9722062413039158,0.1290776454724124,0.06130642308403573,0.06666666666666667,0.08196721311475409,0.0,0.0,0.0
oc_12_500_2000_2_0_p019_0880_1,67.89041095890411,0.8707759666928951,0.9719253927222111,0.20895440595086945,0.07365624230249096,0.0821917808219178,0.09090909090909091,0.04892396483087631,0.0136986301369863,0.2
oc_12_500_2000_2_0_p019_0900_1,71.82608695652173,0.8734218669485933,0.970747223880597,0.3007891922240341,0.15554235028294944,0.2028985507246377,0.1414141414141414,-0.0033303799362328695,0.0,0.0
oc_12_500_2000_2_0_p019_0920_1,79.93548387096774,0.8785530060315466,0.9733701076125947,0.19363600160297134,0.1297921803511613,0.16129032258064516,0.125,-0.0022333995783881816,0.0,0.0
oc_12_500_2500_2_6_p019_0710_1,57.627906976744185,0.880283253308039,0.9737573978579929,0.31807335257166214,0.203238740063403,0.1744186046511628,0.2631578947368421,0.0,0.0,0.0
oc_12_500_2500_2_6_p019_0770_1,60.4390243902439,0.864836316106302,0.9702840809845177,0.2802046164152039,0.2561861453965629,0.2682926829268293,0.2682926829268293,0.18180174613783784,0.0975609756097561,0.36363636363636365
oc_12_500_2500_2_6_p019_0800_1,61.18518518518518,0.8654874274526001,0.9681559658526901,0.2745333437718531,0.23378486205573168,0.3333333333333333,0.1875,0.11022504345007682,0.012345679012345678,1.0
oc_12_500_2500_2_6_p019_0830_1,63.53846153846154,0.8630616310089965,0.9686722288438617,0.15535582329331032,0.08479935365760316,0.10256410256410256,0.0963855421686747,0.0,0.0,0.0
oc_12_500_2500_2_6_p019_0870_1,68.83333333333333,0.8688953784538624,0.971157677008751,0.20636655008919502,0.13459112643072907,0.18055555555555555,0.12380952380952381,0.17472603211319518,0.041666666666666664,0.75
oc_12_500_2500_2_6_p019_0880_1,69.80281690140845,0.8703052124480373,0.9728716132882435,0.09667857557780135,0.12246208643012309,0.11267605633802817,0.1568627450980392,0.08594604257954808,0.028169014084507043,0.2857142857142857
oc_12_500_2500_2_6_p019_0900_1,75.0909090909091,0.8805964044368835,0.9732657905217045,0.1672651480642935,0.11014443731781581,0.13636363636363635,0.1111111111111111,0.08533051879875908,0.015151515151515152,0.5
oc_12_500_2500_2_6_p019_0920_1,84.0,0.8723352019733903,0.973772442671984,0.002760950894740599,-0.009783490104827187,0.0,0.0,0.0,0.0,0.0
oc_12_500_3000_3_1_p019_0710_1,69.80281690140845,0.8812952970049389,0.9742500895166103,0.2660826211162153,0.16536571814758677,0.16901408450704225,0.18461538461538463,0.0,0.0,0.0
oc_12_500_3000_3_1_p019_0770_1,73.97014925373135,0.8775235473227169,0.973221102926538,0.1426157527669616,0.16695790693082774,0.14925373134328357,0.20833333333333334,0.0,0.0,0.0
oc_12_500_3000_3_1_p019_0800_1,75.0909090909091,0.8751489657534111,0.9717030665073676,0.2570629755867653,0.2054550923694432,0.2878787878787879,0.16666666666666666,0.0,0.0,0.0
oc_12_500_3000_3_1_p019_0830_1,77.4375,0.8581969494223424,0.9668175298804781,0.13275269172472193,0.11562531854857606,0.1875,0.09230769230769231,0.0,0.0,0.0
oc_12_500_3000_3_1_p019_0870_1,86.94736842105263,0.8767470994773903,0.9732927987233194,0.22111934846137882,0.19440740055462452,0.2631578947368421,0.16129032258064516,0.23502849701014744,0.07017543859649122,0.8
oc_12_500_3000_3_1_p019_0880_1,85.44827586206897,0.8841332584130541,0.9752874351814919,0.17834876327058902,0.17371102201723515,0.20689655172413793,0.1643835616438356,0.0,0.0,0.0
oc_12_500_3000_3_1_p019_0900_1,97.17647058823529,0.8851701918062864,0.9761140802875974,0.011829074057824518,0.004656887468129759,0.0196078431372549,0.014084507042253521,0.0,0.0,0.0
oc_12_500_3000_3_1_p019_0920_1,110.13333333333334,0.885287573899315,0.9763311337732453,0.1651241874158612,0.059930752535485396,0.06666666666666667,0.06976744186046512,0.14841383583300669,0.022222222222222223,1.0
oc_12_500_3500_3_5_p019_0710_1,82.6,0.8827438392081803,0.9748822966507177,0.3252158723157643,0.1489603731670445,0.2,0.13043478260869565,0.0,0.0,0.0
oc_12_500_3500_3_5_p019_0770_1,85.44827586206897,0.8843637494368869,0.9746016753091344,0.25019989864027226,0.22101970543656208,0.3103448275862069,0.17475728155339806,0.27606731566622483,0.10344827586206896,0.75
oc_12_500_3500_3_5_p019_0800_1,90.10909090909091,0.8700201110491383,0.969598403512273,0.2065101336742159,0.14710217528889213,0.23636363636363636,0.1092436974789916,0.0,0.0,0.0
oc_12_500_3500_3_5_p019_0830_1,95.3076923076923,0.8656246551694171,0.9706140575079872,0.09611599001092519,0.08988053731431177,0.09615384615384616,0.10204081632653061,0.0,0.0,0.0
oc_12_500_3500_3_5_p019_0870_1,105.44680851063829,0.8783713350814131,0.9743392364581251,0.02992957255093953,0.0056298720071124835,0.02127659574468085,0.013888888888888888,0.0,0.0,0.0
oc_12_500_3500_3_5_p019_0880_1,112.63636363636364,0.8751505227323821,0.97376608,0.10930133595796065,0.107618022190908,0.13636363636363635,0.1,0.15010589289927742,0.022727272727272728,1.0
oc_12_500_3500_3_5_p019_0900_1,123.9,0.8936767012553211,0.9779263410728583,0.026103207085180435,-0.01086354513062821,0.0,0.0,0.0,0.0,0.0
oc_12_500_3500_3_5_p019_0920_1,137.66666666666666,0.8947700047758416,0.978175641025641,0.1545014411389456,0.11860749007450906,0.1388888888888889,0.11363636363636363,0.0,0.0,0.0
oc_12_500_4000_4_0_p019_0710_1,97.17647058823529,0.89141825519254,0.9776556021569802,0.2731876728424859,0.24619491099393648,0.23529411764705882,0.2727272727272727,0.0,0.0,0.0
oc_12_500_4000_4_0_p019_0770_1,103.25,0.90065486762128,0.9809039168665068,0.2883137512809305,0.23815842793421033,0.22916666666666666,0.2619047619047619,-0.0019678777890123752,0.0,0.0
oc_12_500_4000_4_0_p019_0800_1,112.63636363636364,0.8907039051187275,0.97636448,0.2514536813585483,0.08329085667770618,0.13636363636363635,0.06593406593406594,0.22455990127836598,0.06818181818181818,0.75
oc_12_500_4000_4_0_p019_0830_1,118.0,0.8795630191445006,0.9752096038415367,0.28061790251442253,0.2234517740992142,0.2857142857142857,0.1875,0.4068143264600987,0.16666666666666666,1.0
oc_12_500_4000_4_0_p019_0870_1,130.42105263157896,0.8827451776178433,0.9762428514217061,0.184201671659319,0.14685394524527634,0.23684210526315788,0.10344827586206896,0.18594361219229755,0.05263157894736842,0.6666666666666666
oc_12_500_4000_4_0_p019_0880_1,145.76470588235293,0.8992348298313669,0.9811004408817635,0.2930440077843075,0.17903013380028976,0.20588235294117646,0.16666666666666666,0.0,0.0,0.0
oc_12_500_4000_4_0_p019_0900_1,159.8709677419355,0.8953376151885721,0.9781296972127531,0.19462686263493212,0.07731028636478239,0.12903225806451613,0.05714285714285714,0.0,0.0,0.0
oc_12_500_4000_4_0_p019_0920_1,198.24,0.9065230417216117,0.9820707488456133,0.07848356142703328,0.026941526559864506,0.04,0.02702702702702703,0.0,0.0,0.0
oc_12_500_500_0_5_p019_0710_1,55.06666666666667,0.891853983442712,0.9770711058263971,0.8843309349379753,0.6718917961877574,0.9222222222222223,0.5,0.6940012982169744,0.7111111111111111,0.6881720430107527
oc_12_500_500_0_5_p019_0770_1,56.96551724137931,0.8916803606666241,0.9765320642474717,0.9096086225006035,0.667171531207318,0.9425287356321839,0.4823529411764706,0.7686889126287899,0.8160919540229885,0.7319587628865979
oc_12_500_500_0_5_p019_0800_1,59.0,0.883132985969921,0.9741101587301587,0.9508529534922046,0.6228183063964584,1.0,0.3981042654028436,0.7562179976294309,0.7738095238095238,0.7471264367816092
oc_12_500_500_0_5_p019_0830_1,61.18518518518518,0.8728977092512392,0.9712790946992257,0.9451307137387169,0.6065369314547667,0.9876543209876543,0.3827751196172249,0.7480382685371709,0.8148148148148148,0.6947368421052632
oc_12_500_500_0_5_p019_0870_1,66.08,0.8772856371923352,0.9723064201947923,0.953964707947385,0.5915946216529356,0.9866666666666667,0.3645320197044335,0.751200093218235,0.8133333333333334,0.7011494252873564
oc_12_500_500_0_5_p019_0880_1,67.89041095890411,0.8842160467461078,0.9753980513024458,0.9557143148852395,0.6496142799725827,0.9863013698630136,0.43636363636363634,0.6548292586758239,0.7534246575342466,0.5789473684210527
oc_12_500_500_0_5_p019_0900_1,71.82608695652173,0.8855009396853643,0.974990328358209,0.9661517740700472,0.6018388728716987,1.0,0.3709677419354839,0.7830188976672295,0.927536231884058,0.6666666666666666
oc_12_500_500_0_5_p019_0920_1,79.93548387096774,0.8928091023521529,0.9788055799123156,0.9234433110117961,0.6705930788514752,0.9516129032258065,0.4796747967479675,0.7298184696012566,0.7903225806451613,0.6805555555555556
