Name,CI,LSR,BSL,HMS,MCC_5,TPR_5,PPV_5,MCC_9,TPR_9,PPV_9
178_00_1_74_2_26_7_22_3_34,178.0,0.956606011398589,0.9934208666767326,0.04464804683074941,0.0,0.0,0.0,0.0,0.0,0.0
199_00_1_06_1_35_6_62_12_91,199.0,0.9561209752127039,0.9914997837837838,0.4202928264382525,0.22321770968950067,0.3108108108108108,0.1678832116788321,0.22384563369953533,0.10810810810810811,0.47058823529411764
150_00_3_55_0_53_9_16_24_58,150.0,0.9565399757462036,0.9911735099337748,0.6247923181298076,0.3457872569374852,0.47297297297297297,0.26119402985074625,0.3448484909611555,0.1891891891891892,0.6363636363636364
84_00_0_00_4_59_21_03_14_40,84.0,0.9302075086808219,0.9836001271860095,0.4370295226861203,0.2351630766944129,0.2702702702702703,0.2222222222222222,0.20716639964414987,0.08108108108108109,0.5454545454545454
151_00_4_10_0_00_2_11_12_58,151.0,0.9531145292989617,0.9916200568990042,0.2558833131507712,0.0,0.0,0.0,0.0,0.0,0.0
1_00_1_31_8_35_53_01_9_61,1.0,0.7555968257903671,0.9461837837837838,0.8508116611251294,0.8849477555881375,1.0,0.891566265060241,0.909483641319161,1.0,0.9135802469135802
14_00_9_99_9_25_46_28_11_15,14.0,0.7419181019250003,0.937710990990991,0.699572799158809,0.6073973713040635,0.8378378378378378,0.4881889763779528,0.5730697783314485,0.6891891891891891,0.53125
79_00_3_20_5_27_8_09_20_46,79.0,0.9375171604420061,0.9864945945945945,0.43325639833571283,0.14305011386783434,0.08108108108108109,0.2727272727272727,0.0,0.0,0.0
84_00_4_97_1_65_4_14_26_40,84.0,0.9351385810832143,0.9843255961844197,0.5655895075875527,0.3560157055457393,0.4594594594594595,0.2905982905982906,0.27485128415971644,0.14864864864864866,0.5238095238095238
5_00_4_31_10_50_55_73_14_67,5.0,0.7141316782819802,0.9268468468468468,0.7529633202543214,0.748705779881247,0.9054054054054054,0.6979166666666666,0.7049892213267618,0.7702702702702703,0.7402597402597403
19_00_2_43_3_62_51_21_86_63,19.0,0.9046716612187518,0.9774994594594595,0.9235139088953512,0.8019231115836682,0.972972972972973,0.6792452830188679,0.8252964479503773,0.8783783783783784,0.7926829268292683
188_00_1_01_0_00_16_30_7_03,188.0,0.9589796396210309,0.9927015015015015,0.5592762664984787,0.4021783062879906,0.4189189189189189,0.3924050632911392,0.2319731779030441,0.12162162162162163,0.45
149_00_0_00_0_88_26_55_26_10,149.0,0.9560387232016174,0.9915352792792793,0.7339403761048003,0.4659204673450397,0.581081081081081,0.3805309734513274,0.3644914011183765,0.22972972972972974,0.5862068965517241
189_00_0_04_1_48_17_27_7_03,189.0,0.9596801196397214,0.9934914366998577,0.2226786640395234,0.0,0.0,0.0,0.0,0.0,0.0
77_00_3_17_1_92_17_31_13_99,77.0,0.918135348674202,0.9808917532917533,0.4359118858200124,0.35071729462626083,0.44594594594594594,0.2920353982300885,0.3711829751118625,0.33783783783783783,0.423728813559322
80_00_3_13_6_15_3_44_3_96,80.0,0.9386944128307133,0.9878916249582916,0.2531140793657981,0.181840162031486,0.0945945945945946,0.3684210526315789,0.0,0.0,0.0
85_00_0_00_3_30_13_48_20_06,85.0,0.9326007357655491,0.985106976744186,0.6978980343020516,0.45997037350345715,0.6081081081081081,0.36,0.4333623211512311,0.44594594594594594,0.4342105263157895
99_00_0_84_0_65_4_76_19_81,99.0,0.9373327367682264,0.98584,0.4344171002127909,0.2720133692805645,0.32432432432432434,0.24242424242424243,0.09721221171444125,0.04054054054054054,0.25
21_00_6_49_5_58_65_22_8_31,21.0,0.8609064518714412,0.9670820638820639,0.8414217766892336,0.6740537480107806,0.8918918918918919,0.5365853658536586,0.7309012886884878,0.7972972972972973,0.6941176470588235
84_00_0_41_0_00_29_54_5_95,84.0,0.9255047950615313,0.9817350715421304,0.713693011855927,0.3663209678991453,0.5540540540540541,0.25625,0.20835270532478117,0.17567567567567569,0.2653061224489796
5_00_4_73_11_26_98_38_59_75,5.0,0.8430005718134594,0.9595711711711712,0.9095722799228189,0.8514693182963201,1.0,0.7708333333333334,0.8486474022763661,0.8918918918918919,0.8571428571428571
148_00_1_58_5_89_40_00_4_82,148.0,0.9564951643804351,0.9921863232359877,0.7363514452445711,0.5226970682704195,0.6621621621621622,0.4188034188034188,0.4941708192780581,0.43243243243243246,0.5714285714285714
50_00_0_00_3_54_30_88_7_87,50.0,0.8829551953472284,0.9739603603603604,0.5458111357192648,0.41770456379925863,0.5405405405405406,0.3448275862068966,0.3935135135135135,0.40540540540540543,0.40540540540540543
2_00_13_64_11_55_46_65_34_22,2.0,0.7768342426748324,0.9450306306306306,0.8525381800002778,0.8644021120034097,1.0,0.8314606741573034,0.8807048459279792,0.9459459459459459,0.8974358974358975
198_00_0_00_1_89_22_21_2_24,198.0,0.9635362039166661,0.9942374575580606,0.2585101205545345,0.1538413998868806,0.08108108108108109,0.3,0.0,0.0,0.0
139_00_0_00_0_83_9_16_1_78,139.0,0.9492384524542088,0.991153667953668,0.08024231136706883,0.10281893100609366,0.08108108108108109,0.14285714285714285,0.0,0.0,0.0
179_00_0_36_6_59_6_44_3_40,179.0,0.9602243182952759,0.9935016216216216,0.14957304421025985,0.16203227819632757,0.12162162162162163,0.225,0.0,0.0,0.0
153_00_0_00_0_56_28_71_6_48,153.0,0.9506050541461114,0.9907518427518428,0.5571776722055065,0.32486557952943623,0.4189189189189189,0.2605042016806723,0.30265869079125696,0.21621621621621623,0.43243243243243246
190_00_0_00_0_13_19_37_16_06,190.0,0.9637174247178658,0.9938063676241686,0.7029360991615254,0.42236161942822087,0.5,0.3627450980392157,0.43905041599850236,0.32432432432432434,0.6
180_00_2_32_3_85_1_74_2_02,180.0,0.9570759055826837,0.992985754815589,0.07687557123988853,-0.002323224282136553,0.0,0.0,0.0,0.0,0.0
120_00_5_09_6_15_3_72_27_57,120.0,0.9408093406004002,0.9870134465043556,0.7075999309665797,0.4416003940954336,0.6891891891891891,0.2914285714285714,0.49817650547539316,0.4594594594594595,0.5483870967741935
168_00_0_21_0_61_2_60_2_33,168.0,0.955562884185342,0.993062018231249,0.009949818622368767,0.0,0.0,0.0,0.0,0.0,0.0
35_00_3_10_8_84_11_89_27_17,35.0,0.8691406012295579,0.9668864864864865,0.6571184469009581,0.450577883276577,0.6081081081081081,0.3629032258064516,0.3592106040535498,0.33783783783783783,0.4166666666666667
18_00_3_39_6_74_20_34_49_30,18.0,0.7968106806788591,0.9515937411095305,0.7718052180287767,0.5329602974047074,0.6756756756756757,0.4672897196261682,0.5196027443141313,0.5675675675675675,0.525
132_00_2_82_2_60_18_82_0_64,132.0,0.94930678296116,0.9902184108920951,0.2655871491973244,0.1587244188101148,0.12162162162162163,0.21951219512195122,0.0,0.0,0.0
169_00_0_00_2_83_9_28_0_93,169.0,0.9559768278150284,0.991569093799682,0.271730290563697,0.16722262054115583,0.17567567567567569,0.16883116883116883,0.0,0.0,0.0
132_00_1_31_3_98_6_22_1_14,132.0,0.9477051370723455,0.9909376143060353,0.03944119006794766,0.0,0.0,0.0,0.0,0.0,0.0
178_00_2_37_1_85_17_03_14_39,178.0,0.9572199111348758,0.9924935527706478,0.36168409913242516,0.24713401959104775,0.22972972972972974,0.27419354838709675,0.10332785826178897,0.04054054054054054,0.2727272727272727
98_00_0_66_3_51_17_58_7_66,98.0,0.9345185304930509,0.985999453999454,0.6679454813543431,0.4496383337194105,0.6486486486486487,0.3221476510067114,0.42607105722415245,0.3783783783783784,0.49122807017543857
152_00_4_22_1_50_11_08_6_57,152.0,0.9546018351975456,0.9917712065006182,0.3001121540089976,0.18871863047538734,0.14864864864864866,0.25,-0.0007623173615861909,0.0,0.0
78_00_1_75_5_11_3_16_49_54,78.0,0.9427464445251136,0.9887953472459802,0.8129489028607642,0.596189312374381,0.6891891891891891,0.5257731958762887,0.5561553560386405,0.5540540540540541,0.5694444444444444
13_00_6_08_9_79_33_18_20_56,13.0,0.7971700824766318,0.9459243243243243,0.6794051460808591,0.5971258331858554,0.7837837837837838,0.5087719298245614,0.5567471694466305,0.5405405405405406,0.6349206349206349
86_00_0_70_4_04_15_53_3_01,86.0,0.9310093242341144,0.9842152221186704,0.3373692827904039,0.16239899035630848,0.17567567567567569,0.16883116883116883,0.15196987455662295,0.05405405405405406,0.4444444444444444
20_00_0_50_3_86_40_30_15_74,20.0,0.7781305099326169,0.9472432432432433,0.5778628283010449,0.4815434123430768,0.6081081081081081,0.42857142857142855,0.4337945261067383,0.4864864864864865,0.43902439024390244
15_00_3_20_2_70_85_33_15_91,15.0,0.8126319517177215,0.9518621621621621,0.8344447557703181,0.6875445258980462,0.9459459459459459,0.5343511450381679,0.6268199381929368,0.7027027027027027,0.6046511627906976
17_00_4_01_7_64_31_07_8_61,17.0,0.8019835886968915,0.9470366366366366,0.7679690723746845,0.5628397163599272,0.8108108108108109,0.43478260869565216,0.5069560825437915,0.5675675675675675,0.5060240963855421
8_00_2_40_9_87_66_46_34_50,8.0,0.8238458864865037,0.9547555555555556,0.8480842830788042,0.7702486038651754,0.918918918918919,0.6938775510204082,0.7476854102539999,0.7702702702702703,0.7808219178082192
200_00_3_10_0_65_0_29_0_00,200.0,0.9583500733338387,0.9930542960871319,0.0008081158743408201,-0.003178850887798183,0.0,0.0,0.0,0.0,0.0
147_00_1_10_3_45_16_40_2_82,147.0,0.9561285378201806,0.9917887509130753,0.5176188856628059,0.2914514318862503,0.28378378378378377,0.3088235294117647,0.08137146424111935,0.013513513513513514,0.5
86_00_0_94_1_10_14_88_53_00,86.0,0.9428794343599336,0.9891046908977943,0.8834530006832403,0.6424898537274102,0.8648648648648649,0.48484848484848486,0.616645477966797,0.6891891891891891,0.5604395604395604
