Name,CI,LSR,BSL,HMS,MCC_5,TPR_5,PPV_5,MCC_9,TPR_9,PPV_9
oc_12_10000_1000_1_0_p019_0710_1,2.742667404537908,0.8876018796811035,0.9713343782345113,0.9217393579509107,0.9141038795989603,0.977863862755949,0.899236641221374,0.9301323442185926,0.9557277255118982,0.9421713038734315
oc_12_10000_1000_1_0_p019_0770_1,2.8450057405281286,0.8698443519727068,0.9670768289041505,0.9176582538919407,0.900375670918992,0.9764638346727899,0.8804347826086957,0.9229822314444771,0.9575200918484501,0.9292479108635098
oc_12_10000_1000_1_0_p019_0800_1,2.9290780141843973,0.8822755926854834,0.9709347472924188,0.9115237274797251,0.9144073120099409,0.9739952718676123,0.9010388190267906,0.9196321091522078,0.9533096926713948,0.9275445658424382
oc_12_10000_1000_1_0_p019_0830_1,3.047970479704797,0.8725039090745887,0.9677302339714372,0.9169222926351718,0.9020860929105334,0.9784747847478474,0.8785201546107123,0.9259181288670453,0.9649446494464945,0.924572775486152
oc_12_10000_1000_1_0_p019_0870_1,3.286472148541114,0.8753562343667189,0.9681844368811882,0.9141419809781192,0.8999098762003861,0.9774535809018567,0.8737403675163011,0.9266779874585508,0.9595490716180372,0.9287548138639281
oc_12_10000_1000_1_0_p019_0880_1,3.3714285714285714,0.8931289917509175,0.9731072517896048,0.9231333402955971,0.9147529756475838,0.9795918367346939,0.8921933085501859,0.9252602855738598,0.9585034013605442,0.9269736842105263
oc_12_10000_1000_1_0_p019_0900_1,3.591304347826087,0.8679507550206733,0.9662052556818181,0.9137384041305701,0.8907875827634651,0.9775362318840579,0.8575969485060394,0.9195274416586815,0.9565217391304348,0.918580375782881
oc_12_10000_1000_1_0_p019_0920_1,4.009708737864078,0.8807902558227195,0.9699895510335917,0.9096610421795583,0.8929787365738238,0.9684466019417476,0.8648843930635838,0.9109057235476058,0.9449838187702265,0.9132134480062549
oc_12_10000_1500_1_5_p019_0710_1,2.742667404537908,0.8395005801825778,0.9555817093006063,0.8504828515994195,0.8614133197876813,0.9441062534587714,0.85771744595274,0.8791792509571439,0.884338682899834,0.9372434017595308
oc_12_10000_1500_1_5_p019_0770_1,2.8450057405281286,0.8408275307641441,0.9568939086294417,0.8650137832795557,0.8690253507223039,0.9494833524684271,0.8614583333333333,0.8884099171319861,0.9138920780711826,0.9207634470792365
oc_12_10000_1500_1_5_p019_0800_1,2.9290780141843973,0.8443615208829749,0.9571975932611312,0.8557377318076456,0.8626957699270948,0.943853427895981,0.8563002680965147,0.8899478867619948,0.900709219858156,0.9343960760269773
oc_12_10000_1500_1_5_p019_0830_1,3.047970479704797,0.8283068657259276,0.9509068824065634,0.8565168192007566,0.8396392855644984,0.9464944649446494,0.8208,0.8876260873656825,0.9089790897908979,0.9214463840399002
oc_12_10000_1500_1_5_p019_0870_1,3.286472148541114,0.8414885935976548,0.9550056311881188,0.843205823223931,0.8405401728363083,0.9310344827586207,0.8307692307692308,0.8861273764544321,0.8773209549071618,0.9470293486041518
oc_12_10000_1500_1_5_p019_0880_1,3.3714285714285714,0.852444414239303,0.9592640367258014,0.8415069056980096,0.858803683429494,0.927891156462585,0.8578616352201258,0.86489017314747,0.8510204081632653,0.9391891891891891
oc_12_10000_1500_1_5_p019_0900_1,3.591304347826087,0.8221138992311546,0.9499181029040404,0.8339269810162268,0.8267049275190682,0.9391304347826087,0.8,0.8676128007415989,0.8876811594202898,0.9047267355982275
oc_12_10000_1500_1_5_p019_0920_1,4.009708737864078,0.8195605893004447,0.9503692506459949,0.8268943040004433,0.8232086595008219,0.9296116504854369,0.7968099861303745,0.8528244158151375,0.8770226537216829,0.8870703764320785
oc_12_10000_2000_2_0_p019_0710_1,2.742667404537908,0.8327707571702608,0.952675114594115,0.8141703008651464,0.843723765042228,0.9064748201438849,0.8666666666666667,0.86510431135844,0.8262313226342003,0.9745430809399478
oc_12_10000_2000_2_0_p019_0770_1,2.8450057405281286,0.83097761104618,0.9515948641385489,0.8268522917829396,0.8381965143322614,0.9242250287026407,0.8416100365917407,0.8735301687594546,0.8490241102181401,0.9622641509433962
oc_12_10000_2000_2_0_p019_0800_1,2.9290780141843973,0.8158434516863118,0.9486989921780987,0.8071788019874695,0.8234130127840165,0.9095744680851063,0.832341806381828,0.8503924146163337,0.8197399527186762,0.9552341597796143
oc_12_10000_2000_2_0_p019_0830_1,3.047970479704797,0.7969790321847366,0.9440836219993923,0.7783611846045142,0.8070904023110683,0.8825338253382534,0.8304398148148148,0.8364330739254691,0.8081180811808119,0.9432878679109835
oc_12_10000_2000_2_0_p019_0870_1,3.286472148541114,0.8252849376245222,0.951360952970297,0.7935895530192449,0.818861487157759,0.8806366047745358,0.843710292249047,0.8334739441198822,0.7891246684350133,0.9542902967121091
oc_12_10000_2000_2_0_p019_0880_1,3.3714285714285714,0.8301989734085096,0.9536158574540927,0.7932783738504161,0.8311987005201256,0.8857142857142857,0.8554533508541393,0.8292191741394203,0.7727891156462585,0.9635284139100933
oc_12_10000_2000_2_0_p019_0900_1,3.591304347826087,0.8052319960820827,0.944408317550505,0.7791989602341715,0.7969136117175182,0.8920289855072464,0.7972797927461139,0.8313916291460043,0.7942028985507247,0.9407725321888412
oc_12_10000_2000_2_0_p019_0920_1,4.009708737864078,0.8180022994576415,0.9480962047803617,0.7665146909781936,0.7957048289287285,0.8681229773462783,0.8085908063300679,0.8140529999262344,0.7661812297734628,0.9357707509881423
oc_12_10000_2500_2_6_p019_0710_1,2.898245614035088,0.8456411973821049,0.9573944794479448,0.8175681769962068,0.8542330232585955,0.9,0.8839747271682941,0.8451557101531685,0.7853801169590643,0.9838827838827838
oc_12_10000_2500_2_6_p019_0770_1,2.996372430471584,0.837387952299131,0.9556627080181543,0.8078513369020077,0.8510658430526267,0.8905683192261185,0.8862815884476535,0.8292816743248757,0.7738814993954051,0.9689629068887207
oc_12_10000_2500_2_6_p019_0800_1,3.089775561097257,0.8034506615711685,0.9445169054878049,0.7680450961036778,0.7960580632896582,0.8665835411471322,0.8278737343656939,0.8213865700458012,0.773067331670823,0.9553158705701078
oc_12_10000_2500_2_6_p019_0830_1,3.205692108667529,0.8146646299485059,0.9498815133804983,0.7771463020156207,0.8312550384367401,0.8654592496765847,0.8768020969855832,0.7958176982063541,0.7212160413971539,0.9678819444444444
oc_12_10000_2500_2_6_p019_0870_1,3.4852320675105486,0.8311598665605641,0.9533424741298213,0.7856263214154406,0.82726777349647,0.869901547116737,0.8620209059233449,0.7961216044328175,0.7180028129395218,0.9668560606060606
oc_12_10000_2500_2_6_p019_0880_1,3.552688172043011,0.8398301737612787,0.9574214454416627,0.7919050286090111,0.8373575716595332,0.8516129032258064,0.8932330827067669,0.7850865525834614,0.6960573476702508,0.9719719719719719
oc_12_10000_2500_2_6_p019_0900_1,3.786096256684492,0.8398250278278695,0.9560475179569035,0.7854018562396479,0.8284117663001407,0.8594346829640948,0.8687258687258688,0.7523400717230269,0.6394194041252865,0.977803738317757
oc_12_10000_2500_2_6_p019_0920_1,4.2107051826678,0.8271104242260389,0.9537666557965107,0.7568191411115993,0.8097585472822131,0.8249787595581988,0.8661909009812667,0.7370508136810049,0.6244689889549703,0.9607843137254902
oc_12_10000_3000_3_1_p019_0710_1,3.480337078651685,0.8394214542802638,0.9555756896551724,0.802163667900565,0.8378911842221972,0.8820224719101124,0.8668046928916494,0.8412663519383866,0.7907303370786517,0.9623931623931624
oc_12_10000_3000_3_1_p019_0770_1,3.6201607012417822,0.8403629125261324,0.9575929960474309,0.8023317319488528,0.8362225010795851,0.8772826880934989,0.8665223665223665,0.8248390469778873,0.7713659605551497,0.9539295392953929
oc_12_10000_3000_3_1_p019_0800_1,3.777439024390244,0.8105898422287199,0.9476903318442884,0.7565398263122542,0.7951633743287648,0.8536585365853658,0.8241353936718175,0.8120831309157179,0.7507621951219512,0.9526112185686654
oc_12_10000_3000_3_1_p019_0830_1,3.9584664536741214,0.8344323595743425,0.9557537854381444,0.7881356723874458,0.8315678955862127,0.8666134185303515,0.8645418326693227,0.8054615227581378,0.7196485623003195,0.9740540540540541
oc_12_10000_3000_3_1_p019_0870_1,4.3321678321678325,0.8539570804593095,0.9615833278688525,0.7986338986875364,0.841809852707061,0.8531468531468531,0.8888888888888888,0.7983857251922587,0.7071678321678322,0.9711884753901561
oc_12_10000_3000_3_1_p019_0880_1,4.489130434782608,0.8573188945260057,0.9617627887788779,0.8035692608058258,0.8285353426012907,0.8242753623188406,0.8939096267190569,0.7835468193234356,0.6884057971014492,0.9644670050761421
oc_12_10000_3000_3_1_p019_0900_1,4.8116504854368936,0.8312371480999006,0.95585985633144,0.7502745154528804,0.8116571305016906,0.8097087378640777,0.8769716088328076,0.7543054125500577,0.6446601941747573,0.9595375722543352
oc_12_10000_3000_3_1_p019_0920_1,5.518930957683741,0.8544341328660923,0.9609430304065596,0.7664702584749241,0.8115714317045325,0.8307349665924276,0.8496583143507973,0.7500320449812362,0.6191536748329621,0.9771528998242531
oc_12_10000_3500_3_5_p019_0710_1,4.147280334728033,0.8601063132972409,0.961764038367745,0.8094772758546316,0.8367119308105495,0.8493723849372385,0.8864628820960698,0.8193545465555206,0.7489539748953975,0.9623655913978495
oc_12_10000_3500_3_5_p019_0770_1,4.324607329842932,0.8500025252146757,0.958748951163553,0.7950325351857419,0.8232328380163381,0.8630017452006981,0.8503869303525365,0.8409581187331028,0.7818499127399651,0.9613733905579399
oc_12_10000_3500_3_5_p019_0800_1,4.493200362647325,0.8169828848296247,0.950116603399901,0.7488960566346335,0.7843228155108819,0.8313689936536718,0.8165627782724845,0.7887176280595213,0.7316409791477788,0.9233409610983981
oc_12_10000_3500_3_5_p019_0830_1,4.760806916426513,0.8649684522247795,0.9641226780056695,0.8009416957650686,0.840643390592629,0.8366954851104706,0.8988648090815273,0.7995530463743196,0.7041306436119116,0.9721485411140584
oc_12_10000_3500_3_5_p019_0870_1,5.294871794871795,0.8409956769978165,0.9570645621181263,0.7426534608335869,0.7989881977392019,0.7970085470085471,0.8634259259259259,0.7834109542597872,0.6805555555555556,0.9651515151515152
oc_12_10000_3500_3_5_p019_0880_1,5.53125,0.8505600782579814,0.9604728810663021,0.7654168222154653,0.805478538507225,0.7946428571428571,0.8746928746928747,0.7558128226277511,0.6417410714285714,0.9583333333333334
oc_12_10000_3500_3_5_p019_0900_1,6.126081582200247,0.8463365988060095,0.9587512749349523,0.7404340997671102,0.7715542585968544,0.7589616810877626,0.8468965517241379,0.7485748430433206,0.6316440049443758,0.9515828677839852
oc_12_10000_3500_3_5_p019_0920_1,7.193033381712627,0.8893586553501482,0.9714391851195748,0.8029501539654186,0.8253232487340191,0.783744557329463,0.9106239460370995,0.731673639294523,0.5849056603773585,0.9734299516908212
oc_12_10000_4000_4_0_p019_0710_1,4.887573964497041,0.8599754532761623,0.9623818592964825,0.8031941075574383,0.8320783720140009,0.8727810650887574,0.8493282149712092,0.8471409648572406,0.7938856015779092,0.9537914691943128
oc_12_10000_4000_4_0_p019_0770_1,5.211356466876971,0.8613331045172758,0.9636856272219401,0.7922751790424513,0.8306122133422816,0.843322818086225,0.8717391304347826,0.8359472144612207,0.7739221871713985,0.9533678756476683
oc_12_10000_4000_4_0_p019_0800_1,5.518930957683741,0.851597338021316,0.9593784933378886,0.785749167910381,0.7998940234662788,0.8574610244988864,0.806282722513089,0.8302785147105125,0.7783964365256125,0.9357429718875502
oc_12_10000_4000_4_0_p019_0830_1,5.9,0.8701135847851155,0.9659646480331263,0.7924408248536132,0.8240677058371795,0.8273809523809523,0.8709273182957393,0.8151115136354148,0.7333333333333333,0.9565217391304348
oc_12_10000_4000_4_0_p019_0870_1,6.752043596730245,0.8457259463302661,0.9594804920913884,0.7311247337435771,0.7640482036707711,0.7629427792915532,0.8247422680412371,0.7685326103819331,0.6580381471389646,0.9526627218934911
oc_12_10000_4000_4_0_p019_0880_1,7.0,0.8666325179697869,0.9648137535310735,0.7756638619181209,0.7833693123259537,0.769774011299435,0.8502340093603744,0.7771611255462028,0.6709039548022598,0.9519038076152304
oc_12_10000_4000_4_0_p019_0900_1,7.955056179775281,0.8728360101871688,0.9654728804445241,0.760741585848802,0.7719085952586875,0.7993579454253612,0.7955271565495208,0.7874661049428032,0.6902086677367576,0.9429824561403509
oc_12_10000_4000_4_0_p019_0920_1,10.012121212121212,0.8931781233048215,0.9726778389286369,0.8032728164747847,0.7796612453989528,0.7313131313131314,0.8701923076923077,0.7033884463703522,0.5616161616161616,0.9297658862876255
oc_12_10000_500_0_5_p019_0710_1,2.742667404537908,0.9386260234070496,0.9859418453349106,0.9606910433425352,0.9591397875055263,0.9861649142224682,0.9544724156400642,0.9675911653816184,0.9789706696181516,0.9735828288387451
oc_12_10000_500_0_5_p019_0770_1,2.8450057405281286,0.9154165590413158,0.9792448641385488,0.9602376802238677,0.9355969890936068,0.983926521239954,0.922497308934338,0.9549946928818388,0.9764638346727899,0.9572312886888014
oc_12_10000_500_0_5_p019_0800_1,2.9290780141843973,0.9463761974176624,0.9880880415162455,0.9669215482773871,0.9634351281251972,0.9899527186761229,0.9560502283105022,0.9706907255488376,0.9793144208037825,0.9770047169811321
oc_12_10000_500_0_5_p019_0830_1,3.047970479704797,0.9372795227972295,0.9859822394408995,0.9630240265079327,0.9552917009966473,0.9870848708487084,0.9463443396226415,0.9658481783790648,0.9797047970479705,0.968978102189781
oc_12_10000_500_0_5_p019_0870_1,3.286472148541114,0.9173722042542137,0.9787402073019802,0.9564344146470468,0.9269499281729765,0.986737400530504,0.9040097205346294,0.9637466243814791,0.9748010610079576,0.9696569920844327
oc_12_10000_500_0_5_p019_0880_1,3.3714285714285714,0.9274146503640224,0.9826532524120759,0.9576412245142332,0.9434986021930327,0.9829931972789115,0.9310567010309279,0.9664821860947769,0.9741496598639455,0.9741496598639455
oc_12_10000_500_0_5_p019_0900_1,3.591304347826087,0.9163436652544295,0.978544255050505,0.9588123551141122,0.9222668808266025,0.986231884057971,0.8953947368421052,0.9608873777513004,0.9768115942028985,0.9621698786581013
oc_12_10000_500_0_5_p019_0920_1,4.009708737864078,0.9434553931103913,0.9883056363049095,0.963710539094003,0.9576316672685933,0.9878640776699029,0.945046439628483,0.9638471304876278,0.9781553398058253,0.9641148325358851
oc_12_1000_1000_1_0_p019_0710_1,27.38121546961326,0.8588419965443884,0.9624707416780222,0.6818477103383284,0.5291290900222854,0.7624309392265194,0.3976945244956772,0.6711158558985236,0.7182320441988951,0.65
oc_12_1000_1000_1_0_p019_0770_1,28.32,0.8159055339685652,0.9469664003118301,0.6979620805910658,0.4632476096247653,0.8114285714285714,0.29583333333333334,0.6324193549240917,0.7428571428571429,0.5627705627705628
oc_12_1000_1000_1_0_p019_0800_1,29.152941176470588,0.8681621961020387,0.9655705618415918,0.7149379322565372,0.5514195257099256,0.7764705882352941,0.41904761904761906,0.6439216300734499,0.7176470588235294,0.6009852216748769
oc_12_1000_1000_1_0_p019_0830_1,30.404907975460123,0.9320222143194468,0.9851474311388944,0.8223725618400526,0.7276669399892708,0.7914110429447853,0.6861702127659575,0.7375924653631899,0.7055214723926381,0.7876712328767124
oc_12_1000_1000_1_0_p019_0870_1,32.82119205298013,0.864603219535916,0.9635070099862934,0.6317695583004068,0.4812418908931184,0.7284768211920529,0.34591194968553457,0.5908571216020184,0.543046357615894,0.6666666666666666
oc_12_1000_1000_1_0_p019_0880_1,33.714285714285715,0.8806912265546575,0.9678556927297668,0.7410649735760639,0.5555598625716609,0.8299319727891157,0.3948220064724919,0.6840490350299351,0.7482993197278912,0.6432748538011696
oc_12_1000_1000_1_0_p019_0900_1,35.65467625899281,0.8222714746767571,0.9497040628066732,0.697053914530122,0.4337646801353661,0.8129496402877698,0.25740318906605925,0.6390749052160108,0.7122302158273381,0.592814371257485
oc_12_1000_1000_1_0_p019_0920_1,39.96774193548387,0.9283392496989188,0.984307283464567,0.7919010347704416,0.6769646792995714,0.7983870967741935,0.5892857142857143,0.7047587930284304,0.717741935483871,0.7063492063492064
oc_12_1000_1500_1_5_p019_0710_1,27.38121546961326,0.833245092805029,0.9551355071053144,0.4711916217102381,0.4015452960928774,0.56353591160221,0.3258785942492013,0.5082336915840706,0.4585635359116022,0.5971223021582733
oc_12_1000_1500_1_5_p019_0770_1,28.32,0.8592614327487853,0.962060728902748,0.7119780142152883,0.5386127831890637,0.8,0.39106145251396646,0.6647776304090097,0.72,0.6363636363636364
oc_12_1000_1500_1_5_p019_0800_1,29.152941176470588,0.8900908737573452,0.9720666406554819,0.7532377983732708,0.5929614362398488,0.7764705882352941,0.4782608695652174,0.655206730013832,0.6882352941176471,0.6464088397790055
oc_12_1000_1500_1_5_p019_0830_1,30.404907975460123,0.8703495366525449,0.9651960343817152,0.7375060960877241,0.5377587139018245,0.7975460122699386,0.38922155688622756,0.6564731512066614,0.7423312883435583,0.6019900497512438
oc_12_1000_1500_1_5_p019_0870_1,32.82119205298013,0.8078899068545127,0.9478197180340708,0.2506953416818253,0.20600626064585423,0.3443708609271523,0.16613418530351437,0.33332947040655814,0.2781456953642384,0.4375
oc_12_1000_1500_1_5_p019_0880_1,33.714285714285715,0.8171631229882108,0.9478161277679796,0.47614218239708317,0.32838100860054475,0.5986394557823129,0.2146341463414634,0.45827776769684553,0.42857142857142855,0.5206611570247934
oc_12_1000_1500_1_5_p019_0900_1,35.65467625899281,0.5967327635635553,0.8698229636898921,0.3871491837811205,0.1860006077368907,0.6402877697841727,0.0882936507936508,0.3279911610910392,0.48201438848920863,0.25769230769230766
oc_12_1000_1500_1_5_p019_0920_1,39.96774193548387,0.9124799066426726,0.9816393897637795,0.544043928959356,0.5172141487175579,0.45161290322580644,0.6153846153846154,0.4513373394602495,0.3387096774193548,0.6268656716417911
oc_12_1000_2000_2_0_p019_0710_1,27.38121546961326,0.8466154290498629,0.9563310103173058,0.5603425844470379,0.4389103241927584,0.6629834254143646,0.32697547683923706,0.5386806408613716,0.425414364640884,0.7129629629629629
oc_12_1000_2000_2_0_p019_0770_1,28.32,0.8817012805528732,0.9699963749756383,0.5204420755365561,0.48179106141775624,0.5542857142857143,0.4532710280373832,0.5428235497951255,0.4057142857142857,0.7553191489361702
oc_12_1000_2000_2_0_p019_0800_1,29.152941176470588,0.876185839506787,0.9693810963714398,0.5395149052958199,0.46515949471154117,0.5294117647058824,0.4433497536945813,0.48511797090639447,0.4176470588235294,0.5966386554621849
oc_12_1000_2000_2_0_p019_0830_1,30.404907975460123,0.8435969574678082,0.9563946083219379,0.5065628436987459,0.38416600681232854,0.5828220858895705,0.2896341463414634,0.4669523117263776,0.43558282208588955,0.5338345864661654
oc_12_1000_2000_2_0_p019_0870_1,32.82119205298013,0.6610250671869013,0.8952999608380654,0.3372791359481404,0.21385801102501628,0.5960264900662252,0.11450381679389313,0.2972576795409505,0.39072847682119205,0.26576576576576577
oc_12_1000_2000_2_0_p019_0880_1,33.714285714285715,0.8009103413242048,0.9436555751518715,0.3272935036339565,0.2541784437115587,0.46258503401360546,0.1784776902887139,0.3001906193655175,0.2653061224489796,0.3786407766990291
oc_12_1000_2000_2_0_p019_0900_1,35.65467625899281,0.6307463771607644,0.8909639057899902,0.10993996779967341,0.0409265799897133,0.2158273381294964,0.04431314623338257,0.11200058816656253,0.17266187050359713,0.11594202898550725
oc_12_1000_2000_2_0_p019_0920_1,39.96774193548387,0.8170017723726881,0.955189783464567,0.2716507515525235,0.24362162072675372,0.3629032258064516,0.19823788546255505,0.23830613816992285,0.27419354838709675,0.24285714285714285
oc_12_1000_2500_2_6_p019_0710_1,28.982456140350877,0.8453934290534181,0.9631471620830895,0.2558271459713105,0.2510115258195111,0.24561403508771928,0.30434782608695654,0.3075384851615937,0.18128654970760233,0.5636363636363636
oc_12_1000_2500_2_6_p019_0770_1,29.5,0.8561157380063459,0.9615580405932865,0.41056931224987403,0.3461326436030042,0.4642857142857143,0.2988505747126437,0.46368882503755876,0.32142857142857145,0.7012987012987013
oc_12_1000_2500_2_6_p019_0800_1,30.782608695652176,0.8203541792183909,0.9534422122337307,0.33782597919299173,0.2846900886200818,0.40993788819875776,0.24,0.37297680972592756,0.32919254658385094,0.4608695652173913
oc_12_1000_2500_2_6_p019_0830_1,32.18181818181818,0.8644684167896303,0.9671491780821918,0.32010911505596873,0.303690659622863,0.3246753246753247,0.3246753246753247,0.33659203641730623,0.2077922077922078,0.5818181818181818
oc_12_1000_2500_2_6_p019_0870_1,34.179310344827584,0.7985024824204119,0.9419448539502059,0.4138481921905206,0.2935584551475354,0.5448275862068965,0.1941031941031941,0.4616382883271875,0.3793103448275862,0.5913978494623656
oc_12_1000_2500_2_6_p019_0880_1,35.148936170212764,0.9024347732587761,0.9772450264861683,0.4755034637182478,0.4042871158969934,0.3333333333333333,0.5222222222222223,0.34289077394650797,0.1773049645390071,0.6944444444444444
oc_12_1000_2500_2_6_p019_0900_1,37.54545454545455,0.6676493426474073,0.9083221698113207,0.08981820203400492,0.06937058724346135,0.22727272727272727,0.05905511811023622,0.08615757250888355,0.1590909090909091,0.0875
oc_12_1000_2500_2_6_p019_0920_1,42.724137931034484,0.7109084745089881,0.9392744479495269,0.49209692472477384,0.3533210864305443,0.646551724137931,0.21929824561403508,0.3533210864305443,0.646551724137931,0.21929824561403508
oc_12_1000_3000_3_1_p019_0710_1,35.148936170212764,0.8980467852943759,0.9746533843437316,0.5167029618824421,0.42058846886065593,0.475177304964539,0.4036144578313253,0.4874805404372008,0.3475177304964539,0.7101449275362319
oc_12_1000_3000_3_1_p019_0770_1,36.71111111111111,0.678629768554962,0.907642113533687,0.19932908521399462,0.11416138043082105,0.3333333333333333,0.07772020725388601,0.20362299955985586,0.2962962962962963,0.17937219730941703
oc_12_1000_3000_3_1_p019_0800_1,37.54545454545455,0.8787051192081525,0.9714972287735849,0.41373893323614963,0.37079770831682135,0.4166666666666667,0.3618421052631579,0.40317365227770824,0.3333333333333333,0.5176470588235295
oc_12_1000_3000_3_1_p019_0830_1,39.648,0.722503363254018,0.9226402283015155,0.000742108768689409,0.00930101066294933,0.096,0.029484029484029485,0.04474426048901843,0.08,0.06329113924050633
oc_12_1000_3000_3_1_p019_0870_1,43.095652173913045,0.8789229414170503,0.9682864523762571,0.4140003603750997,0.3347170672652263,0.46956521739130436,0.26732673267326734,0.41833328211206694,0.3217391304347826,0.5692307692307692
oc_12_1000_3000_3_1_p019_0880_1,44.648648648648646,0.7988937136219575,0.9448236037102822,0.06443639214839258,0.04262600146652829,0.12612612612612611,0.046822742474916385,0.0898277163328175,0.08108108108108109,0.13636363636363635
oc_12_1000_3000_3_1_p019_0900_1,47.2,0.8132572109599279,0.9442851610353685,0.23111613932700636,0.16646999565950918,0.38095238095238093,0.10309278350515463,0.23582949722180058,0.19047619047619047,0.3225806451612903
oc_12_1000_3000_3_1_p019_0920_1,55.68539325842696,0.922711964118123,0.9841421605550049,0.38125905979619257,0.4025735934564141,0.3258426966292135,0.5178571428571429,0.38788882821310305,0.24719101123595505,0.6285714285714286
oc_12_1000_3500_3_5_p019_0710_1,40.95867768595041,0.7448717120720002,0.9293682292692536,0.3038301284435182,0.20618162476446852,0.47107438016528924,0.12311015118790497,0.2307315180533077,0.3140495867768595,0.20430107526881722
oc_12_1000_3500_3_5_p019_0770_1,43.473684210526315,0.8970474825436126,0.9748043984220908,0.4527907218938688,0.4019561139851107,0.47368421052631576,0.3673469387755102,0.49374553904702323,0.30701754385964913,0.813953488372093
oc_12_1000_3500_3_5_p019_0800_1,44.25,0.895395343602902,0.9737884175217049,0.45745265604969154,0.372186585834301,0.45535714285714285,0.33116883116883117,0.4491093064713635,0.35714285714285715,0.5882352941176471
oc_12_1000_3500_3_5_p019_0830_1,48.116504854368934,0.8756838467044509,0.9733061079264677,0.14612561806867463,0.16127615413338786,0.14563106796116504,0.2112676056338028,0.1757075834986949,0.13592233009708737,0.25925925925925924
oc_12_1000_3500_3_5_p019_0870_1,53.869565217391305,0.8271430981014044,0.9518738114104596,0.1438887800895695,0.09127606015746315,0.20652173913043478,0.06909090909090909,0.1957378269387735,0.15217391304347827,0.28
oc_12_1000_3500_3_5_p019_0880_1,55.68539325842696,0.8681653703312797,0.970399425173439,0.17895640703448712,0.19549982471044172,0.24719101123595505,0.18181818181818182,0.1985145868795922,0.20224719101123595,0.2222222222222222
oc_12_1000_3500_3_5_p019_0900_1,60.4390243902439,0.8484840331024842,0.9639367804684399,0.06152743967647456,0.05984588459868079,0.10975609756097561,0.05921052631578947,0.08551483455838166,0.0975609756097561,0.10256410256410256
oc_12_1000_3500_3_5_p019_0920_1,72.88235294117646,0.6304986089906679,0.9217754777070064,0.4782643474350178,0.25197609432357526,0.6764705882352942,0.11031175059952038,0.25197609432357526,0.6764705882352942,0.11031175059952038
oc_12_1000_4000_4_0_p019_0710_1,49.06930693069307,0.8706202612974061,0.9700981016412893,0.27768518974624656,0.2729866601667964,0.3465346534653465,0.24305555555555555,0.27231301443715644,0.22772277227722773,0.35384615384615387
oc_12_1000_4000_4_0_p019_0770_1,52.16842105263158,0.7804037546166129,0.9346293011284894,0.3084097765347835,0.17264593880117757,0.4421052631578947,0.09417040358744394,0.3475875667595071,0.35789473684210527,0.3617021276595745
oc_12_1000_4000_4_0_p019_0800_1,54.46153846153846,0.8964419621708302,0.974465306122449,0.3880165474967272,0.2964506701248583,0.3956043956043956,0.2465753424657534,0.3543047599023562,0.3076923076923077,0.4307692307692308
oc_12_1000_4000_4_0_p019_0830_1,58.305882352941175,0.8761299161645694,0.9651783574687562,0.4315876562489932,0.25001670650588914,0.4470588235294118,0.1630901287553648,0.3401321056928705,0.23529411764705882,0.5128205128205128
oc_12_1000_4000_4_0_p019_0870_1,67.89041095890411,0.8056868024093643,0.9572454364684828,0.008383166735107639,-0.02178672580180531,0.0,0.0,-0.019692125564810568,0.0,0.0
oc_12_1000_4000_4_0_p019_0880_1,71.82608695652173,0.9119867604815569,0.980356895522388,0.15681986931005087,0.15974241071657672,0.17391304347826086,0.16901408450704225,0.25900865368243514,0.15942028985507245,0.44
oc_12_1000_4000_4_0_p019_0900_1,79.93548387096774,0.8829203383549629,0.9706342367477082,0.3827688709597977,0.24666627150757311,0.41935483870967744,0.1625,0.37060453885000033,0.3064516129032258,0.4634146341463415
oc_12_1000_4000_4_0_p019_0920_1,99.12,0.7246700723189125,0.9422692768677587,0.22807991107668635,0.14263398071388456,0.38,0.06859205776173286,0.14263398071388456,0.38,0.06859205776173286
oc_12_1000_500_0_5_p019_0710_1,27.38121546961326,0.9301217543204214,0.9835041269223282,0.8970059100956609,0.7650657359916867,0.9281767955801105,0.6461538461538462,0.8745118807353018,0.9171270718232044,0.8426395939086294
oc_12_1000_500_0_5_p019_0770_1,28.32,0.812264237054689,0.9409905281621517,0.9141670724076586,0.4737308637181723,0.9371428571428572,0.26753670473083196,0.8030121712757557,0.9371428571428572,0.7008547008547008
oc_12_1000_500_0_5_p019_0800_1,29.152941176470588,0.9579990520391021,0.9920908505657433,0.9302074216758842,0.873095993662453,0.9470588235294117,0.8131313131313131,0.8954253364010841,0.9352941176470588,0.8641304347826086
oc_12_1000_500_0_5_p019_0830_1,30.404907975460123,0.920071194961144,0.9818194569251807,0.9237248042413096,0.7434605857745763,0.950920245398773,0.5961538461538461,0.8217588927891356,0.950920245398773,0.7209302325581395
oc_12_1000_500_0_5_p019_0870_1,32.82119205298013,0.8472609718274947,0.9570555512042295,0.9587294503162037,0.5447612132880278,0.9867549668874173,0.32181425485961124,0.8275000679311044,0.9801324503311258,0.7081339712918661
oc_12_1000_500_0_5_p019_0880_1,33.714285714285715,0.9128717385090691,0.9767241426611797,0.9612535479612532,0.6699934720638945,0.9931972789115646,0.46794871794871795,0.8881706887592269,0.9727891156462585,0.8171428571428572
oc_12_1000_500_0_5_p019_0900_1,35.65467625899281,0.8633108103323207,0.9607445142296369,0.9477708624328475,0.5609944863570547,0.9856115107913669,0.33827160493827163,0.8020074431446292,0.9496402877697842,0.6875
oc_12_1000_500_0_5_p019_0920_1,39.96774193548387,0.9539419343296527,0.9908092716535433,0.9633471641049264,0.8116416087742854,0.9758064516129032,0.6836158192090396,0.8782602998430553,0.9596774193548387,0.8095238095238095
oc_12_2500_1000_1_0_p019_0710_1,10.964601769911505,0.8940659880761791,0.9728689534023669,0.8818264117586231,0.8020110218326942,0.9314159292035398,0.7221269296740995,0.866303031919157,0.9026548672566371,0.8535564853556485
oc_12_2500_1000_1_0_p019_0770_1,11.36697247706422,0.8507150674201919,0.9593700853115728,0.8918498173227358,0.7479876209346521,0.963302752293578,0.6176470588235294,0.8564410095791236,0.9311926605504587,0.810379241516966
oc_12_2500_1000_1_0_p019_0800_1,11.71631205673759,0.8698124585510679,0.9672686930656256,0.8798376708934963,0.774039839541252,0.9479905437352246,0.6650082918739635,0.8335815715825243,0.8959810874704491,0.8012684989429175
oc_12_2500_1000_1_0_p019_0830_1,12.176904176904177,0.8636656393328688,0.9650121573746038,0.8656309701079374,0.7590623088032648,0.9484029484029484,0.6411960132890365,0.8270034813625433,0.9017199017199017,0.7841880341880342
oc_12_2500_1000_1_0_p019_0870_1,13.145888594164456,0.8726520602641683,0.9659851678229889,0.8850629194250359,0.7516673237684438,0.9522546419098143,0.6254355400696864,0.8626251821975235,0.896551724137931,0.8492462311557789
oc_12_2500_1000_1_0_p019_0880_1,13.467391304347826,0.897400574687536,0.9748751126972202,0.8966634613159474,0.8032496644385284,0.9538043478260869,0.702,0.8442943770174749,0.9184782608695652,0.7971698113207547
oc_12_2500_1000_1_0_p019_0900_1,14.323699421965317,0.8856418462047069,0.9705153149754809,0.8969381653197713,0.7702340204636335,0.9566473988439307,0.6477495107632094,0.8682328135262258,0.9277456647398844,0.8294573643410853
oc_12_2500_1000_1_0_p019_0920_1,15.987096774193548,0.8892082306328947,0.9727274591720471,0.8722814785527666,0.7613379940423722,0.932258064516129,0.647982062780269,0.8108884256397838,0.8903225806451613,0.7603305785123967
oc_12_2500_1500_1_5_p019_0710_1,10.964601769911505,0.8547184752679796,0.9602103550295858,0.7774723129857277,0.7138218317398078,0.8561946902654868,0.640728476821192,0.81300553876853,0.8097345132743363,0.8472222222222222
oc_12_2500_1500_1_5_p019_0770_1,11.36697247706422,0.8447667293115666,0.9572392433234421,0.7975506596068792,0.7127635900157641,0.8944954128440367,0.6112852664576802,0.790076888336136,0.8211009174311926,0.7937915742793792
oc_12_2500_1500_1_5_p019_0800_1,11.71631205673759,0.8625012390451987,0.9652702918758134,0.7743967686203194,0.7332138058122085,0.8416075650118203,0.6793893129770993,0.7747272558270064,0.7730496453900709,0.8114143920595533
oc_12_2500_1500_1_5_p019_0830_1,12.176904176904177,0.806483914963856,0.9461676673503636,0.707649752381864,0.6254539253769804,0.8255528255528255,0.5266457680250783,0.7230109755441824,0.7542997542997543,0.7344497607655502
oc_12_2500_1500_1_5_p019_0870_1,13.145888594164456,0.849204743931469,0.9592995312207013,0.7601458626718365,0.6870697765033539,0.8567639257294429,0.5926605504587156,0.7504654876814106,0.7639257294429708,0.7721179624664879
oc_12_2500_1500_1_5_p019_0880_1,13.467391304347826,0.8636791797127622,0.965090852742299,0.7260758270270964,0.684781243567734,0.7581521739130435,0.6611374407582938,0.7106004859723333,0.6766304347826086,0.7854889589905363
oc_12_2500_1500_1_5_p019_0900_1,14.323699421965317,0.8320725423387193,0.9518845907204828,0.7538146626356015,0.6289675263242268,0.8583815028901735,0.5051020408163265,0.7436445883588209,0.7398843930635838,0.7804878048780488
oc_12_2500_1500_1_5_p019_0920_1,15.987096774193548,0.8631574885508215,0.9650689137865552,0.7747553217612954,0.6814337459797428,0.8258064516129032,0.5981308411214953,0.6983702374570314,0.7290322580645161,0.7040498442367601
oc_12_2500_2000_2_0_p019_0710_1,10.964601769911505,0.8258661227784556,0.9530161427514793,0.6618387253039344,0.6530412329976751,0.7588495575221239,0.618018018018018,0.7147899441633782,0.6305309734513275,0.8558558558558559
oc_12_2500_2000_2_0_p019_0770_1,11.36697247706422,0.8502236768765832,0.9613362945103857,0.714346122719079,0.7044400554366479,0.7935779816513762,0.6718446601941748,0.7371450187255199,0.6811926605504587,0.8389830508474576
oc_12_2500_2000_2_0_p019_0800_1,11.71631205673759,0.8191972015612097,0.9518422011526306,0.645123270462056,0.6300417827816759,0.7470449172576832,0.587360594795539,0.6790987434286099,0.6122931442080378,0.8018575851393189
oc_12_2500_2000_2_0_p019_0830_1,12.176904176904177,0.8088371120946789,0.9515278761887004,0.6252642642063835,0.6138621732157662,0.7100737100737101,0.5873983739837398,0.6410992152388965,0.601965601965602,0.7357357357357357
oc_12_2500_2000_2_0_p019_0870_1,13.145888594164456,0.8242558346430572,0.9511183386461654,0.6544955311406098,0.6130278066000827,0.76657824933687,0.5422138836772983,0.6869255076063149,0.636604774535809,0.7843137254901961
oc_12_2500_2000_2_0_p019_0880_1,13.467391304347826,0.8110204117795227,0.9498811983471075,0.5902919396503725,0.589348809706828,0.7010869565217391,0.5501066098081023,0.606878450931752,0.5027173913043478,0.7838983050847458
oc_12_2500_2000_2_0_p019_0900_1,14.323699421965317,0.8051765584398884,0.9449899283289325,0.6319756802443095,0.56520197787473,0.7658959537572254,0.4698581560283688,0.668258167154729,0.6069364161849711,0.7777777777777778
oc_12_2500_2000_2_0_p019_0920_1,15.987096774193548,0.8131720804376649,0.9558063995442461,0.5130583671798566,0.5277767398117946,0.535483870967742,0.5743944636678201,0.5285456679994437,0.44193548387096776,0.685
oc_12_2500_2500_2_6_p019_0710_1,11.552447552447552,0.8566467100788345,0.9625853110492107,0.6695307042562705,0.6852540981017514,0.7272727272727273,0.6948775055679287,0.6721183175462754,0.5314685314685315,0.8976377952755905
oc_12_2500_2500_2_6_p019_0770_1,11.85645933014354,0.8822924175012854,0.9708451060662449,0.7329790711048678,0.7521284514571137,0.7464114832535885,0.7959183673469388,0.6904519170013741,0.5717703349282297,0.8786764705882353
oc_12_2500_2500_2_6_p019_0800_1,12.359102244389028,0.848595751916613,0.9588758633563562,0.6984500790027979,0.6576054026033836,0.7830423940149626,0.6015325670498084,0.690994152877751,0.6059850374064838,0.8321917808219178
oc_12_2500_2500_2_6_p019_0830_1,12.973821989528796,0.8587894220751605,0.9636713188460098,0.6508323163553026,0.6535239118072794,0.6727748691099477,0.6835106382978723,0.6731312826971342,0.5497382198952879,0.8677685950413223
oc_12_2500_2500_2_6_p019_0870_1,14.0,0.8113479999415995,0.9530645762711865,0.543803866911428,0.5848558153424345,0.6468926553672316,0.5826972010178118,0.6338654760332372,0.536723163841808,0.7949790794979079
oc_12_2500_2500_2_6_p019_0880_1,14.11965811965812,0.8919041196436615,0.9727468061051442,0.7184361261922039,0.709934975963022,0.6210826210826211,0.8482490272373541,0.567961774505161,0.38461538461538464,0.8881578947368421
oc_12_2500_2500_2_6_p019_0900_1,15.249230769230769,0.8136878791693496,0.9510948305245219,0.5798529493136511,0.5600237473341941,0.6492307692307693,0.5355329949238579,0.5705901664548079,0.42153846153846153,0.8203592814371258
oc_12_2500_2500_2_6_p019_0920_1,16.5752508361204,0.8476130477706575,0.9627498192197906,0.500893316733577,0.5325426999964294,0.43478260869565216,0.7027027027027027,0.3773869239884142,0.20735785953177258,0.7469879518072289
oc_12_2500_3000_3_1_p019_0710_1,13.805013927576601,0.8406924908151305,0.9584659642521166,0.5944119109925836,0.609734213769223,0.6685236768802229,0.6075949367088608,0.6702522927289188,0.5487465181058496,0.8602620087336245
oc_12_2500_3000_3_1_p019_0770_1,14.619469026548673,0.8835495652397466,0.9702763172804533,0.7042279171057119,0.702799160130724,0.7433628318584071,0.7019498607242339,0.7053853210456106,0.5811209439528023,0.8914027149321267
oc_12_2500_3000_3_1_p019_0800_1,15.018181818181818,0.8427034205328516,0.9570186152099887,0.6517008776417114,0.605551591493285,0.7484848484848485,0.5369565217391304,0.6693975004851443,0.5727272727272728,0.8217391304347826
oc_12_2500_3000_3_1_p019_0830_1,15.634069400630915,0.8702391396869069,0.9679862696757064,0.6167784046287648,0.6496152870576971,0.6529968454258676,0.6877076411960132,0.6785220791671217,0.5331230283911672,0.898936170212766
oc_12_2500_3000_3_1_p019_0870_1,17.512367491166078,0.8848275891610756,0.9710934147738118,0.6539728576422983,0.6368533148603731,0.6183745583038869,0.6944444444444444,0.5549781712006288,0.392226148409894,0.8283582089552238
oc_12_2500_3000_3_1_p019_0880_1,17.7,0.8278161240368924,0.956695397249809,0.46835348097666407,0.49514801665039365,0.5357142857142857,0.5102040816326531,0.5247383446227701,0.38571428571428573,0.7605633802816901
oc_12_2500_3000_3_1_p019_0900_1,19.284046692607003,0.8520391172029865,0.961471455975446,0.5685523241878006,0.5541329257878149,0.6381322957198443,0.5239616613418531,0.5924842654908519,0.4474708171206226,0.8214285714285714
oc_12_2500_3000_3_1_p019_0920_1,22.026666666666667,0.8827181649480189,0.9686659525188188,0.6015621334738537,0.5485251883972144,0.6266666666666667,0.5183823529411765,0.6129747847641169,0.44,0.8839285714285714
oc_12_2500_3500_3_5_p019_0710_1,16.630872483221477,0.8899280326801559,0.9737523410734679,0.7039201692309824,0.7151412556625928,0.7449664429530202,0.7184466019417476,0.6940598994173056,0.6073825503355704,0.8264840182648402
oc_12_2500_3500_3_5_p019_0770_1,17.389473684210525,0.8823049183378678,0.9684446861286015,0.6882575769961998,0.6550347517287587,0.7508771929824561,0.6079545454545454,0.7352930090433183,0.6175438596491228,0.9025641025641026
oc_12_2500_3500_3_5_p019_0800_1,18.087591240875913,0.8299097005574088,0.9539900956022944,0.5674776336476198,0.5233866252564947,0.6715328467153284,0.45544554455445546,0.6108390899407511,0.5474452554744526,0.7211538461538461
oc_12_2500_3500_3_5_p019_0830_1,19.06153846153846,0.8938415824693016,0.9756877108895705,0.6401038513881443,0.6758109050240919,0.6307692307692307,0.7557603686635944,0.6636456857376763,0.5076923076923077,0.8979591836734694
oc_12_2500_3500_3_5_p019_0870_1,21.17948717948718,0.8673399040134913,0.9656130828516378,0.5714467893890611,0.5474347830584486,0.6196581196581197,0.5234657039711191,0.6143364844763511,0.5042735042735043,0.7814569536423841
oc_12_2500_3500_3_5_p019_0880_1,22.425339366515836,0.892201355511553,0.9744614448522311,0.5756584829191392,0.5981211680462518,0.5294117647058824,0.7090909090909091,0.5574130857634297,0.3665158371040724,0.8804347826086957
oc_12_2500_3500_3_5_p019_0900_1,24.17560975609756,0.8981463889649933,0.9743433636892075,0.6022435382472853,0.5862853676818044,0.5951219512195122,0.61,0.5478207565545277,0.34146341463414637,0.9090909090909091
oc_12_2500_3500_3_5_p019_0920_1,28.982456140350877,0.9154706383782059,0.9804740979130095,0.6200166948241472,0.5908274476825465,0.49122807017543857,0.7368421052631579,0.48481850149283184,0.29239766081871343,0.8333333333333334
oc_12_2500_4000_4_0_p019_0710_1,19.284046692607003,0.8696867459306838,0.9677291386917322,0.5889989499085009,0.6030247456535506,0.6459143968871596,0.6014492753623188,0.6708637211696608,0.5642023346303502,0.8285714285714286
oc_12_2500_4000_4_0_p019_0770_1,21.27038626609442,0.8862723046911544,0.9710867797263442,0.6252568487209005,0.590430628046309,0.6351931330472103,0.5849802371541502,0.6184656320362999,0.47639484978540775,0.8345864661654135
oc_12_2500_4000_4_0_p019_0800_1,21.736842105263158,0.8540748710404289,0.9595847029320987,0.6649958477258953,0.5732310395002128,0.7719298245614035,0.4607329842931937,0.6634044757949229,0.6228070175438597,0.7357512953367875
oc_12_2500_4000_4_0_p019_0830_1,23.826923076923077,0.9058475202134446,0.9780289504260263,0.6598490920464123,0.651530768060041,0.6057692307692307,0.7283236994219653,0.5648333255204822,0.41346153846153844,0.8037383177570093
oc_12_2500_4000_4_0_p019_0870_1,27.23076923076923,0.872711772202355,0.9698802841572597,0.5207932801299215,0.5042156602448072,0.5604395604395604,0.4880382775119617,0.5457417223549943,0.4725274725274725,0.6615384615384615
oc_12_2500_4000_4_0_p019_0880_1,28.813953488372093,0.9066014421924045,0.9780519110764431,0.5784811089718814,0.5783812754981514,0.5872093023255814,0.5976331360946746,0.5925371842082916,0.43023255813953487,0.8409090909090909
oc_12_2500_4000_4_0_p019_0900_1,32.18181818181818,0.8593249908144659,0.9625214481409002,0.4445039323895271,0.37024315506881134,0.487012987012987,0.3177966101694915,0.4677625006489063,0.38311688311688313,0.6020408163265306
oc_12_2500_4000_4_0_p019_0920_1,39.648,0.9065407918715067,0.9804583349734304,0.4117775494916779,0.4053666089457232,0.248,0.6888888888888889,0.3954460345115242,0.2,0.8064516129032258
oc_12_2500_500_0_5_p019_0710_1,10.964601769911505,0.9624444131489172,0.9931419008875739,0.9549900080035878,0.9463570055842252,0.9623893805309734,0.9395248380129589,0.9476784950797436,0.9424778761061947,0.9616252821670429
oc_12_2500_500_0_5_p019_0770_1,11.36697247706422,0.8821541919936469,0.9664321216617211,0.9471285442908866,0.7706307658578457,0.9724770642201835,0.6443768996960486,0.9082144147391619,0.9610091743119266,0.8729166666666667
oc_12_2500_500_0_5_p019_0800_1,11.71631205673759,0.9326485780443416,0.9838211191671314,0.9551979206290475,0.8734204837736206,0.9810874704491725,0.7965451055662188,0.9371700520658829,0.9739952718676123,0.911504424778761
oc_12_2500_500_0_5_p019_0830_1,12.176904176904177,0.9610534967439575,0.9927591832929331,0.9577936169619128,0.9443240684392197,0.9705159705159705,0.9272300469483568,0.9537530782103499,0.9631449631449631,0.9514563106796117
oc_12_2500_500_0_5_p019_0870_1,13.145888594164456,0.9109767728740564,0.9773965872867054,0.9530443353088538,0.8202441037669863,0.9787798408488063,0.7109826589595376,0.9252202318933617,0.9681697612732095,0.8946078431372549
oc_12_2500_500_0_5_p019_0880_1,13.467391304347826,0.921878341319006,0.9791814800901578,0.9335280783205012,0.8207243938313321,0.9646739130434783,0.7215447154471545,0.9333973262782402,0.9456521739130435,0.93048128342246
oc_12_2500_500_0_5_p019_0900_1,14.323699421965317,0.8693684504872122,0.9630681818181818,0.9488358733479219,0.7197822581057552,0.9826589595375722,0.5592105263157895,0.9022010959972868,0.9710982658959537,0.850632911392405
oc_12_2500_500_0_5_p019_0920_1,15.987096774193548,0.9547527816588549,0.9909945499430307,0.9515564891650529,0.909567050930724,0.9709677419354839,0.8624641833810889,0.932860329016365,0.9548387096774194,0.9192546583850931
oc_12_5000_1000_1_0_p019_0710_1,5.482300884955753,0.9065500045881825,0.9776321672354948,0.9097510430897413,0.8980512712244497,0.952433628318584,0.8776758409785933,0.9135206633845225,0.9247787610619469,0.9288888888888889
oc_12_5000_1000_1_0_p019_0770_1,5.690011481056257,0.8684344786294318,0.9672702076540244,0.9026188124477208,0.8611909145498632,0.965556831228473,0.8078770413064361,0.8939315948065109,0.9425947187141217,0.8790149892933619
oc_12_5000_1000_1_0_p019_0800_1,5.858156028368795,0.8989778331968714,0.9772942950706653,0.9131104667746079,0.8972298010467996,0.9621749408983451,0.8659574468085106,0.9044949704625967,0.9326241134751773,0.9048165137614679
oc_12_5000_1000_1_0_p019_0830_1,6.095940959409594,0.8836037710082925,0.9713260010400416,0.8983768526475328,0.8709032687995436,0.9606396063960639,0.8247096092925026,0.8941609147726882,0.9348093480934809,0.8847497089639115
oc_12_5000_1000_1_0_p019_0870_1,6.572944297082228,0.8819205015946872,0.970075288966725,0.889807850691303,0.858961920032958,0.9535809018567639,0.8096846846846847,0.8863896893151341,0.916445623342175,0.8870346598202824
oc_12_5000_1000_1_0_p019_0880_1,6.742857142857143,0.8919637008060142,0.9734836935512212,0.8898978261990979,0.8655061437946224,0.9442176870748299,0.8271752085816448,0.8875138706478016,0.9156462585034013,0.8890356671070013
oc_12_5000_1000_1_0_p019_0900_1,7.172214182344429,0.8800612927854503,0.9720262971489286,0.9001593736307646,0.8636305800145433,0.959479015918958,0.8095238095238095,0.8868568491363594,0.9363241678726484,0.8672922252010724
oc_12_5000_1000_1_0_p019_0920_1,8.019417475728156,0.8929258918783726,0.9750935773232867,0.8923339370328471,0.8617525629311885,0.9449838187702265,0.8156424581005587,0.8731479580119959,0.9045307443365695,0.8707165109034268
oc_12_5000_1500_1_5_p019_0710_1,5.482300884955753,0.8385859609527702,0.9558252389078499,0.8074247420762465,0.807678407484208,0.8960176991150443,0.7856450048496605,0.833183639185004,0.8396017699115044,0.8774566473988439
oc_12_5000_1500_1_5_p019_0770_1,5.690011481056257,0.8483327033712625,0.9578332932898576,0.836465566987115,0.8046643491582354,0.9219288174512055,0.7582625118035883,0.8551585347760186,0.8737083811710677,0.8797687861271676
oc_12_5000_1500_1_5_p019_0800_1,5.858156028368795,0.8292026953075884,0.9534441227163047,0.8102894774219942,0.7880326319304942,0.9054373522458629,0.745136186770428,0.8269686503164,0.8475177304964538,0.8566308243727598
oc_12_5000_1500_1_5_p019_0830_1,6.095940959409594,0.796926049965379,0.9448869994799792,0.773071368655226,0.7520557580683938,0.8905289052890529,0.7015503875968992,0.7931907977147197,0.8154981549815498,0.82875
oc_12_5000_1500_1_5_p019_0870_1,6.572944297082228,0.8509560366885195,0.9602417162872154,0.7886245797769129,0.7972211398510225,0.870026525198939,0.7828162291169452,0.8182878581658621,0.7931034482758621,0.8912071535022354
oc_12_5000_1500_1_5_p019_0880_1,6.742857142857143,0.8601569520066982,0.9623555965559656,0.7991410235762323,0.7966591259489701,0.8585034013605443,0.7907268170426065,0.811297572295262,0.7836734693877551,0.8875192604006163
oc_12_5000_1500_1_5_p019_0900_1,7.172214182344429,0.8154197462094139,0.9484471223658579,0.7639660564405252,0.7344008588416627,0.8827785817655571,0.6725468577728776,0.7934222882134958,0.784370477568741,0.8522012578616353
oc_12_5000_1500_1_5_p019_0920_1,8.019417475728156,0.8554844280239772,0.9616616971654108,0.8059261312776179,0.7757145981890116,0.8640776699029126,0.7447698744769874,0.7677305471531851,0.7637540453074434,0.8222996515679443
oc_12_5000_2000_2_0_p019_0710_1,5.482300884955753,0.8451402522903757,0.9567212798634812,0.7873938494846224,0.7995524030579599,0.879424778761062,0.7871287128712872,0.8236125569002952,0.7754424778761062,0.9272486772486772
oc_12_5000_2000_2_0_p019_0770_1,5.690011481056257,0.8048573269847263,0.94562332246439,0.7543224398401456,0.7484545197504708,0.8668197474167624,0.7183634633682208,0.7972835471974098,0.7703788748564868,0.8840579710144928
oc_12_5000_2000_2_0_p019_0800_1,5.858156028368795,0.8075968669425675,0.9451547052740434,0.7635043778609819,0.7480697898136792,0.875886524822695,0.7090909090909091,0.8030486439665299,0.7990543735224587,0.8633461047254151
oc_12_5000_2000_2_0_p019_0830_1,6.095940959409594,0.861202103431565,0.9613245796498526,0.7900993290578004,0.7897006291671382,0.8585485854858549,0.7842696629213484,0.7988232211360895,0.7170971709717097,0.9433656957928802
oc_12_5000_2000_2_0_p019_0870_1,6.572944297082228,0.8087193263041783,0.9472313485113836,0.7149757649056872,0.7206660289455522,0.8183023872679045,0.7059496567505721,0.7787018941098935,0.713527851458886,0.9057239057239057
oc_12_5000_2000_2_0_p019_0880_1,6.742857142857143,0.8217464623579411,0.9518028641714988,0.715731805839342,0.7353272921992385,0.7931972789115647,0.748395378690629,0.7364441707337419,0.6585034013605442,0.8880733944954129
oc_12_5000_2000_2_0_p019_0900_1,7.172214182344429,0.8427581439453455,0.9556174960155835,0.740146535174485,0.7393054715596986,0.8234442836468886,0.7257653061224489,0.7857943269462215,0.7047756874095513,0.9258555133079848
oc_12_5000_2000_2_0_p019_0920_1,8.019417475728156,0.8496366928590934,0.9592530857552924,0.7501885987943666,0.7490605271647331,0.8236245954692557,0.7355491329479769,0.7664750013703681,0.7055016181229773,0.8825910931174089
oc_12_5000_2500_2_6_p019_0710_1,5.7560975609756095,0.8481571212580805,0.9594841155234657,0.7572401193533203,0.7967727357247959,0.8072009291521487,0.8454987834549879,0.7603456921278642,0.6527293844367015,0.9509306260575296
oc_12_5000_2500_2_6_p019_0770_1,6.0,0.8237737036745867,0.9534937218955379,0.7130288237369276,0.7665942131706237,0.774818401937046,0.8236808236808236,0.7173634712201548,0.6029055690072639,0.9273743016759777
oc_12_5000_2500_2_6_p019_0800_1,6.171855541718555,0.8007222216075767,0.9451086646987324,0.6993851828277192,0.7144774325757717,0.8082191780821918,0.7085152838427947,0.7719568253642365,0.6948941469489415,0.9177631578947368
oc_12_5000_2500_2_6_p019_0830_1,6.4363636363636365,0.8425813484038155,0.9592960356269647,0.7388567307684362,0.7874849227979039,0.8077922077922078,0.823841059602649,0.7447793210725883,0.6311688311688312,0.9418604651162791
oc_12_5000_2500_2_6_p019_0870_1,6.912133891213389,0.8599688297139014,0.9633738586285916,0.7616252542817585,0.7813425423270283,0.7419804741980475,0.8764415156507414,0.6704927709031141,0.5076708507670851,0.9578947368421052
oc_12_5000_2500_2_6_p019_0880_1,7.130935251798562,0.8371558086722813,0.9585185276942134,0.6979748002145111,0.7643551827993135,0.7266187050359713,0.8603066439522998,0.6556736997531101,0.4949640287769784,0.9424657534246575
oc_12_5000_2500_2_6_p019_0900_1,7.54337899543379,0.8262447758708313,0.9534785497951185,0.6842283810663607,0.7265902453367407,0.7579908675799086,0.7591463414634146,0.664726238053551,0.5038051750380518,0.9457142857142857
oc_12_5000_2500_2_6_p019_0920_1,8.414261460101867,0.857466449738765,0.9627038593327322,0.7067070976913346,0.7452409280905745,0.7011884550084889,0.8445807770961146,0.6235292545487126,0.45161290322580644,0.9300699300699301
oc_12_5000_3000_3_1_p019_0710_1,6.96067415730337,0.8493404295836819,0.9600878969654199,0.7468936352403623,0.7791406477323427,0.8103932584269663,0.8036211699164345,0.7666437972980602,0.6769662921348315,0.9233716475095786
oc_12_5000_3000_3_1_p019_0770_1,7.235036496350365,0.8172934332373873,0.9507778585357206,0.6963115966166269,0.7140890282325865,0.7927007299270074,0.7107329842931938,0.7680562822155934,0.6905109489051094,0.9078694817658349
oc_12_5000_3000_3_1_p019_0800_1,7.577981651376147,0.8176507263598647,0.9498491265597148,0.7191380948999985,0.7220945713652621,0.8256880733944955,0.6940874035989717,0.7510267072266452,0.6957186544342507,0.8666666666666667
oc_12_5000_3000_3_1_p019_0830_1,7.904306220095694,0.8092273200111162,0.9529552032957191,0.6501763042661606,0.7136623635940519,0.7192982456140351,0.770940170940171,0.7263058314677224,0.6379585326953748,0.8849557522123894
oc_12_5000_3000_3_1_p019_0870_1,8.74074074074074,0.8402347725025501,0.9577907296759007,0.6775043759589727,0.7050228512337148,0.7319223985890653,0.7384341637010676,0.7166072136830117,0.5873015873015873,0.9275766016713092
oc_12_5000_3000_3_1_p019_0880_1,8.881720430107526,0.8400995312764524,0.9602598295248459,0.6752435048738863,0.7379800534557369,0.7222222222222222,0.806,0.6871771813316085,0.543010752688172,0.926605504587156
oc_12_5000_3000_3_1_p019_0900_1,9.660818713450292,0.8682748684973508,0.9650286158347047,0.711158674040694,0.7261346210411016,0.7192982456140351,0.7834394904458599,0.7019441531780655,0.5497076023391813,0.9463087248322147
oc_12_5000_3000_3_1_p019_0920_1,10.964601769911505,0.8764932817222469,0.9685573964497042,0.7137452512120039,0.7471885941427364,0.7389380530973452,0.7971360381861575,0.705216050428459,0.5530973451327433,0.9433962264150944
oc_12_5000_3500_3_5_p019_0710_1,8.301507537688442,0.8862929948582197,0.9704750045020709,0.7800693946932029,0.8026519297247615,0.8023450586264657,0.8447971781305115,0.793431455678798,0.6901172529313233,0.9537037037037037
oc_12_5000_3500_3_5_p019_0770_1,8.694736842105263,0.8729285052834119,0.9670824466159971,0.7585454647484186,0.7753916276294142,0.8,0.7972027972027972,0.7741422435751011,0.6859649122807018,0.9178403755868545
oc_12_5000_3500_3_5_p019_0800_1,8.945848375451263,0.854212189643373,0.959459219600726,0.7377252728334271,0.7284872098669309,0.8050541516245487,0.7124600638977636,0.7457927180391881,0.6606498194945848,0.8905109489051095
oc_12_5000_3500_3_5_p019_0830_1,9.53076923076923,0.8557086523989318,0.9621870708546384,0.7286799061373743,0.7356105546647767,0.7961538461538461,0.7288732394366197,0.7520419459536083,0.6692307692307692,0.8900255754475703
oc_12_5000_3500_3_5_p019_0870_1,10.63519313304721,0.8740091659905203,0.966251069715972,0.723414004253735,0.7105712192505546,0.7467811158798283,0.725,0.7342824077745194,0.592274678111588,0.9517241379310345
oc_12_5000_3500_3_5_p019_0880_1,11.0625,0.8807960852745956,0.9693337527757216,0.7253024312010758,0.74148646661746,0.71875,0.8070175438596491,0.7151855349813286,0.5736607142857143,0.9345454545454546
oc_12_5000_3500_3_5_p019_0900_1,12.206896551724139,0.8606122337215639,0.9621226967549422,0.6715791274340113,0.6658376380991474,0.7364532019704434,0.6514161220043573,0.6912432113117012,0.5394088669950738,0.9279661016949152
oc_12_5000_3500_3_5_p019_0920_1,14.576470588235294,0.8980670507880303,0.974092258308157,0.7366984832904686,0.7067655805927843,0.611764705882353,0.8524590163934426,0.5884828046283033,0.3911764705882353,0.9300699300699301
oc_12_5000_4000_4_0_p019_0710_1,9.698630136986301,0.8801879906270189,0.9692773001646241,0.7556544455007009,0.7658446392240372,0.7749510763209393,0.8,0.7848968134858453,0.6986301369863014,0.9201030927835051
oc_12_5000_4000_4_0_p019_0770_1,10.433684210526316,0.8926711612014782,0.9735320198858406,0.784386375122279,0.7966013279959498,0.7894736842105263,0.8389261744966443,0.7597019498606936,0.6610526315789473,0.9127906976744186
oc_12_5000_4000_4_0_p019_0800_1,10.916299559471366,0.8869911642943705,0.9703695009242144,0.7475432987671892,0.7590838949303504,0.7819383259911894,0.7768052516411379,0.7893517330489026,0.6894273127753304,0.937125748502994
oc_12_5000_4000_4_0_p019_0830_1,11.913461538461538,0.8726465561296182,0.9689283320923306,0.7129558649954544,0.7312466080348952,0.7139423076923077,0.7898936170212766,0.7060244840560344,0.6057692307692307,0.865979381443299
oc_12_5000_4000_4_0_p019_0870_1,13.578082191780823,0.8638144412208383,0.9659719977447848,0.6433992588238118,0.6708293354589937,0.6602739726027397,0.7259036144578314,0.6901325353585546,0.5616438356164384,0.8874458874458875
oc_12_5000_4000_4_0_p019_0880_1,14.200573065902578,0.9068387643435154,0.977641903864279,0.7377600938104681,0.7650517333045974,0.7249283667621776,0.8377483443708609,0.7455545216486843,0.5931232091690545,0.9672897196261683
oc_12_5000_4000_4_0_p019_0900_1,16.249180327868853,0.8886714105280497,0.9722822467211557,0.6551051173890623,0.6874892610092884,0.659016393442623,0.7528089887640449,0.6521161105765075,0.4786885245901639,0.9240506329113924
oc_12_5000_4000_4_0_p019_0920_1,19.824,0.9355493602324166,0.9843356703803304,0.8247545867161508,0.7793148332528459,0.716,0.8689320388349514,0.644275241341836,0.48,0.8955223880597015
oc_12_5000_500_0_5_p019_0710_1,5.482300884955753,0.9384983523053869,0.9857481740614334,0.9631340447264928,0.9348639248348916,0.9856194690265486,0.9064089521871821,0.9600597006779593,0.9800884955752213,0.9526881720430107
oc_12_5000_500_0_5_p019_0770_1,5.690011481056257,0.9092744181189378,0.9761805217092844,0.951412563657219,0.8888356710722466,0.9850746268656716,0.8338192419825073,0.9413331509615833,0.9712973593570609,0.9296703296703297
oc_12_5000_500_0_5_p019_0800_1,5.858156028368795,0.9555422770919189,0.9913061875215443,0.966767470677384,0.9611200952384188,0.9799054373522459,0.953970080552359,0.9655144916131557,0.9739952718676123,0.9671361502347418
oc_12_5000_500_0_5_p019_0830_1,6.095940959409594,0.9581731856348202,0.9920057375628358,0.9689436487095212,0.9614729475172425,0.985239852398524,0.9490521327014217,0.969339030956156,0.977859778597786,0.9695121951219512
oc_12_5000_500_0_5_p019_0870_1,6.572944297082228,0.955832542732363,0.9911901576182136,0.9659230272924796,0.9567461076107767,0.9827586206896551,0.9427480916030534,0.9604667537038573,0.9708222811671088,0.9606299212598425
oc_12_5000_500_0_5_p019_0880_1,6.742857142857143,0.9385204199155762,0.9852483921982077,0.9628327559748079,0.9200363690141009,0.9836734693877551,0.8806333739342266,0.9620581783209378,0.9755102040816327,0.9585561497326203
oc_12_5000_500_0_5_p019_0900_1,7.172214182344429,0.8979441799252503,0.9730307774039313,0.9630465471187856,0.8636320883942002,0.9913169319826338,0.7837528604118993,0.9451582099882169,0.9811866859623734,0.9237057220708447
oc_12_5000_500_0_5_p019_0920_1,8.019417475728156,0.9474404364712607,0.9888958557588805,0.9666616302517914,0.9343343892258459,0.988673139158576,0.8972099853157122,0.954538780744042,0.9773462783171522,0.9422776911076443
oc_12_500_1000_1_0_p019_0710_1,55.06666666666667,0.9177063422643772,0.9794443915973048,0.578294760174727,0.40415337541682533,0.5222222222222223,0.3333333333333333,0.5333010570549601,0.43333333333333335,0.6724137931034483
oc_12_500_1000_1_0_p019_0770_1,56.96551724137931,0.7532729629537074,0.9244430894308943,0.32082023109786695,0.15415909173036982,0.47126436781609193,0.07468123861566485,0.281125231831722,0.367816091954023,0.23880597014925373
oc_12_500_1000_1_0_p019_0800_1,59.0,0.9354233898559982,0.9873562698412699,0.4491875746498576,0.49255638901169085,0.38095238095238093,0.6530612244897959,0.5298224838630196,0.36904761904761907,0.775
oc_12_500_1000_1_0_p019_0830_1,61.18518518518518,0.9221923201519927,0.985187710939051,0.2180283202964054,0.3749740046086575,0.24691358024691357,0.5882352941176471,0.36721110174760097,0.2345679012345679,0.59375
oc_12_500_1000_1_0_p019_0870_1,66.08,0.8802781834892752,0.968707274895647,0.2654483870196205,0.15346466294391153,0.26666666666666666,0.11173184357541899,0.2608445262111801,0.24,0.3050847457627119
oc_12_500_1000_1_0_p019_0880_1,67.89041095890411,0.45316920407858385,0.8658943328693577,0.059044403797546274,-0.04831646000702023,0.0,0.0,-0.040414982262826055,0.0,0.0
oc_12_500_1000_1_0_p019_0900_1,71.82608695652173,0.7736036673580857,0.9340523184079602,0.39040671617305145,0.1900932708001079,0.5362318840579711,0.08604651162790698,0.2537193148944527,0.463768115942029,0.15763546798029557
oc_12_500_1000_1_0_p019_0920_1,79.93548387096774,0.894983184892288,0.9763971901155839,0.25680367902563717,0.18737615581246161,0.25806451612903225,0.1553398058252427,0.17710255904525984,0.1935483870967742,0.18181818181818182
oc_12_500_1500_1_5_p019_0710_1,55.06666666666667,0.8247057091549853,0.9523843242172018,0.2011385999510652,0.14464828052089274,0.3,0.09712230215827339,0.18191573063373095,0.2,0.1935483870967742
oc_12_500_1500_1_5_p019_0770_1,56.96551724137931,0.8405961731570233,0.9517466983938132,0.5555871664940801,0.2792068804807127,0.6436781609195402,0.14213197969543148,0.42731954617785933,0.45977011494252873,0.4166666666666667
oc_12_500_1500_1_5_p019_0800_1,59.0,0.8805767997982197,0.9705422817460317,0.3625375755642011,0.26666459177936347,0.40476190476190477,0.19883040935672514,0.3278332940155912,0.34523809523809523,0.3333333333333333
oc_12_500_1500_1_5_p019_0830_1,61.18518518518518,0.9134196039033983,0.9796338693666865,0.42962129419165473,0.34634853544943994,0.41975308641975306,0.3063063063063063,0.3778121801074007,0.32098765432098764,0.4642857142857143
oc_12_500_1500_1_5_p019_0870_1,66.08,0.8838707189536242,0.9722676207513417,0.21123742917168287,0.1858797007272419,0.26666666666666666,0.15267175572519084,0.21464982372958363,0.21333333333333335,0.23880597014925373
oc_12_500_1500_1_5_p019_0880_1,67.89041095890411,0.6738766826146474,0.8954732750049712,0.12007753143314404,0.04207841589455049,0.273972602739726,0.026490066225165563,0.12464484352431232,0.1780821917808219,0.1111111111111111
oc_12_500_1500_1_5_p019_0900_1,71.82608695652173,0.6328377136474672,0.8957427263681592,0.0792110011658188,0.03873138498076659,0.2318840579710145,0.02572347266881029,0.04692136167896817,0.15942028985507245,0.03481012658227848
oc_12_500_1500_1_5_p019_0920_1,79.93548387096774,0.8150457399982908,0.961937026703866,0.09255205009924905,0.09645529428150675,0.1774193548387097,0.0728476821192053,0.09645529428150675,0.1774193548387097,0.0728476821192053
oc_12_500_2000_2_0_p019_0710_1,55.06666666666667,0.8538399539126381,0.9594635949266745,0.3998622130176782,0.26333695657091544,0.5,0.1624548736462094,0.42279275329011334,0.36666666666666664,0.5076923076923077
oc_12_500_2000_2_0_p019_0770_1,56.96551724137931,0.7685997803697991,0.9374574063057703,0.04278259008370611,-0.03465965530693885,0.0,0.0,-0.018160711205961806,0.0,0.0
oc_12_500_2000_2_0_p019_0800_1,59.0,0.8130812766542654,0.9516851785714285,0.08342046135672465,0.058222250973958195,0.14285714285714285,0.05,0.093258128499835,0.11904761904761904,0.10101010101010101
oc_12_500_2000_2_0_p019_0830_1,61.18518518518518,0.7888930532123347,0.9429244987095493,0.06898196575130999,0.06801124994514682,0.19753086419753085,0.04833836858006042,0.05209757416591521,0.08641975308641975,0.05785123966942149
oc_12_500_2000_2_0_p019_0870_1,66.08,0.7805426166894538,0.9494116279069768,0.012257137098647508,-0.025354103250216073,0.0,0.0,-0.021565334979952666,0.0,0.0
oc_12_500_2000_2_0_p019_0880_1,67.89041095890411,0.31754178160115576,0.8257587989659972,0.07432742362866629,-0.054164455544922725,0.0136986301369863,0.0010570824524312897,-0.047047699158089366,0.0,0.0
oc_12_500_2000_2_0_p019_0900_1,71.82608695652173,0.5640573364952081,0.8979362985074627,0.030585799073521547,-0.03904798019898916,0.0,0.0,-0.03398836480531389,0.0,0.0
oc_12_500_2000_2_0_p019_0920_1,79.93548387096774,0.6758551825609738,0.9316460741331207,0.3219552486255226,0.19131577463629573,0.5,0.09037900874635568,0.19131577463629573,0.5,0.09037900874635568
oc_12_500_2500_2_6_p019_0710_1,57.627906976744185,0.6004484614229058,0.8809770725902419,0.09016092516656216,-0.05398356429799637,0.0,0.0,-0.027801239386970548,0.0,0.0
oc_12_500_2500_2_6_p019_0770_1,60.4390243902439,0.8927631819191568,0.9737331480746327,0.30057572423459356,0.25398276096909783,0.35365853658536583,0.20567375886524822,0.3138595722849568,0.24390243902439024,0.425531914893617
oc_12_500_2500_2_6_p019_0800_1,61.18518518518518,0.9102933494433353,0.9816572563033552,0.18055442064374405,0.23114457036098893,0.18518518518518517,0.3125,0.2635081597578232,0.1728395061728395,0.42424242424242425
oc_12_500_2500_2_6_p019_0830_1,63.53846153846154,0.5276838801384172,0.874289630512515,0.022791550320574006,-0.03166524472455418,0.05128205128205128,0.005738880918220947,-0.019784614842342722,0.038461538461538464,0.0072992700729927005
oc_12_500_2500_2_6_p019_0870_1,68.83333333333333,0.7366391481525736,0.9370865155131265,0.010404347329937003,-0.015223891776021365,0.027777777777777776,0.006968641114982578,-0.016134413862003844,0.013888888888888888,0.0049504950495049506
oc_12_500_2500_2_6_p019_0880_1,69.80281690140845,0.5748279762542288,0.8920451561567535,0.0386238918826276,-0.042251035918687826,0.0,0.0,-0.033933823791120254,0.0,0.0
oc_12_500_2500_2_6_p019_0900_1,75.0909090909091,0.722741547890044,0.9158319593787336,0.11486880134956823,0.027966027998575803,0.18181818181818182,0.0223463687150838,0.06965148506480408,0.15151515151515152,0.053475935828877004
oc_12_500_2500_2_6_p019_0920_1,84.0,0.7737087300225178,0.9529411764705882,0.27820138552074636,0.19075589613359945,0.4067796610169492,0.10666666666666667,0.19075589613359945,0.4067796610169492,0.10666666666666667
oc_12_500_3000_3_1_p019_0710_1,69.80281690140845,0.6555883124616584,0.893832942112592,0.06761125053869832,-0.03425991731644167,0.04225352112676056,0.004195804195804196,0.0008226592082882038,0.028169014084507043,0.014705882352941176
oc_12_500_3000_3_1_p019_0770_1,73.97014925373135,0.30547704424390476,0.8332989050368306,0.06464038012345552,-0.05306897337705279,0.0,0.0,-0.04561575005005457,0.0,0.0
oc_12_500_3000_3_1_p019_0800_1,75.0909090909091,0.5553256241596547,0.905416168857029,0.5106257305938984,0.24571149242093915,0.7424242424242424,0.09664694280078895,0.24571149242093915,0.7424242424242424,0.09664694280078895
oc_12_500_3000_3_1_p019_0830_1,77.4375,0.47460056541626483,0.8878486055776893,0.4638763377691385,0.2169707174574074,0.734375,0.07925801011804384,0.2169707174574074,0.734375,0.07925801011804384
oc_12_500_3000_3_1_p019_0870_1,86.94736842105263,0.7894646390086438,0.9468679832435667,0.07766689633451007,0.023740289404595372,0.10526315789473684,0.02181818181818182,0.046871636519370916,0.10526315789473684,0.039473684210526314
oc_12_500_3000_3_1_p019_0880_1,85.44827586206897,0.5673224801736919,0.8896586956521739,0.04625295542891872,-0.039544275094529034,0.0,0.0,-0.031678818567264476,0.0,0.0
oc_12_500_3000_3_1_p019_0900_1,97.17647058823529,0.5160312595009855,0.8849896944278011,0.038217303731904795,-0.03703942455205116,0.0,0.0,-0.031877641470888604,0.0,0.0
oc_12_500_3000_3_1_p019_0920_1,110.13333333333334,0.9144379138819227,0.9825329934013197,0.09009555800035063,0.08674556293112805,0.1111111111111111,0.08333333333333333,0.10172462404944642,0.1111111111111111,0.10869565217391304
oc_12_500_3500_3_5_p019_0710_1,82.6,0.609702865660845,0.8985172448165869,0.043267293006385876,-0.03869166529654716,0.0,0.0,-0.02985642337560394,0.0,0.0
oc_12_500_3500_3_5_p019_0770_1,85.44827586206897,0.6211655836656027,0.8862764658954926,0.006903203788248047,0.022178333962660494,0.22413793103448276,0.017195767195767195,0.06177891381688492,0.1724137931034483,0.04065040650406504
oc_12_500_3500_3_5_p019_0800_1,90.10909090909091,0.8370306784525168,0.9619412093394532,0.0872994835664469,0.06200583730375613,0.14545454545454545,0.044444444444444446,0.08825822572714895,0.14545454545454545,0.07207207207207207
oc_12_500_3500_3_5_p019_0830_1,95.3076923076923,0.8151351435225542,0.9584288738019169,0.004558796566016654,-0.008323400400309867,0.019230769230769232,0.0058823529411764705,-0.005526225132066796,0.019230769230769232,0.0070921985815602835
oc_12_500_3500_3_5_p019_0870_1,105.44680851063829,0.8333385362839227,0.9632032780331801,0.007940310182724675,-0.01723810162758314,0.0,0.0,-0.015331232779334968,0.0,0.0
oc_12_500_3500_3_5_p019_0880_1,112.63636363636364,0.3138881678510018,0.82319704,0.0863351770142049,-0.04699409864779742,0.0,0.0,-0.03735110403754572,0.0,0.0
oc_12_500_3500_3_5_p019_0900_1,123.9,0.7516324139386555,0.9383033226581265,0.018202176540605408,-0.023541062232004792,0.0,0.0,-0.018818614553310714,0.0,0.0
oc_12_500_3500_3_5_p019_0920_1,137.66666666666666,0.819657762649123,0.9629407051282052,0.05526027387113985,0.05195064086950266,0.1388888888888889,0.031446540880503145,0.05195064086950266,0.1388888888888889,0.031446540880503145
oc_12_500_4000_4_0_p019_0710_1,97.17647058823529,0.7606980110912536,0.93757289794288,0.03255892580602482,-0.02738041316566565,0.0,0.0,-0.018901499929668143,0.0,0.0
oc_12_500_4000_4_0_p019_0770_1,103.25,0.8799827846717759,0.9749249200639488,0.005014638916295722,-0.012859144053133847,0.0,0.0,-0.011890761932339648,0.0,0.0
oc_12_500_4000_4_0_p019_0800_1,112.63636363636364,0.8872390804284322,0.9726208,0.10581868470747502,0.06189165720891539,0.13636363636363635,0.04285714285714286,0.10261659488290924,0.13636363636363635,0.09230769230769231
oc_12_500_4000_4_0_p019_0830_1,118.0,0.8925442346133698,0.9713311124449779,0.20277658483471606,0.11660480164839225,0.2619047619047619,0.06547619047619048,0.20039099787034784,0.23809523809523808,0.18181818181818182
oc_12_500_4000_4_0_p019_0870_1,130.42105263157896,0.87217008516447,0.9660289747697237,0.1343268986717212,0.06512006994330491,0.18421052631578946,0.03553299492385787,0.10125620580766866,0.15789473684210525,0.07792207792207792
oc_12_500_4000_4_0_p019_0880_1,145.76470588235293,0.7916825104503182,0.9377694789579158,0.007215900528521835,0.010919835213117448,0.11764705882352941,0.009828009828009828,0.03470305182029436,0.08823529411764706,0.025
oc_12_500_4000_4_0_p019_0900_1,159.8709677419355,0.5328109269941361,0.8885792059354322,0.037829745093061806,-0.028943112517213366,0.0,0.0,-0.0249078972395228,0.0,0.0
oc_12_500_4000_4_0_p019_0920_1,198.24,0.7602397981188912,0.9500100381449508,0.005423328368218128,0.011631251903331318,0.08,0.008771929824561403,0.011631251903331318,0.08,0.008771929824561403
oc_12_500_500_0_5_p019_0710_1,55.06666666666667,0.9588928046496404,0.991926476416964,0.7922644599885378,0.7424563235373741,0.8111111111111111,0.6886792452830188,0.8048548731030274,0.7666666666666667,0.8518518518518519
oc_12_500_500_0_5_p019_0770_1,56.96551724137931,0.9440838710929369,0.9872537576839183,0.7941588692287131,0.6426492434352155,0.8275862068965517,0.5106382978723404,0.7660794300186469,0.7701149425287356,0.7701149425287356
oc_12_500_500_0_5_p019_0800_1,59.0,0.9113100164902905,0.977868492063492,0.8391532772253048,0.5390472520136323,0.8690476190476191,0.3476190476190476,0.7345192353787582,0.8690476190476191,0.6293103448275862
oc_12_500_500_0_5_p019_0830_1,61.18518518518518,0.9243010451617598,0.9814941830454635,0.843446198070201,0.5740666157828815,0.8765432098765432,0.3879781420765027,0.7300106761066325,0.8641975308641975,0.625
oc_12_500_500_0_5_p019_0870_1,66.08,0.916081648201182,0.9779055853707016,0.8003981571242343,0.506132942844298,0.8666666666666667,0.3080568720379147,0.700870992468071,0.76,0.6551724137931034
oc_12_500_500_0_5_p019_0880_1,67.89041095890411,0.894459191261197,0.9694937164446212,0.8079898668261594,0.43373604348478934,0.8767123287671232,0.2277580071174377,0.6733682958333942,0.821917808219178,0.5607476635514018
oc_12_500_500_0_5_p019_0900_1,71.82608695652173,0.8626467535136756,0.9604090547263682,0.8100940810732118,0.3810392833243551,0.8695652173913043,0.18018018018018017,0.6394832833983868,0.8405797101449275,0.49572649572649574
oc_12_500_500_0_5_p019_0920_1,79.93548387096774,0.9717599051355004,0.9955548425667596,0.8887439510396272,0.8114273628501281,0.8709677419354839,0.7605633802816901,0.8327659482282613,0.8548387096774194,0.8153846153846154
