Name,CI,LSR,BSL,HMS,MCC_5,TPR_5,PPV_5,MCC_9,TPR_9,PPV_9
oc_12_10000_1000_1.0_p019_0710_1.dat,2.742667404537908,0.7247648425445312,0.9247112739908325,0.8223634720985751,0.7282783923714921,0.9097952407304926,0.7172774869109948,0.8827519119036505,0.8904261206419479,0.9365541327124564
oc_12_10000_1000_1.0_p019_0770_1.dat,2.8450057405281286,0.7541209299615854,0.9361287703792177,0.8419433135628078,0.8350799729224366,0.9070034443168772,0.8522114347357066,0.8870846754669448,0.8794489092996556,0.9521441889372281
oc_12_10000_1000_1.0_p019_0800_1.dat,2.9290780141843973,0.7564165978508747,0.9380795073706378,0.8368130129995243,0.8356798911432972,0.9125295508274232,0.8464912280701754,0.8888926460047158,0.8936170212765957,0.939714108141703
oc_12_10000_1000_1.0_p019_0830_1.dat,3.047970479704797,0.7152229737148771,0.9264578091765421,0.7853595391247659,0.7475602541998027,0.8554735547355473,0.7723486951693503,0.8642814545385404,0.8370233702337023,0.9571026722925458
oc_12_10000_1000_1.0_p019_0870_1.dat,3.286472148541114,0.8008253714197041,0.9511451966274752,0.8503920723662635,0.8687515350595075,0.916445623342175,0.8836317135549873,0.8462612098952937,0.8057029177718833,0.9574468085106383
oc_12_10000_1000_1.0_p019_0880_1.dat,3.3714285714285714,0.79923647183302,0.9522359052287581,0.8364464290399785,0.8593246691644315,0.8993197278911564,0.8842809364548495,0.8037441394582029,0.7306122448979592,0.9675675675675676
oc_12_10000_1000_1.0_p019_0900_1.dat,3.591304347826087,0.7771910049251398,0.9471566008522727,0.8199562864022505,0.8406043621822149,0.8971014492753623,0.8555632342778162,0.8740633543311709,0.8782608695652174,0.9237804878048781
oc_12_10000_1000_1.0_p019_0920_1.dat,4.009708737864078,0.7833880653792124,0.9494205788113695,0.8070857073872664,0.8420254818747973,0.8713592233009708,0.875609756097561,0.8695665793084986,0.8503236245954693,0.9400715563506261
oc_12_10000_1500_1.5_p019_0710_1.dat,2.742667404537908,0.7217028970781951,0.9245222830104983,0.7931651397461391,0.7770299862527709,0.9120088544548977,0.7748001880582981,0.7920654240763809,0.7631433314886552,0.9273705447209146
oc_12_10000_1500_1.5_p019_0770_1.dat,2.8450057405281286,0.7362989246836763,0.9296596584054941,0.7890682220543278,0.8102115841622977,0.9024110218140069,0.8226059654631083,0.7364062567484091,0.6624569460390356,0.9435813573180704
oc_12_10000_1500_1.5_p019_0800_1.dat,2.9290780141843973,0.7385420238671699,0.9329791439530686,0.7764489958998804,0.8074819174567434,0.9036643026004728,0.8159018143009605,0.7523627187026665,0.7074468085106383,0.9179447852760736
oc_12_10000_1500_1.5_p019_0830_1.dat,3.047970479704797,0.722882652848652,0.9217115663931936,0.7678921190933972,0.7462190096425595,0.9077490774907749,0.7306930693069307,0.6728132939576517,0.5670356703567035,0.9408163265306122
oc_12_10000_1500_1.5_p019_0870_1.dat,3.286472148541114,0.7517191180086255,0.9359247663985149,0.7729159420619541,0.7970344462900757,0.883289124668435,0.8107121119902617,0.675602568349235,0.5543766578249337,0.9554285714285714
oc_12_10000_1500_1.5_p019_0880_1.dat,3.3714285714285714,0.7365702723199148,0.9304261903205727,0.7481825071760488,0.768855511944337,0.8809523809523809,0.7722122838401908,0.5749746793721793,0.41836734693877553,0.9505409582689336
oc_12_10000_1500_1.5_p019_0900_1.dat,3.591304347826087,0.724661500461878,0.9324535702335859,0.7336487246240406,0.7825753749230909,0.8521739130434782,0.8104755341144039,0.6921452355600347,0.6028985507246377,0.9162995594713657
oc_12_10000_1500_1.5_p019_0920_1.dat,4.009708737864078,0.7643450392577579,0.938566858365633,0.7573773852866706,0.7828860702131154,0.883495145631068,0.7772241992882563,0.5815473545241794,0.43042071197411,0.926829268292683
oc_12_10000_2000_2.0_p019_0710_1.dat,2.742667404537908,0.7018629994214678,0.9160038163536892,0.6895605389577932,0.7337267224382049,0.8992805755395683,0.7313231323132313,0.5971596916303574,0.4609850581073603,0.9530892448512586
oc_12_10000_2000_2.0_p019_0770_1.dat,2.8450057405281286,0.709668618407673,0.9193911516870708,0.7228427078715484,0.7434532284361759,0.899540757749713,0.7394997640396413,0.61444109341217,0.4925373134328358,0.9377049180327869
oc_12_10000_2000_2.0_p019_0800_1.dat,2.9290780141843973,0.7121312822918164,0.922222910198556,0.7291623756265638,0.7650759049981952,0.9160756501182034,0.7513330101793505,0.6667683518106589,0.6052009456264775,0.8888888888888888
oc_12_10000_2000_2.0_p019_0830_1.dat,3.047970479704797,0.6671338639902686,0.9059282348830142,0.6258502781209286,0.6902498408051254,0.8603936039360394,0.6960199004975124,0.5459858008930405,0.3985239852398524,0.9323741007194245
oc_12_10000_2000_2.0_p019_0870_1.dat,3.286472148541114,0.7000146778988003,0.9082616406249999,0.6331666871396284,0.6924192113041059,0.8945623342175066,0.6674913409203365,0.48020112242903157,0.3183023872679045,0.9177820267686424
oc_12_10000_2000_2.0_p019_0880_1.dat,3.3714285714285714,0.7186586794398532,0.9183864058512294,0.6545730682314863,0.6971243214206969,0.8482993197278912,0.7029312288613303,0.4464644478985024,0.2653061224489796,0.9443099273607748
oc_12_10000_2000_2.0_p019_0900_1.dat,3.591304347826087,0.7254114987301372,0.92571291177399,0.688845482284816,0.73973157735213,0.8449275362318841,0.7561608300907912,0.47473332269021884,0.3130434782608696,0.9037656903765691
oc_12_10000_2000_2.0_p019_0920_1.dat,4.009708737864078,0.7282772295280069,0.922798261627907,0.659369844464244,0.6906905766359175,0.8147249190938511,0.702721563154222,0.3181894627702183,0.14320388349514562,0.9030612244897959
oc_12_10000_2500_2.6_p019_0710_1.dat,2.898245614035088,0.6964349317514249,0.9086453834383439,0.6306977815434116,0.6909309901899727,0.9128654970760234,0.6665243381725021,0.5285061241407618,0.36608187134502923,0.9557251908396946
oc_12_10000_2500_2.6_p019_0770_1.dat,2.996372430471584,0.6694289075352997,0.9058175344931921,0.6165202777271814,0.6933782621517961,0.871825876662636,0.6936026936026936,0.5262907336760362,0.37061668681983073,0.9387442572741195
oc_12_10000_2500_2.6_p019_0800_1.dat,3.089775561097257,0.6946403727383234,0.9144788403963415,0.6759416096512008,0.7346806591811623,0.8790523690773068,0.7362924281984334,0.5314725495261551,0.4295511221945137,0.8548387096774194
oc_12_10000_2500_2.6_p019_0830_1.dat,3.205692108667529,0.6635062535203697,0.9027589792371578,0.6070385494062047,0.682969600800276,0.871927554980595,0.674,0.49207643798150497,0.3311772315653299,0.924187725631769
oc_12_10000_2500_2.6_p019_0870_1.dat,3.4852320675105486,0.7148683963319327,0.9167617486672938,0.6363071234058602,0.6474054200032037,0.7721518987341772,0.690566037735849,0.34528166276810623,0.170182841068917,0.9132075471698113
oc_12_10000_2500_2.6_p019_0880_1.dat,3.552688172043011,0.7118594270670464,0.9138921165170839,0.6292446032410655,0.6664216047468264,0.8587813620071685,0.6521502449646163,0.35280988719098666,0.16989247311827957,0.9367588932806324
oc_12_10000_2500_2.6_p019_0900_1.dat,3.786096256684492,0.7045965352025215,0.9099041618515563,0.6179570428018077,0.5873231311655635,0.6409472880061116,0.6997497914929107,0.2752515826960659,0.12452253628724216,0.8316326530612245
oc_12_10000_2500_2.6_p019_0920_1.dat,4.2107051826678,0.7114085171010804,0.9119492276210663,0.6127761038606943,0.5623212370863928,0.6601529311809685,0.6358428805237316,0.18464391279580677,0.06627017841971113,0.7428571428571429
oc_12_10000_3000_3.1_p019_0710_1.dat,3.480337078651685,0.7235102247664222,0.9158446605015674,0.630854519004108,0.6704649768710988,0.9037921348314607,0.6299559471365639,0.479898515857878,0.29424157303370785,0.9610091743119266
oc_12_10000_3000_3.1_p019_0770_1.dat,3.6201607012417822,0.7052227858347755,0.9144991443478261,0.6216670650591161,0.669450125664677,0.8641344046749452,0.6503573391973612,0.4695098005992749,0.29802775748721694,0.9209932279909706
oc_12_10000_3000_3.1_p019_0800_1.dat,3.777439024390244,0.7112883269894676,0.9153256783663051,0.6460149973134115,0.6763606036227394,0.78125,0.7142857142857143,0.4988055322116471,0.3719512195121951,0.8472222222222222
oc_12_10000_3000_3.1_p019_0830_1.dat,3.9584664536741214,0.7021978143074894,0.9120691647873711,0.6028779418185237,0.6520589107195663,0.8682108626198083,0.6176136363636363,0.4239777554859196,0.23322683706070288,0.9449838187702265
oc_12_10000_3000_3.1_p019_0870_1.dat,4.3321678321678325,0.7283562340338601,0.9160200991803279,0.6091865793373508,0.5733191633171626,0.6704545454545454,0.6402337228714524,0.26001186692962114,0.10576923076923077,0.8402777777777778
oc_12_10000_3000_3.1_p019_0880_1.dat,4.489130434782608,0.728571293032443,0.9193718491749174,0.6149295514503961,0.5931315914128824,0.6920289855072463,0.6480067854113656,0.31852997390846177,0.13949275362318841,0.9058823529411765
oc_12_10000_3000_3.1_p019_0900_1.dat,4.8116504854368936,0.7217034897209367,0.9160857019712663,0.6017548238604771,0.5612446016914046,0.625242718446602,0.645937813440321,0.25073363693218714,0.1,0.8174603174603174
oc_12_10000_3000_3.1_p019_0920_1.dat,5.518930957683741,0.7183851445593724,0.9162724063887939,0.6021492653089175,0.4674798870544048,0.4955456570155902,0.59254327563249,0.19605393990394102,0.07906458797327394,0.6761904761904762
oc_12_10000_3500_3.5_p019_0710_1.dat,4.147280334728033,0.7114833351333675,0.914599960006503,0.6022600429172269,0.6306110030850832,0.8301255230125523,0.6108374384236454,0.39878319962500713,0.20334728033472804,0.9529411764705882
oc_12_10000_3500_3.5_p019_0770_1.dat,4.324607329842932,0.6954918763928926,0.9122292395935758,0.5916154836151517,0.6418621674287769,0.8333333333333334,0.6185233160621761,0.35868843644370824,0.19633507853403143,0.8426966292134831
oc_12_10000_3500_3.5_p019_0800_1.dat,4.493200362647325,0.7168633488495071,0.9148364286185839,0.6107336194807278,0.5683314971568644,0.6255666364460563,0.6641000962463908,0.3842548625724241,0.22665457842248413,0.8305647840531561
oc_12_10000_3500_3.5_p019_0830_1.dat,4.760806916426513,0.6997023228857582,0.9098669416374854,0.578808983281661,0.5999167510404397,0.8040345821325648,0.5748626373626373,0.2964011084957391,0.1431316042267051,0.8010752688172043
oc_12_10000_3500_3.5_p019_0870_1.dat,5.294871794871795,0.737087196439367,0.9222395802783435,0.6047835832994723,0.5037422213901825,0.4946581196581197,0.6595441595441596,0.25272355325687523,0.1014957264957265,0.8050847457627118
oc_12_10000_3500_3.5_p019_0880_1.dat,5.53125,0.7247939790341081,0.9239216249145591,0.5917993442056704,0.607671159428261,0.7053571428571429,0.6377396569122099,0.3275292987994442,0.15625,0.8433734939759037
oc_12_10000_3500_3.5_p019_0900_1.dat,6.126081582200247,0.7398338844814674,0.924741648048569,0.6072927781570454,0.5214796235420409,0.5364647713226205,0.6335766423357664,0.18650213238863722,0.06427688504326329,0.7123287671232876
oc_12_10000_3500_3.5_p019_0920_1.dat,7.193033381712627,0.7699344970359133,0.9320000844995572,0.6178588813711869,0.47506885948299177,0.46008708272859217,0.6107899807321773,0.16261644982160517,0.05370101596516691,0.6491228070175439
oc_12_10000_4000_4.0_p019_0710_1.dat,4.887573964497041,0.7171560307214977,0.9125308244556114,0.5744765003349173,0.5636302621196272,0.7080867850098619,0.5866013071895425,0.38008995326187583,0.19822485207100593,0.8893805309734514
oc_12_10000_4000_4.0_p019_0770_1.dat,5.211356466876971,0.7185095846963817,0.9179708034535297,0.5948468833977988,0.6309461725330757,0.8023133543638276,0.6070007955449482,0.36238799869094634,0.18506834910620398,0.8669950738916257
oc_12_10000_4000_4.0_p019_0800_1.dat,5.518930957683741,0.7160556814948182,0.9131959154424325,0.5584860307791482,0.47973328824570743,0.522271714922049,0.5891959798994975,0.06172847257423736,0.02338530066815145,0.38181818181818183
oc_12_10000_4000_4.0_p019_0830_1.dat,5.9,0.7240817413662151,0.9191272513802622,0.5656971463493496,0.5566610913938878,0.669047619047619,0.5841995841995842,0.20522069755459738,0.07142857142857142,0.759493670886076
oc_12_10000_4000_4.0_p019_0870_1.dat,6.752043596730245,0.7449299916920331,0.916527446572935,0.5132039391629025,0.3607715717438312,0.3528610354223433,0.5190380761523046,0.20980946713494208,0.0681198910081744,0.7936507936507936
oc_12_10000_4000_4.0_p019_0880_1.dat,7.0,0.752733028303892,0.9301037960805085,0.5831887267208369,0.5321748015926645,0.5790960451977402,0.6002928257686676,0.25280944200137384,0.10451977401129943,0.7551020408163265
oc_12_10000_4000_4.0_p019_0900_1.dat,7.955056179775281,0.7635520568053824,0.9275608282846388,0.5682133026514292,0.2981154269557489,0.25842696629213485,0.48493975903614456,0.11396713915015416,0.03531300160513644,0.5238095238095238
oc_12_10000_4000_4.0_p019_0920_1.dat,10.012121212121212,0.7860692721877738,0.9338220566868465,0.5824497273160089,0.23838024417059783,0.20606060606060606,0.4,0.1248427674731523,0.048484848484848485,0.4528301886792453
oc_12_10000_500_0.5_p019_0710_1.dat,2.742667404537908,0.7366686920754446,0.9267342170634334,0.8308259606804269,0.7172819921899961,0.8898727172108467,0.7184986595174263,0.902604574011026,0.8732706142778085,0.983177570093458
oc_12_10000_500_0.5_p019_0770_1.dat,2.8450057405281286,0.7356174018316725,0.9325932782920274,0.8059483683552544,0.755556667468016,0.8547646383467279,0.7895015906680806,0.8879558037729023,0.8438576349024111,0.98989898989899
oc_12_10000_500_0.5_p019_0800_1.dat,2.9290780141843973,0.7627036427913624,0.9376783611612515,0.8521531343401233,0.8250573708300376,0.8971631205673759,0.8452115812917594,0.9085497884666172,0.8936170212765957,0.9692307692307692
oc_12_10000_500_0.5_p019_0830_1.dat,3.047970479704797,0.7191010087954811,0.9265168207231844,0.7983789032747448,0.730596095323912,0.8450184501845018,0.7582781456953642,0.8877317106333943,0.8450184501845018,0.9856527977044476
oc_12_10000_500_0.5_p019_0870_1.dat,3.286472148541114,0.7683540126712448,0.9457730071163366,0.802498220845886,0.8389387072458417,0.8474801061007957,0.9038189533239038,0.8910336311520425,0.8448275862068966,0.9883630721489527
oc_12_10000_500_0.5_p019_0880_1.dat,3.3714285714285714,0.7775284973120279,0.9477414450669157,0.8117749161003887,0.8469768800097127,0.8530612244897959,0.9093546047860769,0.894986485042234,0.8523809523809524,0.985837922895358
oc_12_10000_500_0.5_p019_0900_1.dat,3.591304347826087,0.757891153536707,0.9416908764204546,0.7961631657663654,0.8146200864473668,0.8478260869565217,0.8615611192930781,0.8793766696909079,0.8463768115942029,0.9644921552436003
oc_12_10000_500_0.5_p019_0920_1.dat,4.009708737864078,0.7849347627008267,0.9486840048449612,0.8232901503333738,0.8371359019350082,0.8648867313915858,0.8740801308258381,0.8832719494144985,0.8632686084142395,0.949288256227758
oc_12_1000_1000_1.0_p019_0710_1.dat,27.38121546961326,0.873793203285074,0.9644528715203426,0.6948351852952879,0.502243252315515,0.7679558011049724,0.3601036269430052,0.6171401960925694,0.5303867403314917,0.7441860465116279
oc_12_1000_1000_1.0_p019_0770_1.dat,28.32,0.9024474586291865,0.9756121042681738,0.6880501662050373,0.6746253005527366,0.7485714285714286,0.6298076923076923,0.48418274078911683,0.26285714285714284,0.92
oc_12_1000_1000_1.0_p019_0800_1.dat,29.152941176470588,0.8896544503897026,0.971380967420991,0.7837966153696154,0.6278631788024979,0.8470588235294118,0.488135593220339,0.6000550755634677,0.5176470588235295,0.7213114754098361
oc_12_1000_1000_1.0_p019_0830_1.dat,30.404907975460123,0.8964382563238092,0.9731498112912679,0.6986881497046279,0.5914454577132211,0.7668711656441718,0.4807692307692308,0.4398562955730214,0.22699386503067484,0.8809523809523809
oc_12_1000_1000_1.0_p019_0870_1.dat,32.82119205298013,0.9355867543910801,0.9857486124926571,0.7360255343523424,0.6595040758640323,0.6490066225165563,0.6901408450704225,0.3591774738276699,0.1390728476821192,0.9545454545454546
oc_12_1000_1000_1.0_p019_0880_1.dat,33.714285714285715,0.9077292329384944,0.9802930826964531,0.46257670344097057,0.5819326017692905,0.5170068027210885,0.6785714285714286,0.47542292654773644,0.23809523809523808,0.9722222222222222
oc_12_1000_1000_1.0_p019_0900_1.dat,35.65467625899281,0.8961671096172985,0.9715825311089303,0.7540953702439804,0.5683517399725699,0.841726618705036,0.40484429065743943,0.3113878214193526,0.20863309352517986,0.5
oc_12_1000_1000_1.0_p019_0920_1.dat,39.96774193548387,0.9300063902179767,0.9850791868110236,0.5995254137343622,0.6500868572095159,0.6532258064516129,0.6639344262295082,0.4477488280967371,0.25806451612903225,0.8
oc_12_1000_1500_1.5_p019_0710_1.dat,27.38121546961326,0.9046667177636879,0.9748859283628577,0.7544645639193417,0.6161447871630075,0.7734806629834254,0.5166051660516605,0.5542916404079098,0.3314917127071823,0.9523809523809523
oc_12_1000_1500_1.5_p019_0770_1.dat,28.32,0.8996480722345795,0.9747157889300331,0.6160623006744081,0.5364832363407274,0.5257142857142857,0.5786163522012578,0.45336707088458394,0.21714285714285714,0.9743589743589743
oc_12_1000_1500_1.5_p019_0800_1.dat,29.152941176470588,0.876775319475446,0.9656005981271947,0.7513519351060243,0.5609854178060739,0.8176470588235294,0.41124260355029585,0.3896452942213607,0.32941176470588235,0.5
oc_12_1000_1500_1.5_p019_0830_1.dat,30.404907975460123,0.8915278850992228,0.9708206421176011,0.6426565993884193,0.5628847494816595,0.7177914110429447,0.468,0.38087168139243655,0.17177914110429449,0.875
oc_12_1000_1500_1.5_p019_0870_1.dat,32.82119205298013,0.9233709265499381,0.9815235173291561,0.6732020089593799,0.5092848507277412,0.423841059602649,0.64,0.24071242847066993,0.059602649006622516,1.0
oc_12_1000_1500_1.5_p019_0880_1.dat,33.714285714285715,0.9166377532498632,0.9810586572604351,0.582384145549038,0.5362370630953767,0.46258503401360546,0.6476190476190476,0.1992164927018666,0.04081632653061224,1.0
oc_12_1000_1500_1.5_p019_0900_1.dat,35.65467625899281,0.9166219058390331,0.9779810775269873,0.7011992533759686,0.5183144830974905,0.6402877697841727,0.445,0.2972001102016083,0.1366906474820144,0.6785714285714286
oc_12_1000_1500_1.5_p019_0920_1.dat,39.96774193548387,0.9135555452133234,0.9803872527559055,0.46342776482353065,0.48479182921297326,0.46774193548387094,0.5272727272727272,0.0,0.0,0.0
oc_12_1000_2000_2.0_p019_0710_1.dat,27.38121546961326,0.9047392827919705,0.9750541360716372,0.6707051004380302,0.5455747633093206,0.5911602209944752,0.535,0.38719837503364984,0.16022099447513813,0.9666666666666667
oc_12_1000_2000_2.0_p019_0770_1.dat,28.32,0.9050299063470827,0.9751816632235432,0.6596920684620486,0.5147265997534157,0.5542857142857143,0.5105263157894737,0.37332970030148827,0.16,0.9032258064516129
oc_12_1000_2000_2.0_p019_0800_1.dat,29.152941176470588,0.8587056270117227,0.9589992323449084,0.6792599704692099,0.4322054419120296,0.6588235294117647,0.3181818181818182,0.3560008893946631,0.3,0.4636363636363636
oc_12_1000_2000_2.0_p019_0830_1.dat,30.404907975460123,0.8496271144937915,0.959780250439539,0.6098116385837512,0.4733492777033991,0.6932515337423313,0.3542319749216301,0.4799934470098331,0.4723926380368098,0.5202702702702703
oc_12_1000_2000_2.0_p019_0870_1.dat,32.82119205298013,0.9115705261836325,0.9778595136087723,0.5714886914751974,0.40527273174318373,0.2980132450331126,0.5844155844155844,0.0,0.0,0.0
oc_12_1000_2000_2.0_p019_0880_1.dat,33.714285714285715,0.9028386614972156,0.9778310090143053,0.4401085517419093,0.42716741914016365,0.3401360544217687,0.5681818181818182,0.14082589525051578,0.02040816326530612,1.0
oc_12_1000_2000_2.0_p019_0900_1.dat,35.65467625899281,0.8990514871550095,0.9713802009813542,0.6282483241191492,0.3083276629443134,0.37410071942446044,0.2905027932960894,-0.00742670669678776,0.0,0.0
oc_12_1000_2000_2.0_p019_0920_1.dat,39.96774193548387,0.9167416905214242,0.9786909637795276,0.5961617137841332,0.31002916965814964,0.25806451612903225,0.4050632911392405,-0.0022195047934983085,0.0,0.0
oc_12_1000_2500_2.6_p019_0710_1.dat,28.982456140350877,0.8999118836424788,0.9733999157401989,0.5825990481783001,0.3970560537690159,0.3742690058479532,0.460431654676259,0.0751931524258843,0.005847953216374269,1.0
oc_12_1000_2500_2.6_p019_0770_1.dat,29.5,0.8900101927454859,0.9687809541373926,0.5830786016025109,0.31012544869541814,0.34523809523809523,0.32222222222222224,0.24047904104531226,0.06547619047619048,0.9166666666666666
oc_12_1000_2500_2.6_p019_0800_1.dat,30.782608695652176,0.8844283559478693,0.9660747242524916,0.6030859124121775,0.3065000407560737,0.38509316770186336,0.2857142857142857,0.10698407811130574,0.031055900621118012,0.4166666666666667
oc_12_1000_2500_2.6_p019_0830_1.dat,32.18181818181818,0.880758320896215,0.9653917896281801,0.5344258978786038,0.295413284579833,0.3961038961038961,0.2606837606837607,0.06770534007882899,0.012987012987012988,0.4
oc_12_1000_2500_2.6_p019_0870_1.dat,34.179310344827584,0.9065898301179592,0.9751974516761419,0.5971833874522386,0.2265322747748795,0.15862068965517243,0.36507936507936506,0.0,0.0,0.0
oc_12_1000_2500_2.6_p019_0880_1.dat,35.148936170212764,0.9110950270227337,0.9772183021385128,0.5834819670388571,0.3219930229042311,0.22695035460992907,0.49230769230769234,0.19235995260683222,0.04964539007092199,0.7777777777777778
oc_12_1000_2500_2.6_p019_0900_1.dat,37.54545454545455,0.8988968284484651,0.973305643081761,0.5119882099846242,0.23597036539885916,0.20454545454545456,0.3103448275862069,-0.0056076333712775685,0.0,0.0
oc_12_1000_2500_2.6_p019_0920_1.dat,42.724137931034484,0.91051894791677,0.9790078753943218,0.39317823486102477,0.2282901740655135,0.16379310344827586,0.35185185185185186,0.18657809319811094,0.04310344827586207,0.8333333333333334
oc_12_1000_3000_3.1_p019_0710_1.dat,35.148936170212764,0.8503262234842938,0.967719915636649,0.003665133630384343,-0.01661813468110522,0.0,0.0,0.0,0.0,0.0
oc_12_1000_3000_3.1_p019_0770_1.dat,36.71111111111111,0.9002373269616419,0.9715886595953643,0.6101643434295234,0.2690235600854739,0.2962962962962963,0.28169014084507044,0.16845493850102358,0.05185185185185185,0.5833333333333334
oc_12_1000_3000_3.1_p019_0800_1.dat,37.54545454545455,0.8798958005306755,0.9651696279481132,0.5269542739495865,0.2683783898201349,0.3712121212121212,0.2300469483568075,0.15487838490027223,0.06818181818181818,0.391304347826087
oc_12_1000_3000_3.1_p019_0830_1.dat,39.648,0.8652081159962138,0.9604712442432592,0.602644107082886,0.312181975389371,0.496,0.22794117647058823,0.07236598895351284,0.064,0.12307692307692308
oc_12_1000_3000_3.1_p019_0870_1.dat,43.095652173913045,0.8719859038047946,0.9723352110037468,0.0021437600554932157,-0.014251322464032368,0.0,0.0,-0.005663507015643817,0.0,0.0
oc_12_1000_3000_3.1_p019_0880_1.dat,44.648648648648646,0.8739024263061554,0.9736961908427078,0.0075093686811184,-0.008683096191490028,0.0,0.0,0.0,0.0,0.0
oc_12_1000_3000_3.1_p019_0900_1.dat,47.2,0.8969551651132855,0.9769976127247579,0.16764691426134515,0.054763441822426887,0.0380952380952381,0.11428571428571428,0.0,0.0,0.0
oc_12_1000_3000_3.1_p019_0920_1.dat,55.68539325842696,0.9267100448378663,0.9815092382556987,0.6114085252795889,0.07992892902075203,0.06741573033707865,0.125,0.0,0.0,0.0
oc_12_1000_3500_3.5_p019_0710_1.dat,40.95867768595041,0.8677732679762868,0.9714787959424858,0.0036276995047407334,-0.015583234133377791,0.0,0.0,0.0,0.0,0.0
oc_12_1000_3500_3.5_p019_0770_1.dat,43.473684210526315,0.9047310385041796,0.9735903952662722,0.564974600369917,0.24811185774508393,0.2807017543859649,0.25196850393700787,0.0,0.0,0.0
oc_12_1000_3500_3.5_p019_0800_1.dat,44.25,0.9007716144850046,0.9716511572612471,0.5942131727318598,0.18196353427958636,0.23214285714285715,0.17687074829931973,-0.005977410712382199,0.0,0.0
oc_12_1000_3500_3.5_p019_0830_1.dat,48.116504854368934,0.9057859579445113,0.9731358966198853,0.5615161890061828,0.22861819053081714,0.32038834951456313,0.19298245614035087,0.0,0.0,0.0
oc_12_1000_3500_3.5_p019_0870_1.dat,53.869565217391305,0.8923922518997227,0.9767525396196514,0.0021180251890565716,-0.012776030871774093,0.0,0.0,-0.005428226865106223,0.0,0.0
oc_12_1000_3500_3.5_p019_0880_1.dat,55.68539325842696,0.8890844060499562,0.9755291847373637,0.006548633027019579,-0.012713075002887998,0.0,0.0,0.0,0.0,0.0
oc_12_1000_3500_3.5_p019_0900_1.dat,60.4390243902439,0.9006403325211133,0.9783591689162366,0.003949740612916086,-0.012347610029396366,0.0,0.0,0.0,0.0,0.0
oc_12_1000_3500_3.5_p019_0920_1.dat,72.88235294117646,0.8756561681671451,0.9689458047372611,0.0359849585169697,-0.019464608505621216,0.0,0.0,-0.007768341412399968,0.0,0.0
oc_12_1000_4000_4.0_p019_0710_1.dat,49.06930693069307,0.8855734638948242,0.9753722643859996,0.0035901176496504483,-0.013826908983205708,0.0,0.0,0.0,0.0,0.0
oc_12_1000_4000_4.0_p019_0770_1.dat,52.16842105263158,0.8988592192994731,0.9728921205701841,0.3412587920268849,0.1849483109393428,0.2736842105263158,0.15384615384615385,-0.0038977097646043252,0.0,0.0
oc_12_1000_4000_4.0_p019_0800_1.dat,54.46153846153846,0.9090705978194983,0.9742485934218348,0.5878377578682474,-0.007333132995580658,0.01098901098901099,0.010869565217391304,0.0,0.0,0.0
oc_12_1000_4000_4.0_p019_0830_1.dat,58.305882352941175,0.9082086722820131,0.9742702787145407,0.5047165563642657,0.1255267455862919,0.18823529411764706,0.1111111111111111,-0.0026090754158991465,0.0,0.0
oc_12_1000_4000_4.0_p019_0870_1.dat,67.89041095890411,0.9093915794032726,0.9804299604295088,0.0020966796617322148,-0.011270777385599402,0.0,0.0,-0.004844463231166726,0.0,0.0
oc_12_1000_4000_4.0_p019_0880_1.dat,71.82608695652173,0.9061007004335507,0.9790503114427861,0.006479638845282132,-0.011587658692350422,0.0,0.0,0.0,0.0,0.0
oc_12_1000_4000_4.0_p019_0900_1.dat,79.93548387096774,0.9183658775549925,0.9821645494220805,0.003907692147560593,-0.010758297551120406,0.0,0.0,0.0,0.0,0.0
oc_12_1000_4000_4.0_p019_0920_1.dat,99.12,0.8895190228783386,0.9719251817818617,0.03571364105639707,-0.01678511522471068,0.0,0.0,-0.0071159204892173615,0.0,0.0
oc_12_1000_500_0.5_p019_0710_1.dat,27.38121546961326,0.8158332633673788,0.9602689509441308,0.00373955813121829,-0.01836384744971589,0.0,0.0,0.0,0.0,0.0
oc_12_1000_500_0.5_p019_0770_1.dat,28.32,0.8884188562197457,0.9681078407717794,0.6697632775027222,0.5175386308415894,0.7714285714285715,0.3770949720670391,0.5488974080331296,0.32571428571428573,0.95
oc_12_1000_500_0.5_p019_0800_1.dat,29.152941176470588,0.8802412405350845,0.9667617030823255,0.6387102740107474,0.4908661475549483,0.7058823529411765,0.37267080745341613,0.6242838245171106,0.47058823529411764,0.851063829787234
oc_12_1000_500_0.5_p019_0830_1.dat,30.404907975460123,0.8670314166553723,0.9592893805430748,0.7322354714756898,0.5033975026911475,0.8220858895705522,0.3358395989974937,0.6663095503018288,0.5644171779141104,0.8070175438596491
oc_12_1000_500_0.5_p019_0870_1.dat,32.82119205298013,0.9358191897470927,0.9847907897004112,0.8302610466222722,0.7286389535219769,0.8741721854304636,0.6226415094339622,0.5279308099758752,0.2980132450331126,0.9574468085106383
oc_12_1000_500_0.5_p019_0880_1.dat,33.714285714285715,0.9222664842207241,0.9806840840681952,0.8200245160048157,0.6611005538650632,0.8775510204081632,0.516,0.3852130117911031,0.17687074829931973,0.8666666666666667
oc_12_1000_500_0.5_p019_0900_1.dat,35.65467625899281,0.897410920492397,0.972439422767419,0.7738185515932601,0.5755439083294753,0.8561151079136691,0.4075342465753425,0.5051775682627478,0.39568345323741005,0.6707317073170732
oc_12_1000_500_0.5_p019_0920_1.dat,39.96774193548387,0.927655334199331,0.9833637082677166,0.6434932407480216,0.6077096233019048,0.6935483870967742,0.5512820512820513,0.5910837305753587,0.3709677419354839,0.9583333333333334
oc_12_2500_1000_1.0_p019_0710_1.dat,10.964601769911505,0.8076643761433073,0.9427468517011834,0.8505070746489639,0.6305174118677549,0.9203539823008849,0.48598130841121495,0.7732601309991722,0.7831858407079646,0.8009049773755657
oc_12_2500_1000_1.0_p019_0770_1.dat,11.36697247706422,0.8398610672875679,0.9567214439910979,0.8052851473136754,0.7388279680412918,0.8692660550458715,0.6684303350970018,0.7848151765969346,0.7477064220183486,0.8578947368421053
oc_12_2500_1000_1.0_p019_0800_1.dat,11.71631205673759,0.8258688037389843,0.9515629313998885,0.8621986746271919,0.7040025958300942,0.9408983451536643,0.5685714285714286,0.7987924070819395,0.8368794326241135,0.7937219730941704
oc_12_2500_1000_1.0_p019_0830_1.dat,12.176904176904177,0.8440779268049023,0.9592400736528063,0.7419372140915481,0.7008192321240474,0.800982800982801,0.657258064516129,0.8122118284369367,0.7321867321867321,0.9283489096573209
oc_12_2500_1000_1.0_p019_0870_1.dat,13.145888594164456,0.8863439216566732,0.972343434464654,0.8500078357750815,0.8035586399303886,0.9071618037135278,0.7386609071274298,0.7541634969906007,0.6684350132625995,0.8842105263157894
oc_12_2500_1000_1.0_p019_0880_1.dat,13.467391304347826,0.8880647613983692,0.9738968172426746,0.7795854158850294,0.7981487447310236,0.8342391304347826,0.7912371134020618,0.6821171752362803,0.5108695652173914,0.9494949494949495
oc_12_2500_1000_1.0_p019_0900_1.dat,14.323699421965317,0.8844250009054195,0.9708189432289702,0.823799563149388,0.7460001811618948,0.884393063583815,0.6609071274298056,0.7855015256671944,0.7572254335260116,0.842443729903537
oc_12_2500_1000_1.0_p019_0920_1.dat,15.987096774193548,0.832618812098102,0.955691812761109,0.8434618453557683,0.6712824850293337,0.9193548387096774,0.5248618784530387,0.7947430429469976,0.896774193548387,0.7277486910994765
oc_12_2500_1500_1.5_p019_0710_1.dat,10.964601769911505,0.82853942585041,0.9509266231508876,0.7711740391234033,0.700568695900708,0.8827433628318584,0.6027190332326284,0.6906068984121012,0.6084070796460177,0.8333333333333334
oc_12_2500_1500_1.5_p019_0770_1.dat,11.36697247706422,0.8421700037941546,0.9582241099777448,0.7328194044286315,0.725589498458008,0.823394495412844,0.6825095057034221,0.6699533819546949,0.5321100917431193,0.8923076923076924
oc_12_2500_1500_1.5_p019_0800_1.dat,11.71631205673759,0.8334436219092538,0.9527968077709611,0.7854728762120742,0.6999562625687349,0.9101654846335697,0.581570996978852,0.6458085462607787,0.5650118203309693,0.7913907284768212
oc_12_2500_1500_1.5_p019_0830_1.dat,12.176904176904177,0.8474762412130752,0.9589930188327429,0.7280029207182432,0.6925473216323316,0.8255528255528255,0.6256983240223464,0.5556253842084314,0.343980343980344,0.9523809523809523
oc_12_2500_1500_1.5_p019_0870_1.dat,13.145888594164456,0.8780912747156586,0.9667272818301144,0.7967994964158678,0.6381007522814885,0.6153846153846154,0.7116564417177914,0.4715497773553063,0.2493368700265252,0.9494949494949495
oc_12_2500_1500_1.5_p019_0880_1.dat,13.467391304347826,0.8855613762671848,0.9700810706235913,0.7807610142061826,0.6786237028471132,0.6929347826086957,0.7083333333333334,0.5306924845753413,0.33152173913043476,0.9037037037037037
oc_12_2500_1500_1.5_p019_0900_1.dat,14.323699421965317,0.8566594516698434,0.9642156031686157,0.6957275621314707,0.6676032041195282,0.7341040462427746,0.649616368286445,0.60794538410728,0.47109826589595377,0.8316326530612245
oc_12_2500_1500_1.5_p019_0920_1.dat,15.987096774193548,0.8795185776438007,0.9696238729586023,0.7484932630253407,0.7025159753010615,0.8064516129032258,0.6459948320413437,0.5684052747498066,0.45483870967741935,0.7580645161290323
oc_12_2500_2000_2.0_p019_0710_1.dat,10.964601769911505,0.8412867978693416,0.9542678189718935,0.7000296539565961,0.6440302235704721,0.745575221238938,0.6138433515482696,0.5829883977140535,0.3938053097345133,0.9222797927461139
oc_12_2500_2000_2.0_p019_0770_1.dat,11.36697247706422,0.8304292923862779,0.9538685194732938,0.6669786756555487,0.6330736783506745,0.713302752293578,0.6195219123505976,0.5445516401752294,0.3577981651376147,0.8914285714285715
oc_12_2500_2000_2.0_p019_0800_1.dat,11.71631205673759,0.7935713973120624,0.9410420686001115,0.7023040039657553,0.6089155908208209,0.8368794326241135,0.4992947813822285,0.5726563291542707,0.5342789598108747,0.6786786786786787
oc_12_2500_2000_2.0_p019_0830_1.dat,12.176904176904177,0.8228831192197994,0.9490803848592206,0.6120086818815362,0.5666985054892079,0.7051597051597052,0.5180505415162455,0.4874375724972436,0.26535626535626533,0.9557522123893806
oc_12_2500_2000_2.0_p019_0870_1.dat,13.145888594164456,0.8500751699731782,0.9607427142321395,0.622442061570267,0.5892402815597296,0.5729442970822282,0.6625766871165644,0.38305975114845997,0.17506631299734748,0.9041095890410958
oc_12_2500_2000_2.0_p019_0880_1.dat,13.467391304347826,0.8634540786595492,0.9638400097670924,0.6680637661615441,0.5604172270607428,0.5,0.6865671641791045,0.3708703408514341,0.15217391304347827,0.9655172413793104
oc_12_2500_2000_2.0_p019_0900_1.dat,14.323699421965317,0.8561509776100361,0.9616655628064881,0.7082410077546781,0.6062436812174541,0.6734104046242775,0.5959079283887468,0.4838077938976391,0.3468208092485549,0.7361963190184049
oc_12_2500_2000_2.0_p019_0920_1.dat,15.987096774193548,0.8619916605913308,0.9608407273072541,0.6637242379883006,0.4811268357871927,0.4774193548387097,0.5441176470588235,0.1204221955310536,0.041935483870967745,0.43333333333333335
oc_12_2500_2500_2.6_p019_0710_1.dat,11.552447552447552,0.837134065646195,0.9525141576601671,0.6198862209942385,0.505395830599236,0.5104895104895105,0.5763157894736842,0.43197498177000815,0.21678321678321677,0.93
oc_12_2500_2500_2.6_p019_0770_1.dat,11.85645933014354,0.8233041035550419,0.948464454596204,0.5920045304582446,0.4850756134394326,0.5023923444976076,0.5454545454545454,0.45121009835963216,0.24162679425837322,0.9099099099099099
oc_12_2500_2500_2.6_p019_0800_1.dat,12.359102244389028,0.8001779128473511,0.940079935411611,0.6096351281802994,0.5055655749849914,0.6384039900249376,0.47058823529411764,0.37345093185616934,0.2718204488778055,0.5989010989010989
oc_12_2500_2500_2.6_p019_0830_1.dat,12.973821989528796,0.812046431304303,0.9434999981266392,0.5755025489893313,0.44672460547816256,0.5471204188481675,0.44,0.41720821697053667,0.24083769633507854,0.7931034482758621
oc_12_2500_2500_2.6_p019_0870_1.dat,14.0,0.8454144756813788,0.9555136973634651,0.6027721093023599,0.43281815591561124,0.384180790960452,0.5596707818930041,0.2867272924816121,0.08757062146892655,1.0
oc_12_2500_2500_2.6_p019_0880_1.dat,14.11965811965812,0.8447716391317994,0.9576207186734501,0.5912593351190523,0.44515019300995345,0.36752136752136755,0.6084905660377359,0.26117155441209366,0.09116809116809117,0.8205128205128205
oc_12_2500_2500_2.6_p019_0900_1.dat,15.249230769230769,0.8253058082451112,0.9471511609543647,0.6019751522172214,0.3397776823506392,0.37846153846153846,0.38198757763975155,0.13061634806334152,0.06153846153846154,0.37037037037037035
oc_12_2500_2500_2.6_p019_0920_1.dat,16.5752508361204,0.8476586493432707,0.9539877918173169,0.6143284902271411,0.2068844824754115,0.1939799331103679,0.3036649214659686,0.103525674513155,0.023411371237458192,0.5384615384615384
oc_12_2500_3000_3.1_p019_0710_1.dat,13.805013927576601,0.8424148456937326,0.9554268773283161,0.5921974629242099,0.47467113231554064,0.5236768802228412,0.4986737400530504,0.40310638602179133,0.1894150417827298,0.918918918918919
oc_12_2500_3000_3.1_p019_0770_1.dat,14.619469026548673,0.8456935521127651,0.9548770137865912,0.6003909962471284,0.4618390912436516,0.4690265486725664,0.521311475409836,0.3982218015455765,0.17699115044247787,0.9523809523809523
oc_12_2500_3000_3.1_p019_0800_1.dat,15.018181818181818,0.8133091998886414,0.9424988522512296,0.5962233014891551,0.36947872752408073,0.4636363636363636,0.3686746987951807,0.3921180852194583,0.2545454545454545,0.672
oc_12_2500_3000_3.1_p019_0830_1.dat,15.634069400630915,0.8337495650310016,0.9504601405272141,0.5653757938732044,0.36125723532995285,0.4037854889589905,0.39628482972136225,0.13566220877692767,0.03470031545741325,0.6111111111111112
oc_12_2500_3000_3.1_p019_0870_1.dat,17.512367491166078,0.8333577987460311,0.9520920719602978,0.4750143069763766,0.28104633760026354,0.22968197879858657,0.4166666666666667,0.1837588433536204,0.06713780918727916,0.5757575757575758
oc_12_2500_3000_3.1_p019_0880_1.dat,17.7,0.862416538022545,0.9612123311688312,0.5948548266745817,0.3401149827728725,0.25357142857142856,0.5220588235294118,0.21809233045746243,0.05714285714285714,0.8888888888888888
oc_12_2500_3000_3.1_p019_0900_1.dat,19.284046692607003,0.8405961789460652,0.9511603027047765,0.5598826856698779,0.08842808326386933,0.09727626459143969,0.15723270440251572,0.04745731932029307,0.011673151750972763,0.2727272727272727
oc_12_2500_3000_3.1_p019_0920_1.dat,22.026666666666667,0.8577252144282577,0.9565028010036672,0.5988930936891097,0.03564545330443181,0.044444444444444446,0.09345794392523364,0.05535780072200439,0.013333333333333334,0.3
oc_12_2500_3500_3.5_p019_0710_1.dat,16.630872483221477,0.8633898568424343,0.9596750725161781,0.6022885707371479,0.419288536998533,0.41946308724832215,0.4826254826254826,0.32875739047752556,0.1174496644295302,0.9722222222222222
oc_12_2500_3500_3.5_p019_0770_1.dat,17.389473684210525,0.8378622645636524,0.9535494342682694,0.5291291429129485,0.37527452656494237,0.4245614035087719,0.39672131147540984,0.24948494323877052,0.08421052631578947,0.8
oc_12_2500_3500_3.5_p019_0800_1.dat,18.087591240875913,0.827672138314306,0.9475778422562141,0.5812466121201638,0.3656319800971826,0.4562043795620438,0.3561253561253561,0.18980766726887988,0.10948905109489052,0.40540540540540543
oc_12_2500_3500_3.5_p019_0830_1.dat,19.06153846153846,0.8358702337401438,0.9526759486196319,0.5102405322472021,0.3834012299396457,0.46923076923076923,0.3719512195121951,0.09027923117338181,0.023076923076923078,0.42857142857142855
oc_12_2500_3500_3.5_p019_0870_1.dat,21.17948717948718,0.8689839576369125,0.9634775697495183,0.5753677173639817,0.3222916215658029,0.2948717948717949,0.4107142857142857,0.27023224462272155,0.09829059829059829,0.7931034482758621
oc_12_2500_3500_3.5_p019_0880_1.dat,22.425339366515836,0.8733232109713628,0.9641507436739425,0.5868749139015201,0.2694185832400781,0.19909502262443438,0.4230769230769231,0.12880880625165336,0.027149321266968326,0.6666666666666666
oc_12_2500_3500_3.5_p019_0900_1.dat,24.17560975609756,0.8523770818454328,0.9557196907576051,0.5387537918093079,0.05369200430860285,0.06829268292682927,0.1037037037037037,-0.008013573118722096,0.0,0.0
oc_12_2500_3500_3.5_p019_0920_1.dat,28.982456140350877,0.8423207180299208,0.9586018771211234,0.39163395165909765,0.11354275679749186,0.11695906432748537,0.16393442622950818,0.06803588555947436,0.03508771929824561,0.1875
oc_12_2500_4000_4.0_p019_0710_1.dat,19.284046692607003,0.8528150878951974,0.957068306541339,0.5248520443276377,0.2829049638188601,0.2723735408560311,0.36082474226804123,0.3046210616837817,0.10505836575875487,0.9310344827586207
oc_12_2500_4000_4.0_p019_0770_1.dat,21.27038626609442,0.8532495720292818,0.9589402189246483,0.5079543056263125,0.37738628518506634,0.44635193133047213,0.3727598566308244,0.24812810639655875,0.06866952789699571,0.9411764705882353
oc_12_2500_4000_4.0_p019_0800_1.dat,21.736842105263158,0.8288484461034746,0.9481588908179013,0.48515513362481366,0.14729510124854667,0.19298245614035087,0.17959183673469387,0.0004689816700799595,0.0043859649122807015,0.045454545454545456
oc_12_2500_4000_4.0_p019_0830_1.dat,23.826923076923077,0.8112700788231773,0.9463915865608056,0.5139595484350561,0.2835337945868093,0.39903846153846156,0.2553846153846154,0.1519269179575764,0.125,0.24761904761904763
oc_12_2500_4000_4.0_p019_0870_1.dat,27.23076923076923,0.8787982573264421,0.9673748509147528,0.5267098983383459,0.18564511866856148,0.13736263736263737,0.3048780487804878,0.1475976712185477,0.027472527472527472,0.8333333333333334
oc_12_2500_4000_4.0_p019_0880_1.dat,28.813953488372093,0.8849903373908414,0.9719067934867395,0.4360936814852395,0.2904041826657656,0.22093023255813954,0.42696629213483145,0.0,0.0,0.0
oc_12_2500_4000_4.0_p019_0900_1.dat,32.18181818181818,0.8729929774706264,0.9656392643835616,0.4703876985991826,0.1584736267661268,0.15584415584415584,0.20869565217391303,-0.007805659878108511,0.0,0.0
oc_12_2500_4000_4.0_p019_0920_1.dat,39.648,0.9004660159021216,0.97613687246605,0.3702495487506209,0.06530255349151971,0.048,0.13043478260869565,-0.002228217093321796,0.0,0.0
oc_12_2500_500_0.5_p019_0710_1.dat,10.964601769911505,0.7450454858640421,0.9217944247411243,0.7435841863117897,0.5570115802759089,0.8761061946902655,0.41816261879619854,0.7426131327243928,0.7964601769911505,0.7346938775510204
oc_12_2500_500_0.5_p019_0770_1.dat,11.36697247706422,0.8422089911737285,0.9586306463278932,0.7224947395092544,0.6797870127114121,0.7844036697247706,0.6392523364485981,0.8295721887929165,0.7270642201834863,0.9723926380368099
oc_12_2500_500_0.5_p019_0800_1.dat,11.71631205673759,0.8047449406896907,0.9414926279977691,0.8338314612045143,0.6257047265732524,0.9125295508274232,0.4806973848069738,0.7996806527669773,0.8203309692671394,0.8107476635514018
oc_12_2500_500_0.5_p019_0830_1.dat,12.176904176904177,0.8158215155333235,0.9453920156628752,0.7726976168948221,0.5724017409856941,0.828009828009828,0.45417789757412397,0.8385407195651048,0.8083538083538083,0.8940217391304348
oc_12_2500_500_0.5_p019_0870_1.dat,13.145888594164456,0.8743825131353185,0.9677844267766735,0.8026704301784925,0.7406995599137791,0.8355437665782494,0.6923076923076923,0.8710035899825971,0.7957559681697612,0.970873786407767
oc_12_2500_500_0.5_p019_0880_1.dat,13.467391304347826,0.872645304697726,0.9712751844477836,0.7084490786371551,0.7634250325356253,0.75,0.8093841642228738,0.8300811848690145,0.7418478260869565,0.9512195121951219
oc_12_2500_500_0.5_p019_0900_1.dat,14.323699421965317,0.855122693766246,0.9646122400980762,0.6743675193111944,0.6699163371423694,0.7167630057803468,0.6684636118598383,0.8135764559965393,0.7167630057803468,0.9465648854961832
oc_12_2500_500_0.5_p019_0920_1.dat,15.987096774193548,0.871213141012791,0.9665713782757311,0.8025644509447221,0.6901166027454523,0.8451612903225807,0.5981735159817352,0.8403063310199176,0.8258064516129032,0.8737201365187713
oc_12_5000_1000_1.0_p019_0710_1.dat,5.482300884955753,0.7388515517739769,0.9245059075085325,0.8334252213194611,0.6544083025462932,0.9092920353982301,0.5661157024793388,0.8570520181673246,0.8904867256637168,0.8683926645091694
oc_12_5000_1000_1.0_p019_0770_1.dat,5.690011481056257,0.7790134563870924,0.9413391295692466,0.8036086297022494,0.7273593172017984,0.8714121699196326,0.6844003606853021,0.8387219888981736,0.8140068886337543,0.9113110539845758
oc_12_5000_1000_1.0_p019_0800_1.dat,5.858156028368795,0.7869305714208317,0.9429638410892796,0.8233657906352516,0.7601177365368229,0.9030732860520094,0.7060998151571165,0.8477544275792358,0.859338061465721,0.8801452784503632
oc_12_5000_1000_1.0_p019_0830_1.dat,6.095940959409594,0.7876511775440436,0.9433126491592997,0.7929924531395921,0.7428611072631118,0.8536285362853628,0.7162022703818369,0.8594075915832837,0.8290282902829028,0.9296551724137931
oc_12_5000_1000_1.0_p019_0870_1.dat,6.572944297082228,0.8369312596914698,0.9614830085814361,0.7988323687620145,0.8343994160106764,0.8620689655172413,0.8507853403141361,0.7602777216783786,0.6525198938992043,0.944337811900192
oc_12_5000_1000_1.0_p019_0880_1.dat,6.742857142857143,0.8337140286091264,0.9619646322263222,0.7711140769446418,0.8190239961330168,0.8299319727891157,0.8543417366946778,0.7432243470312159,0.6040816326530613,0.9736842105263158
oc_12_5000_1000_1.0_p019_0900_1.dat,7.172214182344429,0.8290341609780665,0.958006921374181,0.7957391236447915,0.7948598343831448,0.8610709117221418,0.7828947368421053,0.8393014494682437,0.8205499276410999,0.8971518987341772
oc_12_5000_1000_1.0_p019_0920_1.dat,8.019417475728156,0.8469901389411438,0.9641918668819519,0.8246167669574702,0.8114422901053244,0.8818770226537217,0.7875722543352601,0.8568164639593148,0.8559870550161812,0.8890756302521008
oc_12_5000_1500_1.5_p019_0710_1.dat,5.482300884955753,0.7599981470484247,0.9338649776450512,0.7654335177243772,0.7235506116871926,0.8761061946902655,0.678082191780822,0.7392545532037889,0.6803097345132744,0.8798283261802575
oc_12_5000_1500_1.5_p019_0770_1.dat,5.690011481056257,0.7739339923596419,0.9417688326754763,0.7274174137909581,0.7643042159314185,0.8323765786452354,0.7704569606801275,0.6706385306976382,0.5373134328358209,0.924901185770751
oc_12_5000_1500_1.5_p019_0800_1.dat,5.858156028368795,0.7643692044720474,0.9351262542226818,0.7756810020549969,0.7429097778596,0.9018912529550828,0.682468694096601,0.7682475527710274,0.7588652482269503,0.8436268068331143
oc_12_5000_1500_1.5_p019_0830_1.dat,6.095940959409594,0.7489622882716667,0.9315896975212342,0.7020863075788087,0.6792425371348896,0.8228782287822878,0.6463768115942029,0.7282052871850823,0.6482164821648216,0.8902027027027027
oc_12_5000_1500_1.5_p019_0870_1.dat,6.572944297082228,0.8124973181199693,0.9522829267950963,0.7375370408687225,0.7573996495669859,0.8461538461538461,0.740139211136891,0.6257024393102062,0.45225464190981435,0.9498607242339833
oc_12_5000_1500_1.5_p019_0880_1.dat,6.742857142857143,0.8234547225108,0.9553638915832016,0.7673139189733149,0.7905821763501568,0.8612244897959184,0.7785977859778598,0.50225024250004,0.2979591836734694,0.948051948051948
oc_12_5000_1500_1.5_p019_0900_1.dat,7.172214182344429,0.8200472914397463,0.9534374005666726,0.7838362605973979,0.7740251705035113,0.8986975397973951,0.7195828505214369,0.712553042175296,0.6425470332850941,0.8571428571428571
oc_12_5000_1500_1.5_p019_0920_1.dat,8.019417475728156,0.8323096355559858,0.958589614101184,0.774951165197266,0.7667621838617347,0.8689320388349514,0.7266576454668471,0.6521208223693797,0.5469255663430421,0.8492462311557789
oc_12_5000_2000_2.0_p019_0710_1.dat,5.482300884955753,0.7737119206694132,0.9349285078498294,0.7071743515054167,0.7180843103028005,0.8628318584070797,0.6800348735832606,0.6220994449893419,0.46349557522123896,0.9352678571428571
oc_12_5000_2000_2.0_p019_0770_1.dat,5.690011481056257,0.7676124549152488,0.9352299474858418,0.6777279193955373,0.6934939475737985,0.8381171067738232,0.6606334841628959,0.5904629707318001,0.425947187141217,0.9228855721393034
oc_12_5000_2000_2.0_p019_0800_1.dat,5.858156028368795,0.7754000340446296,0.9353837850741124,0.7121596295046747,0.6972148445625094,0.8380614657210402,0.6638576779026217,0.589986384682264,0.4645390070921986,0.8562091503267973
oc_12_5000_2000_2.0_p019_0830_1.dat,6.095940959409594,0.7480375773565876,0.9267017176287051,0.6128817343203359,0.6363464364561494,0.8105781057810578,0.5953026196928636,0.5032837664083133,0.3124231242312423,0.9236363636363636
oc_12_5000_2000_2.0_p019_0870_1.dat,6.572944297082228,0.8001324639606244,0.9447209882661997,0.6737693583806663,0.6769038922659175,0.6896551724137931,0.7471264367816092,0.40360366395371755,0.20291777188328913,0.9216867469879518
oc_12_5000_2000_2.0_p019_0880_1.dat,6.742857142857143,0.7905332141805496,0.9427229191706202,0.6601632662011875,0.6803921905720859,0.7795918367346939,0.6733254994124559,0.4204502709563019,0.21360544217687075,0.9401197604790419
oc_12_5000_2000_2.0_p019_0900_1.dat,7.172214182344429,0.795672068576236,0.9442695788914468,0.6871876822433289,0.7040728802858306,0.788712011577424,0.6987179487179487,0.39509348220830703,0.22575976845151954,0.8125
oc_12_5000_2000_2.0_p019_0920_1.dat,8.019417475728156,0.8137019907828913,0.9480499964119125,0.6938030947041556,0.6712101131731073,0.7249190938511327,0.6924265842349304,0.29747188343715286,0.15372168284789645,0.7037037037037037
oc_12_5000_2500_2.6_p019_0710_1.dat,5.7560975609756095,0.758588889953695,0.9283404359635551,0.6094611435213695,0.6075117405597453,0.6643437862950058,0.6666666666666666,0.5329341309803679,0.33681765389082463,0.9539473684210527
oc_12_5000_2500_2.6_p019_0770_1.dat,6.0,0.7397989646068781,0.925364810619163,0.5771169008159218,0.5781022021203203,0.7058111380145279,0.5871097683786506,0.4930031026818857,0.30024213075060535,0.9253731343283582
oc_12_5000_2500_2.6_p019_0800_1.dat,6.171855541718555,0.7291474806400282,0.9206471758985935,0.6090213766670245,0.5932880919250831,0.726027397260274,0.5918781725888325,0.4321068284723396,0.3125778331257783,0.7360703812316716
oc_12_5000_2500_2.6_p019_0830_1.dat,6.4363636363636365,0.7216047368255254,0.9171762196996158,0.5442241219764918,0.510638464863596,0.6727272727272727,0.5093411996066863,0.4525802363892641,0.2571428571428571,0.9124423963133641
oc_12_5000_2500_2.6_p019_0870_1.dat,6.912133891213389,0.7476545237284797,0.9189062526000352,0.4938434133344184,0.3829823281425918,0.3500697350069735,0.5615212527964206,0.3161307034807434,0.13807531380753138,0.853448275862069
oc_12_5000_2500_2.6_p019_0880_1.dat,7.130935251798562,0.763135796138095,0.9278828290568041,0.5635635625505724,0.4629442684111386,0.4546762589928058,0.5951035781544256,0.2813034643748603,0.10647482014388489,0.8705882352941177
oc_12_5000_2500_2.6_p019_0900_1.dat,7.54337899543379,0.7588041576179155,0.9283491528594334,0.5840846293412799,0.41485683232502735,0.4003044140030441,0.5572033898305084,0.18882407674594695,0.060882800608828,0.7272727272727273
oc_12_5000_2500_2.6_p019_0920_1.dat,8.414261460101867,0.7729124126385503,0.9318789260595131,0.554540265295125,0.40489589498938927,0.3921901528013582,0.5359628770301624,0.12329932125239598,0.03225806451612903,0.6129032258064516
oc_12_5000_3000_3.1_p019_0710_1.dat,6.96067415730337,0.7739536499354751,0.9324128817925194,0.6072035550680501,0.5718579916465146,0.6882022471910112,0.5771495877502945,0.43547018482904737,0.2303370786516854,0.9318181818181818
oc_12_5000_3000_3.1_p019_0770_1.dat,7.235036496350365,0.7816163070169363,0.935329332565148,0.6216009199896468,0.5859492482727282,0.6642335766423357,0.6132075471698113,0.41890417886117726,0.23065693430656933,0.8729281767955801
oc_12_5000_3000_3.1_p019_0800_1.dat,7.577981651376147,0.7769665104822763,0.9312815529411764,0.6288915440734142,0.520677240269921,0.5932721712538226,0.5631349782293179,0.44039754274964005,0.27522935779816515,0.8144796380090498
oc_12_5000_3000_3.1_p019_0830_1.dat,7.904306220095694,0.7803134063442214,0.9323782946444563,0.6059040204276127,0.5055557345061602,0.6172248803827751,0.5187667560321716,0.27081177947913887,0.09569377990430622,0.8823529411764706
oc_12_5000_3000_3.1_p019_0870_1.dat,8.74074074074074,0.8054623010246887,0.9410215871808799,0.6345009186973519,0.48128869915542727,0.5097001763668431,0.5557692307692308,0.32717251292222665,0.14462081128747795,0.845360824742268
oc_12_5000_3000_3.1_p019_0880_1.dat,8.881720430107526,0.8039669443040647,0.9420569162132753,0.6236663067303592,0.49985633288765885,0.5268817204301075,0.570873786407767,0.29784923790180295,0.11469534050179211,0.8767123287671232
oc_12_5000_3000_3.1_p019_0900_1.dat,9.660818713450292,0.8075216502788264,0.9424358449442312,0.6333726626522899,0.4517341777267631,0.45419103313840153,0.5469483568075117,0.1786651204445569,0.050682261208576995,0.7428571428571429
oc_12_5000_3000_3.1_p019_0920_1.dat,10.964601769911505,0.8052950938588099,0.9395052843934911,0.6126374204133183,0.2988468909155876,0.27654867256637167,0.43103448275862066,0.09432155215212855,0.030973451327433628,0.4117647058823529
oc_12_5000_3500_3.5_p019_0710_1.dat,8.301507537688442,0.7820351940999536,0.9330264336394741,0.5802062859708366,0.5132547005899805,0.6164154103852596,0.5264663805436338,0.3427898584536607,0.135678391959799,0.9642857142857143
oc_12_5000_3500_3.5_p019_0770_1.dat,8.694736842105263,0.7774614408106364,0.9333573812884546,0.5775050576461951,0.4544135916294184,0.5350877192982456,0.49193548387096775,0.30507304695060705,0.13333333333333333,0.8085106382978723
oc_12_5000_3500_3.5_p019_0800_1.dat,8.945848375451263,0.7786762646581036,0.9308966920145191,0.5412233642072182,0.3851581913940979,0.37725631768953066,0.5085158150851582,0.0071013716005030965,0.0036101083032490976,0.14285714285714285
oc_12_5000_3500_3.5_p019_0830_1.dat,9.53076923076923,0.7761681137109383,0.9335458626734843,0.5611007809035911,0.47217365887607765,0.573076923076923,0.4837662337662338,0.17611394051121243,0.06153846153846154,0.6274509803921569
oc_12_5000_3500_3.5_p019_0870_1.dat,10.63519313304721,0.8140225709998575,0.9467227753596459,0.5900147990138005,0.43006427153057153,0.3669527896995708,0.5958188153310104,0.21087314773888852,0.06437768240343347,0.7894736842105263
oc_12_5000_3500_3.5_p019_0880_1.dat,11.0625,0.8084122564923959,0.9454052507401924,0.5805856337867147,0.40219686836882457,0.3794642857142857,0.5198776758409785,0.27009473260639666,0.10714285714285714,0.7741935483870968
oc_12_5000_3500_3.5_p019_0900_1.dat,12.206896551724139,0.8035531472658975,0.9389793524804178,0.5763453479144068,0.21012090251134288,0.1896551724137931,0.3407079646017699,0.06529593761663961,0.019704433497536946,0.3333333333333333
oc_12_5000_3500_3.5_p019_0920_1.dat,14.576470588235294,0.8120948069649112,0.9410801716389728,0.57231679122587,0.08394277620290971,0.09411764705882353,0.17204301075268819,0.015032171015146022,0.0058823529411764705,0.13333333333333333
oc_12_5000_4000_4.0_p019_0710_1.dat,9.698630136986301,0.7849587617368659,0.934101610023779,0.5629160003868938,0.41788982710731515,0.49902152641878667,0.4521276595744681,0.2931919726909193,0.11545988258317025,0.8428571428571429
oc_12_5000_4000_4.0_p019_0770_1.dat,10.433684210526316,0.7982542123510414,0.9410918814214694,0.5852122346373536,0.4703056244095213,0.5347368421052632,0.5019762845849802,0.2790486786359912,0.10526315789473684,0.8333333333333334
oc_12_5000_4000_4.0_p019_0800_1.dat,10.916299559471366,0.7871819674765261,0.9336213428835489,0.5397613209117229,0.36081040799493586,0.4008810572687225,0.4252336448598131,0.005666478054871304,0.004405286343612335,0.1111111111111111
oc_12_5000_4000_4.0_p019_0830_1.dat,11.913461538461538,0.8020320482704693,0.9401821485480268,0.5723658383198611,0.4164391448823496,0.5168269230769231,0.4207436399217221,0.17886439561669665,0.055288461538461536,0.6764705882352942
oc_12_5000_4000_4.0_p019_0870_1.dat,13.578082191780823,0.8386562829001065,0.9538398051118211,0.6042684904960571,0.39932764474935406,0.3424657534246575,0.5434782608695652,0.19638591357105803,0.06301369863013699,0.696969696969697
oc_12_5000_4000_4.0_p019_0880_1.dat,14.200573065902578,0.8408991614639744,0.9554119131008483,0.5934956989000575,0.40690033467857484,0.36962750716332377,0.5222672064777328,0.2717937200390488,0.09742120343839542,0.8292682926829268
oc_12_5000_4000_4.0_p019_0900_1.dat,16.249180327868853,0.8451775280566642,0.9539843041246912,0.6021426503125422,0.2484965875327203,0.21967213114754097,0.3621621621621622,0.11082738830434703,0.029508196721311476,0.5
oc_12_5000_4000_4.0_p019_0920_1.dat,19.824,0.8171787289344263,0.9440596611601998,0.5358677205365701,0.048957586442958514,0.072,0.10465116279069768,-0.01285544103902831,0.0,0.0
oc_12_5000_500_0.5_p019_0710_1.dat,5.482300884955753,0.7657014861138061,0.9285829590443686,0.8112685040391838,0.6549938728947974,0.9004424778761062,0.5720309205903021,0.8576307085775274,0.8418141592920354,0.9168674698795181
oc_12_5000_500_0.5_p019_0770_1.dat,5.690011481056257,0.7878095722723074,0.9405197708941136,0.7974117028567657,0.6717053623290834,0.8656716417910447,0.612012987012987,0.8635919154540646,0.8163030998851895,0.953083109919571
oc_12_5000_500_0.5_p019_0800_1.dat,5.858156028368795,0.7982610394861787,0.9426554987935195,0.8517590799290202,0.75274426367756,0.9125295508274232,0.6886708296164139,0.8889234609980181,0.8841607565011821,0.9257425742574258
oc_12_5000_500_0.5_p019_0830_1.dat,6.095940959409594,0.8000079620523418,0.9435939377708442,0.834849321681156,0.71063798913284,0.8745387453874539,0.6540938362465502,0.8986632050412158,0.8696186961869619,0.9566982408660352
oc_12_5000_500_0.5_p019_0870_1.dat,6.572944297082228,0.8639632482000567,0.9680536092819615,0.8590904017602614,0.8619163827430959,0.8872679045092838,0.8733681462140992,0.9106737530991207,0.8607427055702918,0.986322188449848
oc_12_5000_500_0.5_p019_0880_1.dat,6.742857142857143,0.8416122645127329,0.9617597135828501,0.8160324610462526,0.833454737264478,0.8489795918367347,0.8606896551724138,0.8952895926833764,0.8408163265306122,0.9793977812995246
oc_12_5000_500_0.5_p019_0900_1.dat,7.172214182344429,0.8409287368690943,0.9605409982291482,0.8206489859620958,0.8120582183795372,0.8625180897250362,0.8097826086956522,0.8870454976823804,0.8552821997105644,0.9471153846153846
oc_12_5000_500_0.5_p019_0920_1.dat,8.019417475728156,0.8501878268404571,0.963252578937926,0.8560987562360501,0.8121837298951989,0.8948220064724919,0.7777777777777778,0.8890769424923055,0.8932038834951457,0.9093904448105437
oc_12_500_1000_1.0_p019_0710_1.dat,55.06666666666667,0.895418252135559,0.9775211940150614,0.0035693847262312506,-0.01334439753088136,0.0,0.0,0.0,0.0,0.0
oc_12_500_1000_1.0_p019_0770_1.dat,56.96551724137931,0.934630588977979,0.9854047138607972,0.6099779593501977,0.6004524761529799,0.5747126436781609,0.6410256410256411,0.0,0.0,0.0
oc_12_500_1000_1.0_p019_0800_1.dat,59.0,0.9222408038953942,0.980077639484127,0.7246832986989531,0.4856047553646132,0.7380952380952381,0.33513513513513515,0.3337593132575181,0.2261904761904762,0.5135135135135135
oc_12_500_1000_1.0_p019_0830_1.dat,61.18518518518518,0.9209557361124886,0.9797444494738932,0.5985415239296611,0.43195272650828487,0.6419753086419753,0.3076923076923077,0.15589723040814918,0.024691358024691357,1.0
oc_12_500_1000_1.0_p019_0870_1.dat,66.08,0.907567281438824,0.9800407286821705,0.0020989302314098346,-0.011555044889361408,0.0,0.0,-0.004909399649438849,0.0,0.0
oc_12_500_1000_1.0_p019_0880_1.dat,67.89041095890411,0.9030290724106786,0.9782913632929011,0.0025485792132978746,0.0032231212307623673,0.0136986301369863,0.01818181818181818,0.0,0.0,0.0
oc_12_500_1000_1.0_p019_0900_1.dat,71.82608695652173,0.9208183189535639,0.9832735317412935,0.20593148249265392,0.18672734853540826,0.17391304347826086,0.2222222222222222,0.0,0.0,0.0
oc_12_500_1000_1.0_p019_0920_1.dat,79.93548387096774,0.88162391152393,0.9704850107612595,0.03626113066249015,-0.018168330955270665,0.0,0.0,-0.007589730720274092,0.0,0.0
oc_12_500_1500_1.5_p019_0710_1.dat,55.06666666666667,0.8952881988512734,0.9774679478795085,0.0035693847262312506,-0.01320620694963675,0.0,0.0,0.0,0.0,0.0
oc_12_500_1500_1.5_p019_0770_1.dat,56.96551724137931,0.935457882100133,0.9848217043426531,0.6546879588892003,0.4940876634199708,0.5057471264367817,0.5,0.24048771405122663,0.06896551724137931,0.8571428571428571
oc_12_500_1500_1.5_p019_0800_1.dat,59.0,0.9103649906163874,0.9755528373015873,0.640301331216677,0.348630413270159,0.5357142857142857,0.24725274725274726,0.22399945919398026,0.13095238095238096,0.4074074074074074
oc_12_500_1500_1.5_p019_0830_1.dat,61.18518518518518,0.9312509760167018,0.9830962219575143,0.7272895251741724,0.3407787392842095,0.35802469135802467,0.34523809523809523,0.15589723040814918,0.024691358024691357,1.0
oc_12_500_1500_1.5_p019_0870_1.dat,66.08,0.9075954904805855,0.9800521433114688,0.0020989302314098346,-0.011555044889361408,0.0,0.0,-0.004909399649438849,0.0,0.0
oc_12_500_1500_1.5_p019_0880_1.dat,67.89041095890411,0.9050070450710905,0.9801031869158878,0.010229331296272792,-0.008916734173144564,0.0,0.0,0.0,0.0,0.0
oc_12_500_1500_1.5_p019_0900_1.dat,71.82608695652173,0.9128155521582738,0.9808728306467661,0.011838962057616698,0.005693422235245136,0.014492753623188406,0.02040816326530612,0.06712396772357145,0.014492753623188406,0.3333333333333333
oc_12_500_1500_1.5_p019_0920_1.dat,79.93548387096774,0.8810003793721134,0.9702443166600239,0.029897359406730994,-0.018384017729687226,0.0,0.0,-0.007914425898231289,0.0,0.0
oc_12_500_2000_2.0_p019_0710_1.dat,55.06666666666667,0.8954379452821681,0.9775330257629806,0.0035693847262312506,-0.013066611130742502,0.0,0.0,0.0,0.0,0.0
oc_12_500_2000_2.0_p019_0770_1.dat,56.96551724137931,0.9180803981990665,0.9785086807455879,0.46157919505831047,0.24643819028426955,0.3218390804597701,0.21374045801526717,0.09260468455451129,0.022988505747126436,0.4
oc_12_500_2000_2.0_p019_0800_1.dat,59.0,0.9148302027602392,0.9769094123015873,0.599846293620419,0.37795318545935463,0.5595238095238095,0.27485380116959063,0.21963751713096638,0.13095238095238096,0.39285714285714285
oc_12_500_2000_2.0_p019_0830_1.dat,61.18518518518518,0.9210388665552514,0.9793714933492158,0.556536200311341,0.24707699825451906,0.30864197530864196,0.22123893805309736,0.07667463662628402,0.012345679012345678,0.5
oc_12_500_2000_2.0_p019_0870_1.dat,66.08,0.9075548158422442,0.9800411178692109,0.0020989302314098346,-0.011421837792531662,0.0,0.0,-0.004591865804490279,0.0,0.0
oc_12_500_2000_2.0_p019_0880_1.dat,67.89041095890411,0.9057929011253348,0.9804438870550806,0.010229331296272792,-0.008044856947106434,0.0,0.0,0.0,0.0,0.0
oc_12_500_2000_2.0_p019_0900_1.dat,71.82608695652173,0.9237853440239934,0.9843937562189055,0.2009243682616455,0.15197646026168066,0.10144927536231885,0.25,0.0,0.0,0.0
oc_12_500_2000_2.0_p019_0920_1.dat,79.93548387096774,0.8787309741337743,0.9697703403746513,0.036096118609384886,-0.018384017729687226,0.0,0.0,-0.008071970788009277,0.0,0.0
oc_12_500_2500_2.6_p019_0710_1.dat,57.627906976744185,0.8989692102557032,0.978304142205474,0.0035618344225788467,-0.012500723778943134,0.0,0.0,0.0,0.0,0.0
oc_12_500_2500_2.6_p019_0770_1.dat,60.4390243902439,0.9242693833727784,0.9799572201270346,0.5769039957000799,0.2544793363541984,0.2926829268292683,0.24489795918367346,0.16345248421611303,0.036585365853658534,0.75
oc_12_500_2500_2.6_p019_0800_1.dat,61.18518518518518,0.9126982013656562,0.9752759033154655,0.5954992272320412,0.3082248806480349,0.4691358024691358,0.2235294117647059,0.18305624965976125,0.08641975308641975,0.4117647058823529
oc_12_500_2500_2.6_p019_0830_1.dat,63.53846153846154,0.9212171748174822,0.9794310123162495,0.5435601041836269,0.17697390864413398,0.19230769230769232,0.1875,0.0,0.0,0.0
oc_12_500_2500_2.6_p019_0870_1.dat,68.83333333333333,0.9102439624234141,0.9806330525059666,0.002095554053100801,-0.011194436723346454,0.0,0.0,-0.004811646732771165,0.0,0.0
oc_12_500_2500_2.6_p019_0880_1.dat,69.80281690140845,0.9052265972671769,0.9790464865725085,0.006486550684679737,-0.01137543257974356,0.0,0.0,0.0,0.0,0.0
oc_12_500_2500_2.6_p019_0900_1.dat,75.0909090909091,0.9166669213562468,0.9821054048187973,0.003289591423923155,-0.009094804770267096,0.0,0.0,0.0,0.0,0.0
oc_12_500_2500_2.6_p019_0920_1.dat,84.0,0.8870324649698853,0.9717753978065803,0.03626128449456212,-0.017300939542483833,0.0,0.0,-0.006728619077481434,0.0,0.0
oc_12_500_3000_3.1_p019_0710_1.dat,69.80281690140845,0.911065047429301,0.9810844634971155,0.0034635280214873054,-0.010165318510436491,0.0,0.0,-0.0016883103519706511,0.0,0.0
oc_12_500_3000_3.1_p019_0770_1.dat,73.97014925373135,0.9177913475339716,0.9777739966155684,0.39021667181476183,0.18139525160306036,0.2835820895522388,0.1366906474820144,0.0582383252522633,0.014925373134328358,0.25
oc_12_500_3000_3.1_p019_0800_1.dat,75.0909090909091,0.9060606571420848,0.9730918064516129,0.5673465376885954,0.21861793542194782,0.3787878787878788,0.14534883720930233,0.20369658041535024,0.15151515151515152,0.29411764705882354
oc_12_500_3000_3.1_p019_0830_1.dat,77.4375,0.9263147935750443,0.9810724314741036,0.4506652439679978,0.18191385107568764,0.25,0.1523809523809524,0.0,0.0,0.0
oc_12_500_3000_3.1_p019_0870_1.dat,86.94736842105263,0.9239999801098876,0.9835936802313984,0.0020786440365152536,-0.010091683438140715,0.0,0.0,-0.0040102862790586695,0.0,0.0
oc_12_500_3000_3.1_p019_0880_1.dat,85.44827586206897,0.9160873437604369,0.9812425596330275,0.006441574422961449,-0.01063568849654224,0.0,0.0,0.0,0.0,0.0
oc_12_500_3000_3.1_p019_0900_1.dat,97.17647058823529,0.9279756769724465,0.9839717900938686,0.003146977449356325,-0.010885647518046522,0.0,0.0,0.0,0.0,0.0
oc_12_500_3000_3.1_p019_0920_1.dat,110.13333333333334,0.8959405806018573,0.9733121685662868,0.013244391613822404,-0.003334344104016781,0.022222222222222223,0.007142857142857143,-0.0067541457242145456,0.0,0.0
oc_12_500_3500_3.5_p019_0710_1.dat,82.6,0.9221998446146957,0.9833075438596491,0.003512613846039514,-0.01092850955601795,0.0,0.0,0.0,0.0,0.0
oc_12_500_3500_3.5_p019_0770_1.dat,85.44827586206897,0.923542614282413,0.9808315771838851,0.27631778631724957,0.18277803746740337,0.27586206896551724,0.1391304347826087,0.09653044318968462,0.05172413793103448,0.2
oc_12_500_3500_3.5_p019_0800_1.dat,90.10909090909091,0.9139425688180707,0.9790655048892437,0.005510263438171403,-0.015411559009336943,0.0,0.0,0.0,0.0,0.0
oc_12_500_3500_3.5_p019_0830_1.dat,95.3076923076923,0.9049580745658048,0.9742093889776358,0.48122489822433745,0.0645478593804972,0.1346153846153846,0.04827586206896552,0.03791871696729948,0.038461538461538464,0.05555555555555555
oc_12_500_3500_3.5_p019_0870_1.dat,105.44680851063829,0.9328043851771154,0.9855438740755547,0.002067343752167883,-0.009067272538041815,0.0,0.0,-0.0038972702951793714,0.0,0.0
oc_12_500_3500_3.5_p019_0880_1.dat,112.63636363636364,0.9303439974628798,0.9854467006,0.010072300226329656,-0.007196773038893071,0.0,0.0,0.0,0.0,0.0
oc_12_500_3500_3.5_p019_0900_1.dat,123.9,0.937580317664299,0.9861797215772619,0.0038612495525816026,-0.0091236010579553,0.0,0.0,0.0,0.0,0.0
oc_12_500_3500_3.5_p019_0920_1.dat,137.66666666666666,0.9017773617863694,0.9743424423076923,0.03551303080726709,-0.014477354979472017,0.0,0.0,-0.0060465622156180175,0.0,0.0
oc_12_500_4000_4.0_p019_0710_1.dat,97.17647058823529,0.9303577587170824,0.9850835835829839,0.00349551802939041,-0.010188141823615314,0.0,0.0,0.0,0.0,0.0
oc_12_500_4000_4.0_p019_0770_1.dat,103.25,0.9321855493103436,0.98137648441247,0.44966335266281665,0.2122808787821701,0.375,0.13432835820895522,-0.0019678777890123752,0.0,0.0
oc_12_500_4000_4.0_p019_0800_1.dat,112.63636363636364,0.9242195086874199,0.9813523328,0.005477495910960251,-0.01386697202820568,0.0,0.0,0.0,0.0,0.0
oc_12_500_4000_4.0_p019_0830_1.dat,118.0,0.9399401215948434,0.9855818789515807,0.4028347671287765,0.0514224439446521,0.07142857142857142,0.05172413793103448,0.0,0.0,0.0
oc_12_500_4000_4.0_p019_0870_1.dat,130.42105263157896,0.9410834531470346,0.9873202903484181,0.002057155093782459,-0.00816044635328003,0.0,0.0,-0.00328061665475996,0.0,0.0
oc_12_500_4000_4.0_p019_0880_1.dat,145.76470588235293,0.9394037251536459,0.9873762210420841,0.01005948196401285,-0.006758048747971845,0.0,0.0,0.0,0.0,0.0
oc_12_500_4000_4.0_p019_0900_1.dat,159.8709677419355,0.9475232462393814,0.9885980912372168,0.01671646272988825,0.021052817473755467,0.03225806451612903,0.024390243902439025,0.0,0.0,0.0
oc_12_500_4000_4.0_p019_0920_1.dat,198.24,0.9111497592252049,0.976599069463963,0.02205054368942383,-0.012078161489867678,0.0,0.0,-0.005044390637610976,0.0,0.0
oc_12_500_500_0.5_p019_0710_1.dat,55.06666666666667,0.8956722839818405,0.9776272667459374,0.0035693847262312506,-0.013066611130742502,0.0,0.0,0.0,0.0,0.0
oc_12_500_500_0.5_p019_0770_1.dat,56.96551724137931,0.9219809837740248,0.9769613121158041,0.642037872840505,0.397758710168037,0.6896551724137931,0.24793388429752067,0.5108790363200857,0.26436781609195403,1.0
oc_12_500_500_0.5_p019_0800_1.dat,59.0,0.9215754020205441,0.9773548801587302,0.766334582902264,0.49484786379106005,0.8333333333333334,0.30837004405286345,-0.004855227104857172,0.0,0.0
oc_12_500_500_0.5_p019_0830_1.dat,61.18518518518518,0.9149132235718627,0.9757065951955529,0.7598263697545241,0.5002403251830684,0.8395061728395061,0.3119266055045872,0.11022504345007682,0.012345679012345678,1.0
oc_12_500_500_0.5_p019_0870_1.dat,66.08,0.9075785363351762,0.9800579288411847,0.0020989302314098346,-0.011555044889361408,0.0,0.0,-0.004909399649438849,0.0,0.0
oc_12_500_500_0.5_p019_0880_1.dat,67.89041095890411,0.903481814492755,0.9786113521574866,0.0064528290765034635,-0.012405481706660644,0.0,0.0,0.0,0.0,0.0
oc_12_500_500_0.5_p019_0900_1.dat,71.82608695652173,0.9132498544499118,0.9813765617910448,0.003922427768915493,-0.010162405874898197,0.0,0.0,0.0,0.0,0.0
oc_12_500_500_0.5_p019_0920_1.dat,79.93548387096774,0.8828214682598642,0.9706611855320845,0.036426397096987584,-0.017950322030700794,0.0,0.0,-0.00671091049058105,0.0,0.0
