Name,CI,LSR,BSL,HMS,MCC_5,TPR_5,PPV_5,MCC_9,TPR_9,PPV_9
oc_12_10000_1000_1_0_p019_0710_1,2.742667404537908,0.9210157387265383,0.98013513233772,0.9372428825030454,0.9362412331595328,0.9773104593248478,0.9304531085353003,0.9491617237253962,0.9524073049252906,0.9728660260033918
oc_12_10000_1000_1_0_p019_0770_1,2.8450057405281286,0.9145157601006295,0.9791429680501642,0.9386339670068038,0.9375636839863062,0.9822043628013777,0.9268689057421452,0.9506580375420794,0.9609644087256027,0.9659549913444894
oc_12_10000_1000_1_0_p019_0800_1,2.9290780141843973,0.9178198990265674,0.9810491726835139,0.9365797554475165,0.9417353555537719,0.9769503546099291,0.9370748299319728,0.9466162281667342,0.950354609929078,0.9698431845597105
oc_12_10000_1000_1_0_p019_0830_1,3.047970479704797,0.9086884024529728,0.9760577180188392,0.9289939780483092,0.9199471487976003,0.9790897908979089,0.9030062393647192,0.9430046153178847,0.9501845018450185,0.9638178415470992
oc_12_10000_1000_1_0_p019_0870_1,3.286472148541114,0.9189655232687065,0.9795680383663367,0.9401279304628626,0.9275784036607189,0.9820954907161804,0.90914671577655,0.9477879026279298,0.9482758620689655,0.9714673913043478
oc_12_10000_1000_1_0_p019_0880_1,3.3714285714285714,0.9231392768952091,0.9803477124183007,0.9324239096554826,0.9292299590768537,0.9761904761904762,0.9163473818646233,0.9414309285423731,0.9442176870748299,0.9652294853963839
oc_12_10000_1000_1_0_p019_0900_1,3.591304347826087,0.9091581556148813,0.9774174715909091,0.9302150935417868,0.9222125714039816,0.9789855072463768,0.9018691588785047,0.9390067952332789,0.9442028985507246,0.9602063375092115
oc_12_10000_1000_1_0_p019_0920_1,4.009708737864078,0.9179392074916808,0.9795040536175711,0.9263808465403546,0.921198691019795,0.9749190938511327,0.9012715033657442,0.9295893767584443,0.9279935275080906,0.9590301003344481
oc_12_10000_1500_1_5_p019_0710_1,2.742667404537908,0.8894317640512012,0.9695636847552861,0.8969516466408796,0.9031182594824197,0.9618151632540122,0.8986556359875905,0.9203525290201526,0.9120088544548977,0.9705535924617197
oc_12_10000_1500_1_5_p019_0770_1,2.8450057405281286,0.8918590549407266,0.9705876978202449,0.9032413629861556,0.9013130160281385,0.9632606199770379,0.8935037273695421,0.920483827025684,0.9144661308840414,0.9672131147540983
oc_12_10000_1500_1_5_p019_0800_1,2.9290780141843973,0.8861605402742551,0.9693108754512635,0.8884420991936163,0.8968790702330866,0.9539007092198581,0.8946784922394678,0.9089493832167964,0.8953900709219859,0.9680511182108626
oc_12_10000_1500_1_5_p019_0830_1,3.047970479704797,0.876481124023113,0.9646475539349741,0.8888740237838842,0.873818379625612,0.9612546125461254,0.8545653362493165,0.916159620534025,0.9089790897908979,0.964122635355512
oc_12_10000_1500_1_5_p019_0870_1,3.286472148541114,0.8922271283311725,0.970861478960396,0.897168816327454,0.89270799460018,0.9608753315649867,0.8781818181818182,0.909701057180221,0.8872679045092838,0.9737991266375546
oc_12_10000_1500_1_5_p019_0880_1,3.3714285714285714,0.8894130568046537,0.969773140367258,0.8826393636177071,0.8934000216076607,0.9510204081632653,0.8870558375634517,0.8936953637570626,0.8680272108843538,0.9673995451099318
oc_12_10000_1500_1_5_p019_0900_1,3.591304347826087,0.8695737464715054,0.9635086174242424,0.8738438892728727,0.8651310529433489,0.9456521739130435,0.8485045513654096,0.8948080457669345,0.8695652173913043,0.9654062751407884
oc_12_10000_1500_1_5_p019_0920_1,4.009708737864078,0.8675540516901369,0.9638690245478037,0.8596211558270273,0.8598758524670436,0.9352750809061489,0.8450292397660819,0.8801700515065529,0.8624595469255664,0.9450354609929078
oc_12_10000_2000_2_0_p019_0710_1,2.742667404537908,0.8899659976918122,0.9708903888806742,0.887313926711557,0.904575832583777,0.9496402877697842,0.9117959617428267,0.8836541815519151,0.8361925843940232,0.992772667542707
oc_12_10000_2000_2_0_p019_0770_1,2.8450057405281286,0.8872166441370831,0.9690396088384592,0.8781624115600437,0.8965732458622986,0.9460390355912744,0.9025191675794085,0.8707539868507853,0.8237657864523537,0.9842249657064472
oc_12_10000_2000_2_0_p019_0800_1,2.9290780141843973,0.8678227767073463,0.9629300090252707,0.857030728313797,0.8710953219313115,0.9332151300236406,0.8772222222222222,0.8817489595391098,0.8416075650118203,0.9813921433494142
oc_12_10000_2000_2_0_p019_0830_1,3.047970479704797,0.8645355899086422,0.9614095107869949,0.8477560685250853,0.8619548638323211,0.932349323493235,0.8633257403189066,0.8614937221720378,0.8130381303813038,0.977810650887574
oc_12_10000_2000_2_0_p019_0870_1,3.286472148541114,0.8795528789075989,0.9677021503712872,0.8656181900959734,0.8847096186266026,0.9336870026525199,0.8911392405063291,0.846296479821177,0.7818302387267905,0.9833194328607172
oc_12_10000_2000_2_0_p019_0880_1,3.3714285714285714,0.8762528282165535,0.9669253657018363,0.8654738199287899,0.883543854206902,0.9374149659863945,0.8850353243416827,0.8570228225406262,0.7918367346938775,0.9889549702633815
oc_12_10000_2000_2_0_p019_0900_1,3.591304347826087,0.8647507679750591,0.9624790561868687,0.8476923126845749,0.8604527271956016,0.9311594202898551,0.8543882978723404,0.8472943037945164,0.7840579710144927,0.9783001808318263
oc_12_10000_2000_2_0_p019_0920_1,4.009708737864078,0.8640419366500683,0.9618563791989664,0.8338190773758065,0.8537441501033319,0.9182847896440129,0.8508245877061469,0.8327814176933862,0.7702265372168284,0.9635627530364372
oc_12_10000_2500_2_6_p019_0710_1,2.898245614035088,0.8802079931144849,0.9678545904590459,0.8733443387516666,0.8944159748918958,0.9333333333333333,0.910439247005134,0.853369042015356,0.7894736842105263,0.9926470588235294
oc_12_10000_2500_2_6_p019_0770_1,2.996372430471584,0.8907246119298343,0.9717245537065053,0.8819193738590405,0.9074212698054648,0.9328899637243047,0.9283995186522263,0.8541990285692661,0.7908101571946796,0.990909090909091
oc_12_10000_2500_2_6_p019_0800_1,3.089775561097257,0.8731170618887478,0.9665623170731708,0.8611883242416909,0.8860828178147604,0.9226932668329177,0.9057527539779682,0.8336569887613607,0.7630922693266833,0.9863013698630136
oc_12_10000_2500_2_6_p019_0830_1,3.205692108667529,0.8767683652753201,0.9674850046139649,0.8587103508853375,0.8862600165912632,0.9178525226390686,0.9090326713645099,0.8286046223996686,0.7470892626131953,0.9939759036144579
oc_12_10000_2500_2_6_p019_0870_1,3.4852320675105486,0.8742821794959091,0.9672142050799624,0.8612634036732536,0.8917375817963115,0.919831223628692,0.9121338912133892,0.8134221282992357,0.7229254571026723,0.991321118611379
oc_12_10000_2500_2_6_p019_0880_1,3.552688172043011,0.8709279016107824,0.9661352227995591,0.8417255920236433,0.8770095151621959,0.8946236559139785,0.9129480614484272,0.7818136557101909,0.6767025089605735,0.989517819706499
oc_12_10000_2500_2_6_p019_0900_1,3.786096256684492,0.8757981469185058,0.9673627294493217,0.8519143367945601,0.880886779645301,0.9121466768525592,0.8997739261492087,0.7961046523018692,0.6898395721925134,0.9955898566703418
oc_12_10000_2500_2_6_p019_0920_1,4.2107051826678,0.8830007020061701,0.9703951410402739,0.8621712165235397,0.8927578836496942,0.913338997451147,0.913338997451147,0.7863968263775168,0.6711979609175871,0.9949622166246851
oc_12_10000_3000_3_1_p019_0710_1,3.480337078651685,0.8979848787441257,0.9745508307210031,0.8928905947752828,0.9125856617591706,0.9360955056179775,0.9282729805013927,0.8533509330813956,0.7823033707865169,0.9919857524487978
oc_12_10000_3000_3_1_p019_0770_1,3.6201607012417822,0.9070785032224549,0.9776060395256917,0.9051603690451768,0.9247842293492317,0.9379108838568299,0.9441176470588235,0.8358031131655198,0.7531044558071585,0.9932562620423893
oc_12_10000_3000_3_1_p019_0800_1,3.777439024390244,0.8879175269542008,0.9713289566049776,0.8709115843122575,0.8965810905535352,0.9207317073170732,0.9158453373768006,0.8353627893731924,0.756859756097561,0.9860973187686196
oc_12_10000_3000_3_1_p019_0830_1,3.9584664536741214,0.8988764502171305,0.9753632731958763,0.8882554165909444,0.9057336719779394,0.9137380191693291,0.9354047424366312,0.823758251040271,0.7292332268370607,0.9956379498364231
oc_12_10000_3000_3_1_p019_0870_1,4.3321678321678325,0.8873468331264625,0.9705029836065574,0.8601499274343026,0.8825806093381322,0.9134615384615384,0.8962264150943396,0.8028683519639721,0.6975524475524476,0.991304347826087
oc_12_10000_3000_3_1_p019_0880_1,4.489130434782608,0.9035502547675022,0.9763213861386139,0.8786991912192904,0.909948068727066,0.9121376811594203,0.9402427637721755,0.8134523552669053,0.7092391304347826,0.9949174078780177
oc_12_10000_3000_3_1_p019_0900_1,4.8116504854368936,0.8942663780876751,0.9737136151019045,0.8748914963788065,0.8914146307766717,0.9019417475728155,0.9179841897233202,0.7760837475305058,0.6553398058252428,0.9882869692532943
oc_12_10000_3000_3_1_p019_0920_1,5.518930957683741,0.9017644912414314,0.9752353946019816,0.8638256843208386,0.8884097203856921,0.9008908685968819,0.9100112485939258,0.7901951831185836,0.6625835189309577,1.0
oc_12_10000_3500_3_5_p019_0710_1,4.147280334728033,0.9094532326452172,0.9772472606080312,0.8911575307816659,0.9114460333451918,0.9154811715481171,0.9414802065404475,0.8423670595744329,0.7548117154811715,0.9966850828729282
oc_12_10000_3500_3_5_p019_0770_1,4.324607329842932,0.9262737345008952,0.9830248607014094,0.9206739674200081,0.9353340850826528,0.9432809773123909,0.9515845070422535,0.8601054753467514,0.7844677137870855,0.9922737306843267
oc_12_10000_3500_3_5_p019_0800_1,4.493200362647325,0.9125969395625764,0.9775398415580129,0.8879092710594422,0.8987179419122867,0.9038984587488668,0.9300373134328358,0.8238900233352476,0.7280145058930191,0.991358024691358
oc_12_10000_3500_3_5_p019_0830_1,4.760806916426513,0.9011871483674151,0.9747549107887277,0.870970239675015,0.8881805114244099,0.8904899135446686,0.9242273180458624,0.7991133105019159,0.6878001921229587,0.9916897506925207
oc_12_10000_3500_3_5_p019_0870_1,5.294871794871795,0.9061986422360085,0.9761904616429057,0.8706215682645985,0.8885216859815828,0.8952991452991453,0.9168490153172867,0.7902710939015786,0.6677350427350427,0.9952229299363057
oc_12_10000_3500_3_5_p019_0880_1,5.53125,0.916503675500222,0.9794115003417635,0.8805923831526414,0.9041095599529823,0.9051339285714286,0.9321839080459771,0.8006498321492992,0.6808035714285714,0.9967320261437909
oc_12_10000_3500_3_5_p019_0900_1,6.126081582200247,0.9162973076205436,0.9801484475281873,0.8883457986199984,0.9101806995029685,0.9011124845488258,0.944300518134715,0.7692097556658497,0.630407911001236,0.99609375
oc_12_10000_3500_3_5_p019_0920_1,7.193033381712627,0.9216404547534461,0.9814844995571302,0.8812559333768916,0.8960257424393021,0.8911465892597968,0.9260935143288085,0.7825666301212882,0.6444121915820029,0.9977528089887641
oc_12_10000_4000_4_0_p019_0710_1,4.887573964497041,0.9184446358614841,0.9801885092127303,0.8949866830145237,0.9171582228749431,0.9161735700197239,0.9460285132382892,0.8347300679737277,0.7357001972386588,0.998661311914324
oc_12_10000_4000_4_0_p019_0770_1,5.211356466876971,0.9235797962234544,0.9817241747079736,0.9002437487711697,0.9109139397926108,0.9022082018927445,0.9480662983425414,0.8489371512916105,0.7592008412197687,0.9944903581267218
oc_12_10000_4000_4_0_p019_0800_1,5.518930957683741,0.916099471225837,0.9801387598223437,0.8867891092179905,0.9058972897911944,0.8997772828507795,0.940628637951106,0.8578613969240296,0.7706013363028953,0.99568345323741
oc_12_10000_4000_4_0_p019_0830_1,5.9,0.9212782678237691,0.9816847135955832,0.8989110225825432,0.9135115782521688,0.9130952380952381,0.9388004895960832,0.8120732089309686,0.6976190476190476,0.9949066213921901
oc_12_10000_4000_4_0_p019_0870_1,6.752043596730245,0.9001967247335564,0.9750949033391916,0.8479576542434517,0.8663164959591116,0.8705722070844687,0.8962131837307152,0.7686115903045329,0.6267029972752044,0.9956709956709957
oc_12_10000_4000_4_0_p019_0880_1,7.0,0.9268484450243544,0.9817929201977401,0.8843967092564895,0.8877376912745294,0.8714689265536724,0.93202416918429,0.7847470235019187,0.6468926553672316,1.0
oc_12_10000_4000_4_0_p019_0900_1,7.955056179775281,0.9178349508182476,0.9800338770388959,0.8697604429333717,0.8802380004494719,0.869983948635634,0.9170896785109983,0.7515936445946463,0.5955056179775281,0.9973118279569892
oc_12_10000_4000_4_0_p019_0920_1,10.012121212121212,0.9318689276187134,0.9843831040176114,0.8866212210960521,0.8909820723967131,0.8545454545454545,0.9484304932735426,0.7007147417242559,0.5191919191919192,0.9922779922779923
oc_12_10000_500_0_5_p019_0710_1,2.742667404537908,0.9713870115201079,0.9948933017891468,0.9800005328662127,0.9845112919275231,0.987825124515772,0.9894678492239468,0.9810920722375931,0.9762036524626453,0.9960474308300395
oc_12_10000_500_0_5_p019_0770_1,2.8450057405281286,0.9680614870812653,0.9942916392953121,0.9769260322865314,0.9817585105308303,0.9856486796785304,0.9873490511788384,0.9755217853293493,0.9672789896670494,0.9964518036664696
oc_12_10000_500_0_5_p019_0800_1,2.9290780141843973,0.9647373987517023,0.993943757521059,0.9757352552981615,0.9801598032689183,0.983451536643026,0.9869513641755635,0.9781541277596876,0.9716312056737588,0.9957601453664445
oc_12_10000_500_0_5_p019_0830_1,3.047970479704797,0.9627531563667044,0.9931262078395624,0.9758617586845998,0.9796685138437227,0.9895448954489545,0.9799025578562729,0.9745959035155511,0.971709717097171,0.9899749373433584
oc_12_10000_500_0_5_p019_0870_1,3.286472148541114,0.9656159862083972,0.9934916150990099,0.9756808739700824,0.9789033351846999,0.9887267904509284,0.9789888378200919,0.9774391613556753,0.9728116710875332,0.9925575101488497
oc_12_10000_500_0_5_p019_0880_1,3.3714285714285714,0.9657679901686422,0.9937032212885154,0.9734792384153288,0.9783950945712819,0.9836734693877551,0.9830047586675731,0.9747717993575981,0.9673469387755103,0.9937106918238994
oc_12_10000_500_0_5_p019_0900_1,3.591304347826087,0.957905238676616,0.9918801294191919,0.9689256678322998,0.9723712557189783,0.9847826086956522,0.9721030042918455,0.9697593740653245,0.967391304347826,0.985239852398524
oc_12_10000_500_0_5_p019_0920_1,4.009708737864078,0.968424805085675,0.9943747900516796,0.9783433687583377,0.9787724206022709,0.9830097087378641,0.9830097087378641,0.9715481613661114,0.9627831715210357,0.9916666666666667
oc_12_1000_1000_1_0_p019_0710_1,27.38121546961326,0.9164479858268423,0.9804216079423789,0.8298662237294809,0.7329927140396425,0.8453038674033149,0.6538461538461539,0.7758200919900194,0.712707182320442,0.86
oc_12_1000_1000_1_0_p019_0770_1,28.32,0.9257247496852414,0.9835532839602417,0.8844276148997242,0.7686304800436553,0.9142857142857143,0.6611570247933884,0.8215094735270698,0.7657142857142857,0.8933333333333333
oc_12_1000_1000_1_0_p019_0800_1,29.152941176470588,0.9105729027277552,0.9787778969957082,0.818671783832237,0.7298921363621086,0.8588235294117647,0.6375545851528385,0.7823103271717645,0.7411764705882353,0.84
oc_12_1000_1000_1_0_p019_0830_1,30.404907975460123,0.8969341533516835,0.9742002148857198,0.8479182698508596,0.6642703960273748,0.901840490797546,0.5086505190311419,0.7949618836077181,0.7177914110429447,0.8931297709923665
oc_12_1000_1000_1_0_p019_0870_1,32.82119205298013,0.9068630409681298,0.9791201488153515,0.8302065557528997,0.7495658838801327,0.847682119205298,0.6772486772486772,0.7202953949432842,0.5761589403973509,0.9157894736842105
oc_12_1000_1000_1_0_p019_0880_1,33.714285714285715,0.9108102457220155,0.9790690966098373,0.8739358830477542,0.6953148388075632,0.8979591836734694,0.5546218487394958,0.7542803746654657,0.7210884353741497,0.803030303030303
oc_12_1000_1000_1_0_p019_0900_1,35.65467625899281,0.8826142360092899,0.9693765260058881,0.7025111972318541,0.5266820449650118,0.7841726618705036,0.3771626297577855,0.6388076081474614,0.4676258992805755,0.8904109589041096
oc_12_1000_1000_1_0_p019_0920_1,39.96774193548387,0.8988512243972923,0.9764073031496063,0.7646913881340712,0.642486440887379,0.8145161290322581,0.5233160621761658,0.7197220111170737,0.5967741935483871,0.8809523809523809
oc_12_1000_1500_1_5_p019_0710_1,27.38121546961326,0.915569357321974,0.9804283823243138,0.7768525929039595,0.7193990946856658,0.7900552486187845,0.6745283018867925,0.6827424370696097,0.49171270718232046,0.967391304347826
oc_12_1000_1500_1_5_p019_0770_1,28.32,0.921142910351223,0.9805529916195673,0.7877548197495401,0.6857982890521204,0.8,0.6086956521739131,0.7382616122475898,0.6171428571428571,0.9
oc_12_1000_1500_1_5_p019_0800_1,29.152941176470588,0.9230088474191703,0.9814980491611393,0.8210504881712938,0.6827503333383962,0.788235294117647,0.6118721461187214,0.6604903486584237,0.49411764705882355,0.9032258064516129
oc_12_1000_1500_1_5_p019_0830_1,30.404907975460123,0.8942854678170462,0.9729035163117796,0.7498813371785704,0.6130162997549508,0.8098159509202454,0.4870848708487085,0.6801879993307133,0.5705521472392638,0.8303571428571429
oc_12_1000_1500_1_5_p019_0870_1,32.82119205298013,0.9283088786100796,0.9842478363031134,0.7753905688498994,0.7079228313730105,0.6821192052980133,0.7518248175182481,0.5752682781513434,0.3443708609271523,0.9811320754716981
oc_12_1000_1500_1_5_p019_0880_1,33.714285714285715,0.9263480799731828,0.9836600431118949,0.7639830170748567,0.6682893014806028,0.7142857142857143,0.6441717791411042,0.5116555703882787,0.29931972789115646,0.8979591836734694
oc_12_1000_1500_1_5_p019_0900_1,35.65467625899281,0.8632078459424651,0.9607688910696761,0.6367823235529325,0.4193990725368167,0.6906474820143885,0.2831858407079646,0.5513129726822673,0.3669064748201439,0.85
oc_12_1000_1500_1_5_p019_0920_1,39.96774193548387,0.9145170068233242,0.9814502165354331,0.7594989673136909,0.6151110045566685,0.6854838709677419,0.5704697986577181,0.43914970406803727,0.25,0.7948717948717948
oc_12_1000_2000_2_0_p019_0710_1,27.38121546961326,0.8796567480655153,0.9690040101226397,0.5997730591786938,0.5468393693962452,0.6464088397790055,0.4936708860759494,0.5877138358869175,0.3701657458563536,0.9571428571428572
oc_12_1000_2000_2_0_p019_0770_1,28.32,0.9184925277895593,0.9808253167023971,0.7078895191424137,0.6568684422921711,0.6685714285714286,0.6685714285714286,0.5991848784605412,0.4,0.9210526315789473
oc_12_1000_2000_2_0_p019_0800_1,29.152941176470588,0.9077831531501943,0.9774989465470152,0.7282673567515606,0.6268286351203027,0.6764705882352942,0.6052631578947368,0.5373570166844692,0.35294117647058826,0.8450704225352113
oc_12_1000_2000_2_0_p019_0830_1,30.404907975460123,0.8959828783397966,0.9725385817542489,0.7281023927184015,0.5698224762096153,0.7607361963190185,0.45255474452554745,0.6688466283455353,0.49079754601226994,0.9302325581395349
oc_12_1000_2000_2_0_p019_0870_1,32.82119205298013,0.8790481158088318,0.9721362247895046,0.5298946419600249,0.5229973064586441,0.48344370860927155,0.5934959349593496,0.41755820861865567,0.18543046357615894,0.9655172413793104
oc_12_1000_2000_2_0_p019_0880_1,33.714285714285715,0.9048547899608989,0.978605663335293,0.6485361165921236,0.604914499702348,0.5510204081632653,0.6864406779661016,0.36421843544286686,0.1360544217687075,1.0
oc_12_1000_2000_2_0_p019_0900_1,35.65467625899281,0.8562848150329826,0.9615056329735034,0.5474677381208921,0.40592235858690184,0.5971223021582733,0.3062730627306273,0.1118661224442342,0.04316546762589928,0.3333333333333333
oc_12_1000_2000_2_0_p019_0920_1,39.96774193548387,0.8842525696554505,0.9734446653543307,0.5881888527984314,0.4304483810685376,0.4274193548387097,0.4608695652173913,0.23501189785258494,0.08064516129032258,0.7142857142857143
oc_12_1000_2500_2_6_p019_0710_1,28.982456140350877,0.9100858938759248,0.9787124049151551,0.6901575663474389,0.6392319354142028,0.631578947368421,0.6708074534161491,0.550212302780822,0.30994152046783624,1.0
oc_12_1000_2500_2_6_p019_0770_1,29.5,0.9186709855663634,0.9818588407494145,0.7221796562341332,0.6493041965444339,0.6130952380952381,0.7103448275862069,0.5335424224969162,0.2976190476190476,0.9803921568627451
oc_12_1000_2500_2_6_p019_0800_1,30.782608695652176,0.9045163411008715,0.9775465897987102,0.6730816092097174,0.6235632198686044,0.6894409937888198,0.5873015873015873,0.5548424595589944,0.36024844720496896,0.8787878787878788
oc_12_1000_2500_2_6_p019_0830_1,32.18181818181818,0.9176741030105966,0.9810472798434442,0.6894498118539676,0.6205262750100429,0.6298701298701299,0.6339869281045751,0.5750770651303618,0.34415584415584416,0.9814814814814815
oc_12_1000_2500_2_6_p019_0870_1,34.179310344827584,0.880460681205365,0.9718362673985493,0.5549021187668465,0.5269321267237665,0.5517241379310345,0.5298013245033113,0.3704746842051428,0.16551724137931034,0.8571428571428571
oc_12_1000_2500_2_6_p019_0880_1,35.148936170212764,0.9249986422337001,0.9836001569550716,0.7071988392634302,0.6540367306375648,0.5957446808510638,0.7368421052631579,0.44054648298176396,0.20567375886524822,0.9666666666666667
oc_12_1000_2500_2_6_p019_0900_1,37.54545454545455,0.8190710543309376,0.9496776729559748,0.3459599405089626,0.21307100783738134,0.3712121212121212,0.15960912052117263,0.14883114810511228,0.022727272727272728,1.0
oc_12_1000_2500_2_6_p019_0920_1,42.724137931034484,0.9136318685625264,0.9834096411671924,0.624942596809812,0.6562045260150544,0.49137931034482757,0.890625,0.34388343767890617,0.1206896551724138,1.0
oc_12_1000_3000_3_1_p019_0710_1,35.148936170212764,0.9166958195944197,0.982413301942319,0.7417374841158566,0.6750545775120254,0.6382978723404256,0.7317073170731707,0.4866070114359775,0.2624113475177305,0.925
oc_12_1000_3000_3_1_p019_0770_1,36.71111111111111,0.9111088613391751,0.9800969357690041,0.5934145871096725,0.5809463944443615,0.5259259259259259,0.6635514018691588,0.5114940664177923,0.2814814814814815,0.95
oc_12_1000_3000_3_1_p019_0800_1,37.54545454545455,0.9022212744703072,0.9768458136792453,0.6218095526873648,0.551017090561638,0.6590909090909091,0.48333333333333334,0.5596074406364638,0.3409090909090909,0.9375
oc_12_1000_3000_3_1_p019_0830_1,39.648,0.9059172604533299,0.9784185002952175,0.6063159738349317,0.5214652865024417,0.52,0.5462184873949579,0.43377550663228864,0.2,0.9615384615384616
oc_12_1000_3000_3_1_p019_0870_1,43.095652173913045,0.9030643832762301,0.9783468941037271,0.5674971979363169,0.5039112364919132,0.48695652173913045,0.5436893203883495,0.44311961373433895,0.2,1.0
oc_12_1000_3000_3_1_p019_0880_1,44.648648648648646,0.9013558097368595,0.9792455693704362,0.5540799238633833,0.3895795958106634,0.3153153153153153,0.5072463768115942,0.23007086006368335,0.05405405405405406,1.0
oc_12_1000_3000_3_1_p019_0900_1,47.2,0.8670834532805689,0.9672091088717645,0.2844296717347382,0.16358063710205958,0.2,0.16666666666666666,0.0,0.0,0.0
oc_12_1000_3000_3_1_p019_0920_1,55.68539325842696,0.9080665864491896,0.9822119127849356,0.47658001156344354,0.4931947374420145,0.38202247191011235,0.6538461538461539,0.3488272325791883,0.12359550561797752,1.0
oc_12_1000_3500_3_5_p019_0710_1,40.95867768595041,0.9241375991606191,0.9840583218436084,0.6632413476530998,0.6559929275414041,0.5619834710743802,0.7816091954022989,0.5702610970850932,0.33884297520661155,0.9761904761904762
oc_12_1000_3500_3_5_p019_0770_1,43.473684210526315,0.9300261869541745,0.9856797633136095,0.7153634694196966,0.6984009904258077,0.6666666666666666,0.7450980392156863,0.6308694640174812,0.41228070175438597,0.9791666666666666
oc_12_1000_3500_3_5_p019_0800_1,44.25,0.9244454536439033,0.9839047553275454,0.6499760140657158,0.6094810947066188,0.5625,0.6774193548387096,0.5046420748757162,0.25892857142857145,1.0
oc_12_1000_3500_3_5_p019_0830_1,48.116504854368934,0.941251306458863,0.9884006918363313,0.7264943740563043,0.6565826378152798,0.5728155339805825,0.7662337662337663,0.4789891986663751,0.24271844660194175,0.9615384615384616
oc_12_1000_3500_3_5_p019_0870_1,53.869565217391305,0.9130877396533464,0.980721909667195,0.6612658973783925,0.5477809866067609,0.6521739130434783,0.47619047619047616,0.4629020440398359,0.21739130434782608,1.0
oc_12_1000_3500_3_5_p019_0880_1,55.68539325842696,0.9178342002825784,0.9835843012884044,0.6882805394829435,0.4729972206736844,0.3595505617977528,0.64,0.29739226158364374,0.0898876404494382,1.0
oc_12_1000_3500_3_5_p019_0900_1,60.4390243902439,0.8815393514746633,0.9709717546645494,0.30923956435323796,-0.01695118973441741,0.0,0.0,0.0,0.0,0.0
oc_12_1000_3500_3_5_p019_0920_1,72.88235294117646,0.8944942337530475,0.9775940883757962,0.35229771811069255,0.18755938464170513,0.11764705882352941,0.32,0.0,0.0,0.0
oc_12_1000_4000_4_0_p019_0710_1,49.06930693069307,0.9357889912574717,0.987151433656318,0.6791338914789453,0.6373047746734558,0.5544554455445545,0.7466666666666667,0.5677238202939474,0.32673267326732675,1.0
oc_12_1000_4000_4_0_p019_0770_1,52.16842105263158,0.9200944707935813,0.9851703425064343,0.6323070126431019,0.6410183762455506,0.5263157894736842,0.7936507936507936,0.5294938411264238,0.28421052631578947,1.0
oc_12_1000_4000_4_0_p019_0800_1,54.46153846153846,0.9232962270040987,0.9844409946502873,0.6487942581303694,0.6067133814223125,0.5714285714285714,0.6582278481012658,0.46548480414568305,0.21978021978021978,1.0
oc_12_1000_4000_4_0_p019_0830_1,58.305882352941175,0.91844657192212,0.9851960325332275,0.5594840898792786,0.5121946309959702,0.3411764705882353,0.7837837837837838,0.2151791592143798,0.047058823529411764,1.0
oc_12_1000_4000_4_0_p019_0870_1,67.89041095890411,0.8926834990353727,0.9785490355935573,0.32751859719904275,0.3433970890312932,0.2876712328767123,0.42857142857142855,0.1162001220692771,0.0136986301369863,1.0
oc_12_1000_4000_4_0_p019_0880_1,71.82608695652173,0.9198966732082136,0.9846456119402985,0.6234848093331478,0.5090040341733857,0.391304347826087,0.675,0.1691120336785887,0.028985507246376812,1.0
oc_12_1000_4000_4_0_p019_0900_1,79.93548387096774,0.8513395576927407,0.9628870864886409,0.08370078399758829,0.039119145674485066,0.0967741935483871,0.03550295857988166,-0.0035323712856007855,0.0,0.0
oc_12_1000_4000_4_0_p019_0920_1,99.12,0.9078379540240908,0.9826960047942469,0.32433115902005105,0.31462383204377714,0.18,0.5625,0.0,0.0,0.0
oc_12_1000_500_0_5_p019_0710_1,27.38121546961326,0.9232915690161474,0.986255460385439,0.9109771655711859,0.87170800421578,0.9281767955801105,0.8275862068965517,0.926367805717491,0.8895027624309392,0.9698795180722891
oc_12_1000_500_0_5_p019_0770_1,28.32,0.9326231170364654,0.9873672383550964,0.9340936149786526,0.9038824732974677,0.9428571428571428,0.873015873015873,0.957934328579272,0.9371428571428572,0.9820359281437125
oc_12_1000_500_0_5_p019_0800_1,29.152941176470588,0.9226464826654909,0.9848630316035896,0.934014605193199,0.868522694047717,0.9470588235294117,0.805,0.9255799734482231,0.9058823529411765,0.9506172839506173
oc_12_1000_500_0_5_p019_0830_1,30.404907975460123,0.9372836824422686,0.9898663801523735,0.9484072352691827,0.8973722128886934,0.9570552147239264,0.8478260869565217,0.9452379058454498,0.9263803680981595,0.967948717948718
oc_12_1000_500_0_5_p019_0870_1,32.82119205298013,0.9255734872832581,0.9855879772860779,0.9520661867509913,0.8807118222170782,0.9602649006622517,0.8146067415730337,0.9588122620634338,0.9536423841059603,0.9664429530201343
oc_12_1000_500_0_5_p019_0880_1,33.714285714285715,0.9560945626487293,0.9925242994317068,0.9821955165141482,0.8817084990695467,0.9931972789115646,0.7891891891891892,0.9304368907475358,0.9387755102040817,0.9261744966442953
oc_12_1000_500_0_5_p019_0900_1,35.65467625899281,0.8431373364537885,0.9544383120706575,0.9678925419330298,0.5133900112201216,0.9928057553956835,0.2857142857142857,0.896496074214539,0.9280575539568345,0.8716216216216216
oc_12_1000_500_0_5_p019_0920_1,39.96774193548387,0.9209047645375652,0.9849915748031496,0.9406943380949994,0.8121436001725488,0.9596774193548387,0.695906432748538,0.9338696659637065,0.9354838709677419,0.9354838709677419
oc_12_2500_1000_1_0_p019_0710_1,10.964601769911505,0.9192533995280507,0.9810330806213018,0.9232216941634146,0.8670317392876119,0.9668141592920354,0.7989031078610603,0.9054922837876143,0.8938053097345132,0.9330254041570438
oc_12_2500_1000_1_0_p019_0770_1,11.36697247706422,0.9248915112666326,0.9817864243323442,0.9296268424731714,0.8709326476924061,0.9724770642201835,0.8,0.897271949814601,0.9013761467889908,0.9097222222222222
oc_12_2500_1000_1_0_p019_0800_1,11.71631205673759,0.9103936167289306,0.9786237218813906,0.9240560570715431,0.8476609500833048,0.966903073286052,0.7659176029962547,0.9066562216035873,0.91725768321513,0.9107981220657277
oc_12_2500_1000_1_0_p019_0830_1,12.176904176904177,0.9219950857690207,0.9810816334141339,0.9279372686244358,0.8626894801276207,0.9656019656019657,0.7907444668008048,0.9181605904774931,0.9312039312039312,0.9176755447941889
oc_12_2500_1000_1_0_p019_0870_1,13.145888594164456,0.9173098054853478,0.9807470654415901,0.9186274616007278,0.8575083440517006,0.9549071618037135,0.7894736842105263,0.906604119065776,0.8859416445623343,0.9408450704225352
oc_12_2500_1000_1_0_p019_0880_1,13.467391304347826,0.9132167452121682,0.9792451728024042,0.9170552743818311,0.8411465257627513,0.9619565217391305,0.7564102564102564,0.8826580677999923,0.8858695652173914,0.8956043956043956
oc_12_2500_1000_1_0_p019_0900_1,14.323699421965317,0.8996533430813702,0.9751238589211618,0.9238655443240091,0.8291250641967264,0.9710982658959537,0.7288503253796096,0.8872964151362347,0.8959537572254336,0.8933717579250721
oc_12_2500_1000_1_0_p019_0920_1,15.987096774193548,0.9198964510444365,0.981031484998101,0.9117482979035998,0.824385479650963,0.9516129032258065,0.7338308457711443,0.8670651685455845,0.867741935483871,0.8819672131147541
oc_12_2500_1500_1_5_p019_0710_1,10.964601769911505,0.901675824192479,0.9749392011834319,0.8586677829003942,0.8116348534116102,0.911504424778761,0.753199268738574,0.8668680797142992,0.7876106194690266,0.9753424657534246
oc_12_2500_1500_1_5_p019_0770_1,11.36697247706422,0.8977971327317573,0.9729757789317507,0.8663360410166228,0.8107031287426752,0.9334862385321101,0.7333333333333333,0.8340857054152764,0.7752293577981652,0.9234972677595629
oc_12_2500_1500_1_5_p019_0800_1,11.71631205673759,0.9005113556569783,0.9746722439115078,0.8515476885426189,0.814547841259543,0.900709219858156,0.7650602409638554,0.8242741924400323,0.7565011820330969,0.9248554913294798
oc_12_2500_1500_1_5_p019_0830_1,12.176904176904177,0.8773028537706578,0.9646057430542607,0.8241075887212537,0.72532887192559,0.9066339066339066,0.6191275167785235,0.7920199890498852,0.7346437346437347,0.8846153846153846
oc_12_2500_1500_1_5_p019_0870_1,13.145888594164456,0.9088043826214927,0.977813407087943,0.8748250611261491,0.826522127108427,0.9204244031830239,0.7660044150110376,0.8090296405212561,0.7002652519893899,0.96
oc_12_2500_1500_1_5_p019_0880_1,13.467391304347826,0.9003013523482815,0.9743085462058603,0.831349481560195,0.7773666158127298,0.8641304347826086,0.7293577981651376,0.7624908271309842,0.6467391304347826,0.9296875
oc_12_2500_1500_1_5_p019_0900_1,14.323699421965317,0.8639987140518913,0.9608445303658997,0.7877223252096334,0.6671602723708108,0.8728323699421965,0.5500910746812386,0.7664777915343547,0.6647398843930635,0.9126984126984127
oc_12_2500_1500_1_5_p019_0920_1,15.987096774193548,0.9034493496854927,0.974675902012913,0.8378261774702298,0.7472866920464081,0.8870967741935484,0.6578947368421053,0.7716558717732037,0.7064516129032258,0.8690476190476191
oc_12_2500_2000_2_0_p019_0710_1,10.964601769911505,0.8967798639572868,0.9723892936390532,0.818177474633969,0.7805159596063692,0.8672566371681416,0.7382297551789078,0.8021369332731189,0.6769911504424779,0.9807692307692307
oc_12_2500_2000_2_0_p019_0770_1,11.36697247706422,0.9062298320301361,0.976272422106825,0.841101858523081,0.8174671620355429,0.8876146788990825,0.7818181818181819,0.8005158387232204,0.6788990825688074,0.9736842105263158
oc_12_2500_2000_2_0_p019_0800_1,11.71631205673759,0.8960696617456669,0.9729886410113404,0.8238683644478358,0.7871388171157,0.8770685579196218,0.7390438247011952,0.7850092610444386,0.6619385342789598,0.9621993127147767
oc_12_2500_2000_2_0_p019_0830_1,12.176904176904177,0.9000042143610341,0.9733566287525639,0.8239394141279935,0.7779402775359942,0.8771498771498771,0.7226720647773279,0.7809158776847023,0.6486486486486487,0.9705882352941176
oc_12_2500_2000_2_0_p019_0870_1,13.145888594164456,0.9064119883504859,0.9775028501781361,0.8331694069608144,0.8157149988986926,0.8594164456233422,0.8,0.7003549687351824,0.5172413793103449,0.9848484848484849
oc_12_2500_2000_2_0_p019_0880_1,13.467391304347826,0.9081665790761121,0.977138298271976,0.8142927030794543,0.7915474832434513,0.845108695652174,0.7698019801980198,0.7488207660283691,0.592391304347826,0.9775784753363229
oc_12_2500_2000_2_0_p019_0900_1,14.323699421965317,0.87700609935487,0.9662395322519803,0.7701602571827386,0.6992491944220168,0.8526011560693642,0.6107660455486542,0.7373040665496937,0.569364161849711,0.985
oc_12_2500_2000_2_0_p019_0920_1,15.987096774193548,0.9045601429729058,0.975347455374098,0.8071459655877027,0.7562375231876425,0.8419354838709677,0.7073170731707317,0.6729408077799833,0.5290322580645161,0.8913043478260869
oc_12_2500_2500_2_6_p019_0710_1,11.552447552447552,0.8973111266006764,0.9741264623955431,0.7880305496896958,0.8024433193924719,0.8181818181818182,0.8181818181818182,0.7464557747432132,0.5874125874125874,0.984375
oc_12_2500_2500_2_6_p019_0770_1,11.85645933014354,0.9027317252801791,0.9768430777819129,0.818592732568824,0.8203052918166107,0.8373205741626795,0.831353919239905,0.709198634954006,0.5382775119617225,0.974025974025974
oc_12_2500_2500_2_6_p019_0800_1,12.359102244389028,0.9041759897155663,0.9755103042747807,0.8115234424847086,0.7780715094494611,0.8254364089775561,0.7662037037037037,0.7373535878964627,0.5835411471321695,0.9669421487603306
oc_12_2500_2500_2_6_p019_0830_1,12.973821989528796,0.8956760393518302,0.9737884975646309,0.7810155409158892,0.7678972215199936,0.819371727748691,0.7524038461538461,0.7120574723626558,0.5392670157068062,0.976303317535545
oc_12_2500_2500_2_6_p019_0870_1,14.0,0.9187255242313062,0.9806030508474576,0.8439762574048746,0.8309556879024619,0.844632768361582,0.8398876404494382,0.686396610610406,0.4943502824858757,0.9887005649717514
oc_12_2500_2500_2_6_p019_0880_1,14.11965811965812,0.9231464485695647,0.9816378933484078,0.8254233742725694,0.8152685390764789,0.792022792022792,0.8633540372670807,0.6557083175432424,0.45584045584045585,0.9815950920245399
oc_12_2500_2500_2_6_p019_0900_1,15.249230769230769,0.8795442099939782,0.968291213785268,0.7126257337559008,0.6950129642884268,0.7753846153846153,0.6596858638743456,0.6420447991380123,0.4276923076923077,1.0
oc_12_2500_2500_2_6_p019_0920_1,16.5752508361204,0.9115661459252093,0.9791877830637488,0.7950295160843426,0.7682931328334309,0.7391304347826086,0.8246268656716418,0.5553706278368699,0.3210702341137124,1.0
oc_12_2500_3000_3_1_p019_0710_1,13.805013927576601,0.9240880013974252,0.9819667544684855,0.8458635938382895,0.8163410107047782,0.8133704735376045,0.8439306358381503,0.732425236484045,0.5682451253481894,0.9760765550239234
oc_12_2500_3000_3_1_p019_0770_1,14.619469026548673,0.9162576726499116,0.9796826628895184,0.8121957825290035,0.7860111248060884,0.7728613569321534,0.8264984227129337,0.7413582054366763,0.5781710914454278,0.98
oc_12_2500_3000_3_1_p019_0800_1,15.018181818181818,0.9002620576046668,0.9756672909572456,0.7638007913793763,0.7808219131126014,0.803030303030303,0.7863501483679525,0.7315378928645392,0.5757575757575758,0.9595959595959596
oc_12_2500_3000_3_1_p019_0830_1,15.634069400630915,0.9032016313893925,0.9758582969846388,0.7662154174235642,0.7612307718963855,0.7854889589905363,0.7661538461538462,0.7366494367875123,0.5678233438485805,0.9836065573770492
oc_12_2500_3000_3_1_p019_0870_1,17.512367491166078,0.9141113829429081,0.9793475281542279,0.7642251362800297,0.7699617780475606,0.7667844522968198,0.7977941176470589,0.6830378001648665,0.4840989399293286,0.9927536231884058
oc_12_2500_3000_3_1_p019_0880_1,17.7,0.9201573557892027,0.9801572192513369,0.7776729457541204,0.7483331182712402,0.7321428571428571,0.7915057915057915,0.6656915375976147,0.46785714285714286,0.9776119402985075
oc_12_2500_3000_3_1_p019_0900_1,19.284046692607003,0.9018602897258028,0.9751610780740456,0.7299348912588368,0.7029100466233481,0.7509727626459144,0.6868327402135231,0.601315956001201,0.377431906614786,0.9897959183673469
oc_12_2500_3000_3_1_p019_0920_1,22.026666666666667,0.9052678716163292,0.9777409187415557,0.6769539063485474,0.6846124908101998,0.6266666666666667,0.7747252747252747,0.5988437488118601,0.3688888888888889,1.0
oc_12_2500_3500_3_5_p019_0710_1,16.630872483221477,0.9355469845876472,0.9864462504758279,0.8446329080384448,0.8589872157501529,0.8355704697986577,0.8989169675090253,0.7832894005406118,0.6342281879194631,0.9895287958115183
oc_12_2500_3500_3_5_p019_0770_1,17.389473684210525,0.930278489682808,0.9849047128410608,0.8368585117087076,0.8373112346686897,0.8140350877192982,0.8787878787878788,0.7539699364092947,0.5964912280701754,0.9770114942528736
oc_12_2500_3500_3_5_p019_0800_1,18.087591240875913,0.9155609135988392,0.9802873422562142,0.7870901598086175,0.7743362398948038,0.7773722627737226,0.7947761194029851,0.7255525169481497,0.551094890510949,0.9805194805194806
oc_12_2500_3500_3_5_p019_0830_1,19.06153846153846,0.9164264052583648,0.9814414877300613,0.8090037542909082,0.79027842338148,0.8038461538461539,0.7977099236641222,0.7061097849603527,0.5153846153846153,0.9925925925925926
oc_12_2500_3500_3_5_p019_0870_1,21.17948717948718,0.9142002973532365,0.9795319267822736,0.7505339806667638,0.7719583874121229,0.7564102564102564,0.8082191780821918,0.641539460690139,0.43162393162393164,0.9805825242718447
oc_12_2500_3500_3_5_p019_0880_1,22.425339366515836,0.9245115533637812,0.9826433455669307,0.750614925894358,0.7069463006262108,0.6425339366515838,0.8022598870056498,0.5894990941666439,0.3574660633484163,1.0
oc_12_2500_3500_3_5_p019_0900_1,24.17560975609756,0.9064278503172194,0.9779735128850998,0.7273670820333289,0.712881685525376,0.7170731707317073,0.7313432835820896,0.41209090903722245,0.17560975609756097,1.0
oc_12_2500_3500_3_5_p019_0920_1,28.982456140350877,0.9239558462244711,0.9835363370392042,0.6700664302051421,0.6804858223798387,0.5497076023391813,0.8623853211009175,0.47721676380558586,0.23976608187134502,0.9761904761904762
oc_12_2500_4000_4_0_p019_0710_1,19.284046692607003,0.9165858288272292,0.9816208517168616,0.7570245428797888,0.791840893477455,0.7665369649805448,0.8382978723404255,0.7186173037156215,0.5330739299610895,0.9927536231884058
oc_12_2500_4000_4_0_p019_0770_1,21.27038626609442,0.9328778628875605,0.9860530159953749,0.8206944571127673,0.8249987068450064,0.776824034334764,0.8916256157635468,0.7034144231346418,0.5107296137339056,0.9916666666666667
oc_12_2500_4000_4_0_p019_0800_1,21.736842105263158,0.9270696173091264,0.9848728202160494,0.8137803686175645,0.8076503846332423,0.8070175438596491,0.8251121076233184,0.7146312133409843,0.5219298245614035,1.0
oc_12_2500_4000_4_0_p019_0830_1,23.826923076923077,0.9117119360481967,0.9803816421378776,0.7236349093550869,0.679609488670129,0.6153846153846154,0.7757575757575758,0.6123168404436081,0.38461538461538464,1.0
oc_12_2500_4000_4_0_p019_0870_1,27.23076923076923,0.8879836714824646,0.9714870766835344,0.5974691855293529,0.5266948547252539,0.5879120879120879,0.5047169811320755,0.5378040443308792,0.2967032967032967,1.0
oc_12_2500_4000_4_0_p019_0880_1,28.813953488372093,0.9438153644477242,0.9877969773790951,0.8179955785656812,0.7663702652568852,0.7151162790697675,0.8367346938775511,0.48190616799535463,0.23837209302325582,1.0
oc_12_2500_4000_4_0_p019_0900_1,32.18181818181818,0.8747438929591519,0.9678324657534246,0.5417502272129424,0.43419399722019614,0.5194805194805194,0.39603960396039606,0.3555997075243834,0.12987012987012986,1.0
oc_12_2500_4000_4_0_p019_0920_1,39.648,0.926920453083488,0.9857672702223972,0.6461740912154766,0.6412757492482412,0.448,0.9333333333333333,0.25095020455403233,0.072,0.9
oc_12_2500_500_0_5_p019_0710_1,10.964601769911505,0.9512996928855642,0.992242899408284,0.9586519641990724,0.9591346590607253,0.9668141592920354,0.9583333333333334,0.9583554572239855,0.9336283185840708,0.9906103286384976
oc_12_2500_500_0_5_p019_0770_1,11.36697247706422,0.9535795232611897,0.9919668954005935,0.9638100939589045,0.9557448729264363,0.9724770642201835,0.9464285714285714,0.962058429520043,0.9357798165137615,0.9951219512195122
oc_12_2500_500_0_5_p019_0800_1,11.71631205673759,0.9544984809928735,0.9919744934002602,0.9688904186102402,0.9514070179902002,0.9787234042553191,0.9324324324324325,0.9662921211250073,0.9527186761229315,0.9853300733496333
oc_12_2500_500_0_5_p019_0830_1,12.176904176904177,0.9571086866302525,0.9933438746969979,0.9600915487854466,0.9527579562670998,0.9680589680589681,0.9448441247002398,0.9622743402250113,0.941031941031941,0.9896640826873385
oc_12_2500_500_0_5_p019_0870_1,13.145888594164456,0.9236243834882689,0.9831369023063942,0.9647550052513294,0.9242962063675897,0.9814323607427056,0.8809523809523809,0.9611824282722949,0.9549071618037135,0.972972972972973
oc_12_2500_500_0_5_p019_0880_1,13.467391304347826,0.9620995601384481,0.9938642749812171,0.9640783299007025,0.9500799395575543,0.9728260869565217,0.9347258485639687,0.960224781236198,0.9510869565217391,0.9749303621169917
oc_12_2500_500_0_5_p019_0900_1,14.323699421965317,0.9001055576427588,0.9742126178800453,0.9473106939896401,0.794440132933221,0.9739884393063584,0.6726546906187625,0.9414149561984886,0.9479768786127167,0.9425287356321839
oc_12_2500_500_0_5_p019_0920_1,15.987096774193548,0.9543367204951689,0.9925323585263958,0.9552635298365268,0.9336857661493159,0.964516129032258,0.9115853658536586,0.9445781664190207,0.9354838709677419,0.9602649006622517
oc_12_5000_1000_1_0_p019_0710_1,5.482300884955753,0.927886862043715,0.9829748634812286,0.9367081145136962,0.9201341345684062,0.9712389380530974,0.8959183673469387,0.9365733758924669,0.9314159292035398,0.9611872146118722
oc_12_5000_1000_1_0_p019_0770_1,5.690011481056257,0.9139189622931235,0.9787054916766775,0.9246945949075066,0.9001533607369797,0.9712973593570609,0.863265306122449,0.924266687272711,0.9334098737083811,0.9377162629757786
oc_12_5000_1000_1_0_p019_0800_1,5.858156028368795,0.9178215886308914,0.9811902792140641,0.9301638691558375,0.9183283458151398,0.9704491725768322,0.8923913043478261,0.9337334287388397,0.9326241134751773,0.9540507859733979
oc_12_5000_1000_1_0_p019_0830_1,6.095940959409594,0.9281497799024649,0.9821134512047148,0.9270498552622687,0.9099999113100639,0.9630996309963099,0.8847457627118644,0.9281299936991263,0.9175891758917589,0.9588688946015425
oc_12_5000_1000_1_0_p019_0870_1,6.572944297082228,0.9217512573507569,0.9814308931698774,0.9263804320950495,0.9000052511432968,0.9615384615384616,0.8682634730538922,0.9356965088192839,0.9230769230769231,0.9653259361997226
oc_12_5000_1000_1_0_p019_0880_1,6.742857142857143,0.9229442334968598,0.9809847302758742,0.9238143787825461,0.895933654089822,0.964625850340136,0.8583535108958837,0.9123490722032191,0.9102040816326531,0.9369747899159664
oc_12_5000_1000_1_0_p019_0900_1,7.172214182344429,0.9008658954881946,0.9750629714892863,0.9073065475646985,0.8796147866678696,0.959479015918958,0.8350125944584383,0.9104285313293907,0.9015918958031838,0.9410876132930514
oc_12_5000_1000_1_0_p019_0920_1,8.019417475728156,0.9067147507275091,0.9769978112665949,0.9064689517123616,0.8679891059253441,0.959546925566343,0.813443072702332,0.8975263805718937,0.8915857605177994,0.9260504201680673
oc_12_5000_1500_1_5_p019_0710_1,5.482300884955753,0.9039509574404343,0.9744532423208191,0.8873388749838782,0.8820139446687731,0.9446902654867256,0.8591549295774648,0.9034850548737736,0.8606194690265486,0.9773869346733668
oc_12_5000_1500_1_5_p019_0770_1,5.690011481056257,0.8957336276696216,0.9722101767633431,0.8847829502210579,0.8691165954331516,0.9460390355912744,0.8365482233502538,0.8970047555484644,0.8725602755453502,0.9523809523809523
oc_12_5000_1500_1_5_p019_0800_1,5.858156028368795,0.8923408323380085,0.9716620130989314,0.8761872256335103,0.8657064292004863,0.942080378250591,0.8336820083682008,0.888432910393266,0.8605200945626478,0.9491525423728814
oc_12_5000_1500_1_5_p019_0830_1,6.095940959409594,0.858702201195354,0.9588218062055816,0.8378275607646595,0.7934657822517094,0.923739237392374,0.7369970559371933,0.8588252792257596,0.8314883148831488,0.9260273972602739
oc_12_5000_1500_1_5_p019_0870_1,6.572944297082228,0.889475989431565,0.9709022066549913,0.8567504010155906,0.8514105208360276,0.9230769230769231,0.8236686390532545,0.8582548078199175,0.7984084880636605,0.9585987261146497
oc_12_5000_1500_1_5_p019_0880_1,6.742857142857143,0.8988990259608167,0.973395782814971,0.8664211500426797,0.8499601333292216,0.926530612244898,0.8175270108043218,0.8532594215469613,0.7972789115646258,0.9497568881685575
oc_12_5000_1500_1_5_p019_0900_1,7.172214182344429,0.8796486125167494,0.9673086063396493,0.859721743691985,0.8250352141420038,0.9276410998552822,0.7750906892382105,0.8624075527125656,0.8002894356005789,0.9617391304347827
oc_12_5000_1500_1_5_p019_0920_1,8.019417475728156,0.8856658380948137,0.9693041801219949,0.8526459805565608,0.8211452436359792,0.9255663430420712,0.7667560321715817,0.8306538128229578,0.7896440129449838,0.9104477611940298
oc_12_5000_2000_2_0_p019_0710_1,5.482300884955753,0.8972886962935893,0.9733520477815699,0.8677869926087698,0.8666285251421328,0.922566371681416,0.8545081967213115,0.8536534790833995,0.7676991150442478,0.9914285714285714
oc_12_5000_2000_2_0_p019_0770_1,5.690011481056257,0.8840191252521445,0.968137978376523,0.8500372019920972,0.8361059511482432,0.9207807118254879,0.806841046277666,0.8634904391436053,0.799081515499426,0.9720670391061452
oc_12_5000_2000_2_0_p019_0800_1,5.858156028368795,0.8936217246326811,0.9709926921751121,0.8557591888846534,0.8493050827992165,0.9184397163120568,0.8283582089552238,0.8537772319821707,0.7848699763593381,0.9693430656934306
oc_12_5000_2000_2_0_p019_0830_1,6.095940959409594,0.8840539239621648,0.9673057202288091,0.8434028580305869,0.8311244095246314,0.9212792127921279,0.79596174282678,0.8562095114105165,0.7785977859778598,0.9798761609907121
oc_12_5000_2000_2_0_p019_0870_1,6.572944297082228,0.8962793413628174,0.9727520315236428,0.8510052544951668,0.8536826867355128,0.8992042440318302,0.8485607008760951,0.8220536299169922,0.7201591511936339,0.9819168173598554
oc_12_5000_2000_2_0_p019_0880_1,6.742857142857143,0.9060325470389591,0.9756258478299069,0.8550755195507694,0.8590626830689077,0.891156462585034,0.8641160949868074,0.8151777156197878,0.7034013605442176,0.988527724665392
oc_12_5000_2000_2_0_p019_0900_1,7.172214182344429,0.8811414588274505,0.9666125553391182,0.8240899659347012,0.8087963605654643,0.8986975397973951,0.7733499377334994,0.7995474850652019,0.6931982633863966,0.9676767676767677
oc_12_5000_2000_2_0_p019_0920_1,8.019417475728156,0.8915637619142965,0.9709257624686042,0.8362728574058303,0.8238630883225609,0.8980582524271845,0.7939914163090128,0.8102756540226398,0.7313915857605178,0.9377593360995851
oc_12_5000_2500_2_6_p019_0710_1,5.7560975609756095,0.8931867507147717,0.9734630393673714,0.8510949336888307,0.8764684822709862,0.8710801393728222,0.9179926560587516,0.785718460979733,0.6608594657375145,0.9912891986062717
oc_12_5000_2500_2_6_p019_0770_1,6.0,0.9024423379087609,0.9751821342096161,0.8552916052258048,0.8776416644862804,0.8934624697336562,0.8967193195625759,0.8040117387407761,0.6900726392251816,0.9878682842287695
oc_12_5000_2500_2_6_p019_0800_1,6.171855541718555,0.8756249188849274,0.9675224865428026,0.8113499714454535,0.8263628124421287,0.8667496886674969,0.8355342136854742,0.7799317432623583,0.6662515566625156,0.9692028985507246
oc_12_5000_2500_2_6_p019_0830_1,6.4363636363636365,0.8748335105441924,0.9675124694376528,0.809819578390907,0.832141868318102,0.8688311688311688,0.8415094339622642,0.770525951449689,0.6337662337662338,0.991869918699187
oc_12_5000_2500_2_6_p019_0870_1,6.912133891213389,0.8815359987838677,0.9697457782478407,0.8116276087644012,0.8429931865320075,0.8591352859135286,0.8663853727144867,0.7353032638669071,0.5801952580195258,0.9904761904761905
oc_12_5000_2500_2_6_p019_0880_1,7.130935251798562,0.8925249796497372,0.9732356397097859,0.8199895630830258,0.8551747508216087,0.8489208633093526,0.8966565349544073,0.7163383828611908,0.5553956834532374,0.9846938775510204
oc_12_5000_2500_2_6_p019_0900_1,7.54337899543379,0.8792073266440956,0.9692073222875468,0.8052833153873089,0.8287763480785038,0.8554033485540334,0.8425787106446777,0.7089837141466141,0.5388127853881278,0.9915966386554622
oc_12_5000_2500_2_6_p019_0920_1,8.414261460101867,0.9013017446045566,0.9761419657348963,0.8322765938183632,0.8501394642930632,0.8539898132427843,0.8778359511343804,0.7046726603773716,0.5246179966044142,1.0
oc_12_5000_3000_3_1_p019_0710_1,6.96067415730337,0.9128460521705272,0.9785645201129146,0.8764910118544281,0.8910798768752628,0.8904494382022472,0.9188405797101449,0.818440339239592,0.7078651685393258,0.9882352941176471
oc_12_5000_3000_3_1_p019_0770_1,7.235036496350365,0.9127248021832749,0.9785098209537316,0.8568015496232464,0.8757434751362247,0.8700729927007299,0.9113149847094801,0.8319883965771053,0.7299270072992701,0.9861932938856016
oc_12_5000_3000_3_1_p019_0800_1,7.577981651376147,0.911124179017127,0.9776795365418894,0.862693604858364,0.8713124793653797,0.8883792048929664,0.8843226788432268,0.8005676765264189,0.6819571865443425,0.9823788546255506
oc_12_5000_3000_3_1_p019_0830_1,7.904306220095694,0.9116822946553574,0.9778364320257926,0.8530155048858725,0.8555551014700167,0.8596491228070176,0.8836065573770492,0.7679823036922537,0.6251993620414673,0.98989898989899
oc_12_5000_3000_3_1_p019_0870_1,8.74074074074074,0.9111349520503254,0.9777651819663227,0.8543125734249266,0.8604074705111205,0.8589065255731922,0.8903107861060329,0.7312775066522681,0.5767195767195767,0.9761194029850746
oc_12_5000_3000_3_1_p019_0880_1,8.881720430107526,0.9192113043862699,0.9803046789989118,0.8512656940928567,0.8682718357389297,0.8530465949820788,0.9101338432122371,0.75162528061489,0.5967741935483871,0.9910714285714286
oc_12_5000_3000_3_1_p019_0900_1,9.660818713450292,0.9030359517765677,0.9752616931797403,0.8211865759752579,0.838021398649261,0.8557504873294347,0.8507751937984496,0.7160428800150049,0.5477582846003899,0.9825174825174825
oc_12_5000_3000_3_1_p019_0920_1,10.964601769911505,0.9214249525256704,0.9819043639053254,0.8549554666269512,0.8721515322074821,0.8738938053097345,0.891647855530474,0.7024862324804653,0.5176991150442478,0.9957446808510638
oc_12_5000_3500_3_5_p019_0710_1,8.301507537688442,0.9239683667982171,0.9823032775076536,0.8892095372218211,0.8976748697227944,0.897822445561139,0.9193825042881647,0.8089943380931135,0.6850921273031826,0.9927184466019418
oc_12_5000_3500_3_5_p019_0770_1,8.694736842105263,0.9230079860530755,0.9815535287730728,0.871488293553211,0.8798827213864002,0.875438596491228,0.9089253187613844,0.8177381862673834,0.7052631578947368,0.9828850855745721
oc_12_5000_3500_3_5_p019_0800_1,8.945848375451263,0.9237553974855277,0.9820486932849365,0.8803322168270666,0.8732380560348607,0.8646209386281588,0.9071969696969697,0.7892976574309444,0.6552346570397112,0.989100817438692
oc_12_5000_3500_3_5_p019_0830_1,9.53076923076923,0.9194634147132525,0.9809171475529583,0.8660850488579849,0.8746336996336996,0.8865384615384615,0.8865384615384615,0.7509608348454287,0.5903846153846154,0.9967532467532467
oc_12_5000_3500_3_5_p019_0870_1,10.63519313304721,0.9138826128121124,0.979096163777204,0.8532492863677967,0.8416249528788535,0.8626609442060086,0.8481012658227848,0.741814626641544,0.5815450643776824,0.9854545454545455
oc_12_5000_3500_3_5_p019_0880_1,11.0625,0.932281976150384,0.9841051073279052,0.8877271536974218,0.8604599553434308,0.8459821428571429,0.8981042654028436,0.720153912904726,0.5401785714285714,1.0
oc_12_5000_3500_3_5_p019_0900_1,12.206896551724139,0.9048463875890184,0.9749264826557255,0.7981489886652894,0.7750401571636462,0.7980295566502463,0.7864077669902912,0.6474110934194002,0.43842364532019706,1.0
oc_12_5000_3500_3_5_p019_0920_1,14.576470588235294,0.9201271402160454,0.9811580626888218,0.8105003331537509,0.8188916212829589,0.7911764705882353,0.8705501618122977,0.608032334548501,0.38529411764705884,1.0
oc_12_5000_4000_4_0_p019_0710_1,9.698630136986301,0.925327660002726,0.982899908542162,0.8645389898286995,0.8744016459945249,0.8493150684931506,0.9234042553191489,0.7930523361843312,0.6536203522504892,0.9970149253731343
oc_12_5000_4000_4_0_p019_0770_1,10.433684210526316,0.9204636122922578,0.9813406554962254,0.8512469065514784,0.8470855169077275,0.8189473684210526,0.9025522041763341,0.763979678940757,0.6168421052631579,0.9832214765100671
oc_12_5000_4000_4_0_p019_0800_1,10.916299559471366,0.9226169706747187,0.9820518114602588,0.8455790535699251,0.8623770117545129,0.8215859030837004,0.927860696517413,0.7731674154754307,0.6233480176211453,0.9929824561403509
oc_12_5000_4000_4_0_p019_0830_1,11.913461538461538,0.9226383171688621,0.9822973380491438,0.8466583289438903,0.8441433473755662,0.8221153846153846,0.890625,0.7704192859909242,0.6153846153846154,0.9961089494163424
oc_12_5000_4000_4_0_p019_0870_1,13.578082191780823,0.9241754743268307,0.9818769028378125,0.8377707013571938,0.8118684065283598,0.7835616438356164,0.8666666666666667,0.7223979607421864,0.5424657534246575,0.9949748743718593
oc_12_5000_4000_4_0_p019_0880_1,14.200573065902578,0.927377780181146,0.9830045805843544,0.8209120368024587,0.8120091764913653,0.7736389684813754,0.8766233766233766,0.7201979971156313,0.5386819484240688,0.9947089947089947
oc_12_5000_4000_4_0_p019_0900_1,16.249180327868853,0.9210250800207399,0.9809892796046379,0.8173671634881234,0.7967068094639048,0.8098360655737705,0.8071895424836601,0.6735593902646981,0.47540983606557374,0.9863945578231292
oc_12_5000_4000_4_0_p019_0920_1,19.824,0.9357187572555336,0.9871250096043027,0.8555065163508866,0.8654098147876744,0.808,0.9395348837209302,0.6228438031555652,0.408,0.9807692307692307
oc_12_5000_500_0_5_p019_0710_1,5.482300884955753,0.9663365614004701,0.9944494197952218,0.9789512939449229,0.9748247256083827,0.9900442477876106,0.9675675675675676,0.9796423980304327,0.9756637168141593,0.98989898989899
oc_12_5000_500_0_5_p019_0770_1,5.690011481056257,0.9685088526958203,0.9949293976317144,0.9795661427586385,0.9779003111700301,0.9885189437428243,0.9739819004524887,0.9810155791019256,0.9747416762342136,0.9929824561403509
oc_12_5000_500_0_5_p019_0800_1,5.858156028368795,0.9631681644644341,0.9936317821440882,0.9746183474791409,0.9752360484752594,0.9846335697399528,0.9731308411214953,0.9777353555361431,0.9692671394799054,0.9927360774818402
oc_12_5000_500_0_5_p019_0830_1,6.095940959409594,0.9621797828333226,0.9935613971225515,0.9743107251036496,0.972349008675809,0.985239852398524,0.967391304347826,0.969697668146066,0.958179581795818,0.9898348157560356
oc_12_5000_500_0_5_p019_0870_1,6.572944297082228,0.9562349029099839,0.9921580385288967,0.9703040657443524,0.9668096286593826,0.9827586206896551,0.9598445595854922,0.9730969347463734,0.96684350132626,0.986468200270636
oc_12_5000_500_0_5_p019_0880_1,6.742857142857143,0.9618418470769716,0.9929210859251449,0.9703523195506181,0.9616420755855863,0.9823129251700681,0.9512516469038208,0.9717073359872265,0.9659863945578231,0.984743411927878
oc_12_5000_500_0_5_p019_0900_1,7.172214182344429,0.9361594907125032,0.9867968301753143,0.9649303292572902,0.9514759954231163,0.9855282199710564,0.930327868852459,0.9660991347146798,0.9667149059334298,0.9737609329446064
oc_12_5000_500_0_5_p019_0920_1,8.019417475728156,0.9586307688889307,0.9932621994976677,0.9700534389391104,0.9657044984688521,0.9773462783171522,0.9617834394904459,0.9650896043588194,0.9530744336569579,0.9849498327759197
oc_12_500_1000_1_0_p019_0710_1,55.06666666666667,0.8995586741499936,0.978184879112168,0.655108897937422,0.5073937022908378,0.6,0.4462809917355372,0.5451070827070159,0.32222222222222224,0.9354838709677419
oc_12_500_1000_1_0_p019_0770_1,56.96551724137931,0.9060094887447724,0.9809739044219711,0.7763786964404423,0.6215153469137426,0.735632183908046,0.5378151260504201,0.5120060013461986,0.28735632183908044,0.9259259259259259
oc_12_500_1000_1_0_p019_0800_1,59.0,0.9180410871002835,0.9831578769841269,0.666827785128769,0.6121340380927228,0.6547619047619048,0.5851063829787234,0.5115607993936432,0.2976190476190476,0.8928571428571429
oc_12_500_1000_1_0_p019_0830_1,61.18518518518518,0.9009019983800967,0.9772225332539209,0.6851659404636786,0.4646264160725882,0.5925925925925926,0.38095238095238093,0.3984121378870125,0.20987654320987653,0.7727272727272727
oc_12_500_1000_1_0_p019_0870_1,66.08,0.8567831962587781,0.9664158815344862,0.49541777789005004,0.3334763461211062,0.4666666666666667,0.25735294117647056,0.3053114456333488,0.10666666666666667,0.8888888888888888
oc_12_500_1000_1_0_p019_0880_1,67.89041095890411,0.9155642820810106,0.9846961224895605,0.6468380229541393,0.5122428592408034,0.410958904109589,0.6521739130434783,0.0,0.0,0.0
oc_12_500_1000_1_0_p019_0900_1,71.82608695652173,0.896855305837617,0.9773416119402984,0.557493598023444,0.3396554271240091,0.4492753623188406,0.2743362831858407,0.3784474948970622,0.14492753623188406,1.0
oc_12_500_1000_1_0_p019_0920_1,79.93548387096774,0.8892868604185207,0.9799154643284177,0.50872134374477,0.46075295997694027,0.3548387096774194,0.6111111111111112,0.0,0.0,0.0
oc_12_500_1500_1_5_p019_0710_1,55.06666666666667,0.8746100454526177,0.9684368014268727,0.5828615594338662,0.4164312959103679,0.6555555555555556,0.28365384615384615,0.5022983872809241,0.26666666666666666,0.96
oc_12_500_1500_1_5_p019_0770_1,56.96551724137931,0.9312187282920493,0.9849883601031132,0.681346636447254,0.5438548885363613,0.5517241379310345,0.5517241379310345,0.4126801240839427,0.1839080459770115,0.9411764705882353
oc_12_500_1500_1_5_p019_0800_1,59.0,0.8857275460664427,0.9761984722222222,0.46783520336601303,0.4641918686518976,0.44047619047619047,0.5068493150684932,0.3713453511911296,0.17857142857142858,0.7894736842105263
oc_12_500_1500_1_5_p019_0830_1,61.18518518518518,0.8723186659244296,0.969377585864602,0.5698721005511086,0.36634237085002735,0.5308641975308642,0.2721518987341772,0.5029117622132282,0.30864197530864196,0.8333333333333334
oc_12_500_1500_1_5_p019_0870_1,66.08,0.8342216677722707,0.9632327370304115,0.3610604913053609,0.28868217905938126,0.26666666666666666,0.3333333333333333,0.0,0.0,0.0
oc_12_500_1500_1_5_p019_0880_1,67.89041095890411,0.9048948240544663,0.9816218134818055,0.45605751125543537,0.35345372187654717,0.2054794520547945,0.625,0.0,0.0,0.0
oc_12_500_1500_1_5_p019_0900_1,71.82608695652173,0.8747369333728074,0.9750063681592039,0.07288645900637658,-0.009446112262427567,0.0,0.0,0.0,0.0,0.0
oc_12_500_1500_1_5_p019_0920_1,79.93548387096774,0.8792195369726,0.9772572339577521,0.25640136948892767,0.1678188765442574,0.11290322580645161,0.2692307692307692,0.0,0.0,0.0
oc_12_500_2000_2_0_p019_0710_1,55.06666666666667,0.8797570323335595,0.975763079667063,0.34838534676593236,0.41871012811987185,0.3111111111111111,0.5833333333333334,0.2957061153511717,0.08888888888888889,1.0
oc_12_500_2000_2_0_p019_0770_1,56.96551724137931,0.9085805370539604,0.9834177672020623,0.5715512659630446,0.45755190082036834,0.3448275862068966,0.625,0.33642832810434004,0.11494252873563218,1.0
oc_12_500_2000_2_0_p019_0800_1,59.0,0.8782505621943242,0.977195615079365,0.32557878660122475,0.3299547302233854,0.15476190476190477,0.7222222222222222,0.0,0.0,0.0
oc_12_500_2000_2_0_p019_0830_1,61.18518518518518,0.8698645023001605,0.9722790351399643,0.40876621884483577,0.3930099696229412,0.3950617283950617,0.41025641025641024,0.2918019346148845,0.08641975308641975,1.0
oc_12_500_2000_2_0_p019_0870_1,66.08,0.8740365061475242,0.9733725899423574,0.24153410801865316,0.24644282558960307,0.13333333333333333,0.47619047619047616,0.0,0.0,0.0
oc_12_500_2000_2_0_p019_0880_1,67.89041095890411,0.8393736273357053,0.9616186319347783,0.1454138020191038,0.031173959541794277,0.0410958904109589,0.047619047619047616,0.0,0.0,0.0
oc_12_500_2000_2_0_p019_0900_1,71.82608695652173,0.8730141776482463,0.9716373134328358,0.2650016906009224,0.012581505555068625,0.028985507246376812,0.02531645569620253,0.0,0.0,0.0
oc_12_500_2000_2_0_p019_0920_1,79.93548387096774,0.8565517139816551,0.96927050617776,0.2605288425595006,0.1929242305349829,0.22580645161290322,0.18421052631578946,0.04833219906195585,0.016129032258064516,0.16666666666666666
oc_12_500_2500_2_6_p019_0710_1,57.627906976744185,0.8764651839095042,0.9747882189607299,0.2752410854909566,0.34236061238014387,0.26744186046511625,0.46,0.35496506045685305,0.12790697674418605,1.0
oc_12_500_2500_2_6_p019_0770_1,60.4390243902439,0.9013641193018336,0.9805744541484717,0.37004762162159044,0.42838246358674886,0.35365853658536583,0.5370370370370371,0.18976652836350352,0.036585365853658534,1.0
oc_12_500_2500_2_6_p019_0800_1,61.18518518518518,0.9230708016777138,0.9837389914631726,0.6428358439917892,0.5141780007262686,0.4444444444444444,0.6101694915254238,0.3309380927220859,0.1111111111111111,1.0
oc_12_500_2500_2_6_p019_0830_1,63.53846153846154,0.9005240833075188,0.9789982518871673,0.3898112152825983,0.24547420031792977,0.15384615384615385,0.41379310344827586,0.0,0.0,0.0
oc_12_500_2500_2_6_p019_0870_1,68.83333333333333,0.8711140178032779,0.970469093078759,0.41713852737770696,0.35618827538013287,0.4166666666666667,0.3225806451612903,0.0,0.0,0.0
oc_12_500_2500_2_6_p019_0880_1,69.80281690140845,0.8872818407901885,0.9768315297394072,0.4009169732844856,0.21989872381724956,0.15492957746478872,0.3333333333333333,0.0,0.0,0.0
oc_12_500_2500_2_6_p019_0900_1,75.0909090909091,0.8409540113929332,0.9618368180007965,0.04124828866810504,0.02165975341329212,0.06060606060606061,0.0273972602739726,0.0,0.0,0.0
oc_12_500_2500_2_6_p019_0920_1,84.0,0.8989477610820837,0.982568594217348,0.0609644237660808,-0.0015408777786805976,0.0,0.0,0.0,0.0,0.0
oc_12_500_3000_3_1_p019_0710_1,69.80281690140845,0.8812215515346602,0.977618261388502,0.27697959528307203,0.3032773304698905,0.15492957746478872,0.6111111111111112,0.31198494393320936,0.09859154929577464,1.0
oc_12_500_3000_3_1_p019_0770_1,73.97014925373135,0.8925769944149576,0.9799018514831774,0.27420920525398385,0.0,0.0,0.0,0.0,0.0,0.0
oc_12_500_3000_3_1_p019_0800_1,75.0909090909091,0.9052164543473689,0.9824611310234966,0.4334042906592175,0.3894764211304877,0.22727272727272727,0.6818181818181818,0.21185841098851954,0.045454545454545456,1.0
oc_12_500_3000_3_1_p019_0830_1,77.4375,0.8906213371061831,0.9781764741035857,0.45236690730664453,0.20606189606131062,0.140625,0.32142857142857145,0.0,0.0,0.0
oc_12_500_3000_3_1_p019_0870_1,86.94736842105263,0.8803981169512328,0.9757418910831838,0.1356162941447302,0.01911684112860391,0.017543859649122806,0.04,0.0,0.0,0.0
oc_12_500_3000_3_1_p019_0880_1,85.44827586206897,0.8864554453887085,0.9792435779816514,0.04849777231810837,-0.0015279160593409816,0.0,0.0,0.0,0.0,0.0
oc_12_500_3000_3_1_p019_0900_1,97.17647058823529,0.881436094715027,0.9736721989215099,0.21939518961470184,0.0426008573499846,0.058823529411764705,0.04838709677419355,0.0,0.0,0.0
oc_12_500_3000_3_1_p019_0920_1,110.13333333333334,0.8872630578029627,0.980057848430314,0.1171613760368454,0.17062963792505131,0.044444444444444446,0.6666666666666666,0.0,0.0,0.0
oc_12_500_3500_3_5_p019_0710_1,82.6,0.8972701770998592,0.98032336523126,0.445426043572392,0.2460131395687981,0.13333333333333333,0.47058823529411764,0.0,0.0,0.0
oc_12_500_3500_3_5_p019_0770_1,85.44827586206897,0.8901249752631605,0.980205285201436,0.4377792898518704,0.37873100176854757,0.20689655172413793,0.7058823529411765,0.0,0.0,0.0
oc_12_500_3500_3_5_p019_0800_1,90.10909090909091,0.8525029390641311,0.9708063061265216,0.15453867846784153,-0.0044685344135429305,0.0,0.0,0.0,0.0,0.0
oc_12_500_3500_3_5_p019_0830_1,95.3076923076923,0.8701369595877432,0.9714309904153354,0.49741097550911784,0.09010673213515684,0.11538461538461539,0.08823529411764706,0.0,0.0,0.0
oc_12_500_3500_3_5_p019_0870_1,105.44680851063829,0.8701593117185952,0.9719695982410553,0.0047265360786804544,0.011045961012141926,0.02127659574468085,0.02,0.0,0.0,0.0
oc_12_500_3500_3_5_p019_0880_1,112.63636363636364,0.9029623070841818,0.98263286,0.05468994486163303,-0.0013326592589927777,0.0,0.0,0.0,0.0,0.0
oc_12_500_3500_3_5_p019_0900_1,123.9,0.8909881022835606,0.9759147117694156,0.10602939632169894,-0.015085203766006335,0.0,0.0,0.0,0.0,0.0
oc_12_500_3500_3_5_p019_0920_1,137.66666666666666,0.9073506107603024,0.9864725360576923,0.05590444856064969,0.0,0.0,0.0,0.0,0.0,0.0
oc_12_500_4000_4_0_p019_0710_1,97.17647058823529,0.8851346210054819,0.9781826043539046,0.31991423471381153,0.32406866364386017,0.21568627450980393,0.5,0.0,0.0,0.0
oc_12_500_4000_4_0_p019_0770_1,103.25,0.9096516215122905,0.9839047362110311,0.4959111702233193,0.3187236364794214,0.20833333333333334,0.5,0.24887268326898493,0.0625,1.0
oc_12_500_4000_4_0_p019_0800_1,112.63636363636364,0.8798257880277052,0.9764774,0.589549061257048,0.037241251306037504,0.022727272727272728,0.07692307692307693,0.0,0.0,0.0
oc_12_500_4000_4_0_p019_0830_1,118.0,0.8950590554985259,0.9803786514605842,0.47869967941249714,0.43940889769693786,0.38095238095238093,0.5161290322580645,0.0,0.0,0.0
oc_12_500_4000_4_0_p019_0870_1,130.42105263157896,0.897519342065218,0.9816604925911093,0.04135526406680301,-0.0012392113041578626,0.0,0.0,0.0,0.0,0.0
oc_12_500_4000_4_0_p019_0880_1,145.76470588235293,0.8920672186547974,0.9805253106212425,0.037637544798114875,-0.003104397936520934,0.0,0.0,0.0,0.0,0.0
oc_12_500_4000_4_0_p019_0900_1,159.8709677419355,0.9063423482799245,0.9795523160216563,0.04429379819044543,-0.01022592535890662,0.0,0.0,-0.0033628616971027214,0.0,0.0
oc_12_500_4000_4_0_p019_0920_1,198.24,0.9014862013023821,0.9860614535233889,0.309814817010156,0.0,0.0,0.0,0.0,0.0,0.0
oc_12_500_500_0_5_p019_0710_1,55.06666666666667,0.9184738330945039,0.9830991082045184,0.8023147750090274,0.7596545755228898,0.8333333333333334,0.7009345794392523,0.8084914790653216,0.7,0.9402985074626866
oc_12_500_500_0_5_p019_0770_1,56.96551724137931,0.9393817847188854,0.9879971048978783,0.809056767622107,0.7637387949776915,0.8275862068965517,0.7128712871287128,0.8758411985320168,0.7816091954022989,0.9855072463768116
oc_12_500_500_0_5_p019_0800_1,59.0,0.9254719829416378,0.9847747619047619,0.843211416042057,0.7411314037149317,0.8690476190476191,0.6403508771929824,0.8782832432248933,0.7976190476190477,0.9710144927536232
oc_12_500_500_0_5_p019_0830_1,61.18518518518518,0.9202777907384436,0.9837875124081795,0.8352670502275952,0.7014877582983702,0.8641975308641975,0.5785123966942148,0.8319111191316598,0.7530864197530864,0.9242424242424242
oc_12_500_500_0_5_p019_0870_1,66.08,0.9266565986838704,0.9838030808984297,0.8397023005047614,0.7106427418106742,0.8666666666666667,0.5909090909090909,0.8706048285715149,0.7866666666666666,0.9672131147540983
oc_12_500_500_0_5_p019_0880_1,67.89041095890411,0.9585180920220875,0.9935604096241798,0.8488940493258281,0.829866165527974,0.8493150684931506,0.8157894736842105,0.8261673582394993,0.7123287671232876,0.9629629629629629
oc_12_500_500_0_5_p019_0900_1,71.82608695652173,0.9247262925218893,0.9820772736318408,0.8326605789067267,0.5514451385075244,0.855072463768116,0.36645962732919257,0.7705265184550522,0.7391304347826086,0.8095238095238095
oc_12_500_500_0_5_p019_0920_1,79.93548387096774,0.9478764053217625,0.9917878636907135,0.8466290637695175,0.7689946877238328,0.8548387096774194,0.6973684210526315,0.8230403922122517,0.7258064516129032,0.9375
