Name,CI,LSR,BSL,HMS,MCC_5,TPR_5,PPV_5,MCC_9,TPR_9,PPV_9
1_00_1_31_8_35_53_01_9_61,1.0,0.7253380661047399,0.9393837837837837,0.8508116611251296,0.8728715609439696,1.0,0.8809523809523809,0.909483641319161,1.0,0.9135802469135802
1_00_2_65_10_68_37_88_45_07,1.0,0.8339132973469761,0.9661189189189189,0.8927305953484408,0.9345682005712518,1.0,0.9367088607594937,0.9345682005712518,1.0,0.9367088607594937
10_00_1_79_9_26_24_89_96_49,10.0,0.6557368344329093,0.9093090909090908,0.8532357377183595,0.6177837847772697,1.0,0.4378698224852071,0.7798953100755711,0.9324324324324325,0.69
10_00_7_49_4_56_48_53_74_08,10.0,0.684602497331577,0.9059597051597051,0.9288337010742546,0.5878121825608423,0.972972972972973,0.4161849710982659,0.8922566342451366,0.972972972972973,0.8372093023255814
100_00_4_51_5_21_22_99_1_70,100.0,0.8827340037286674,0.9715776291142628,0.4604341672763337,0.24643528213252447,0.4189189189189189,0.15897435897435896,0.24280588193690159,0.24324324324324326,0.2571428571428571
101_00_0_85_0_38_3_08_19_93,101.0,0.867905136629269,0.9697117117117117,0.7573877407984013,0.38246735716685004,0.7972972972972973,0.19344262295081968,0.4737351223352437,0.6216216216216216,0.3709677419354839
102_00_6_47_6_17_2_56_9_35,102.0,0.8968558509342991,0.9777458934662818,0.13835891192469152,0.06574885996835775,0.0945945945945946,0.0625,-0.003209508065287862,0.0,0.0
103_00_0_13_0_92_41_41_10_35,103.0,0.8906707404152543,0.9776513513513514,0.8666179192451801,0.5097317082088642,0.8783783783783784,0.3037383177570093,0.5501777680045629,0.7162162162162162,0.43089430894308944
103_00_0_55_1_45_13_42_0_67,103.0,0.8960507253599476,0.9764108108108108,0.5646923954563774,0.3303604867072479,0.5405405405405406,0.21390374331550802,0.22483864003500098,0.17567567567567569,0.3023255813953488
104_00_0_00_4_03_32_13_5_55,104.0,0.8973121960812933,0.9782332046332046,0.7069618104541934,0.46803057867790043,0.7432432432432432,0.30386740331491713,0.4773463593055329,0.581081081081081,0.40186915887850466
105_00_1_36_0_00_8_68_4_15,105.0,0.9043026694286546,0.9779820499745028,0.42327852978337466,0.18581106443076367,0.28378378378378377,0.13636363636363635,0.18130797630725828,0.06756756756756757,0.5
106_00_0_00_2_68_29_45_20_98,106.0,0.8959182187204711,0.9774714826976509,0.7827134439075701,0.45583030214379433,0.8243243243243243,0.2606837606837607,0.6175603044430147,0.6891891891891891,0.5604395604395604
106_00_0_45_7_36_30_11_9_13,106.0,0.8725971105390796,0.9720420308158626,0.7383840068537931,0.42006218256173994,0.7972972972972973,0.23046875,0.48008962537529226,0.6216216216216216,0.38016528925619836
107_00_1_46_1_03_17_91_2_52,107.0,0.8871561758712602,0.9737347347347347,0.7242355165208818,0.4044732332213297,0.7702702702702703,0.22178988326848248,0.399682572809063,0.5,0.33035714285714285
108_00_0_00_1_97_1_80_6_07,108.0,0.9019020950415976,0.9779124225142574,0.2970161294845872,0.0814285349898728,0.12162162162162163,0.0703125,0.06558205638751168,0.013513513513513514,0.3333333333333333
109_00_1_44_4_40_4_14_16_40,109.0,0.8921568481445108,0.9775885995085996,0.7146974089763279,0.4018128397464691,0.6891891891891891,0.24401913875598086,0.43640992937712497,0.527027027027027,0.37142857142857144
109_00_2_45_0_97_30_43_1_85,109.0,0.898736024287368,0.9796212285012285,0.7897818508844469,0.47468835579918545,0.7837837837837838,0.29591836734693877,0.5141903323952854,0.6216216216216216,0.4339622641509434
11_00_4_88_9_02_7_94_27_55,11.0,0.423512562530322,0.8557873873873874,0.6641793855173775,0.5066809916642449,0.9459459459459459,0.33653846153846156,0.5651566836672358,0.8918918918918919,0.42038216560509556
110_00_0_07_2_83_1_88_34_57,110.0,0.8828120870860943,0.9712424640857074,0.6712404102563416,0.35481895402978025,0.7432432432432432,0.1791530944625407,0.3745133101577456,0.40540540540540543,0.35714285714285715
110_00_5_54_0_00_13_69_37_78,110.0,0.8944126976729141,0.9778282931580229,0.8199764097109111,0.49966533466380925,0.8648648648648649,0.2962962962962963,0.5554094329994065,0.6891891891891891,0.45535714285714285
111_00_0_00_2_08_4_65_13_14,111.0,0.9137738606810608,0.9826440154440155,0.3708164265260313,0.22547813351827525,0.28378378378378377,0.1926605504587156,0.21473728588595276,0.0945945945945946,0.5
112_00_4_91_2_09_9_29_28_55,112.0,0.9133174979910178,0.9829856972016264,0.810242869999425,0.5376745598847656,0.8378378378378378,0.3522727272727273,0.616393693363091,0.7027027027027027,0.5473684210526316
112_00_5_20_2_60_12_26_13_54,112.0,0.8990161994039239,0.9765303994259746,0.6474592322735346,0.334069316684363,0.6216216216216216,0.19008264462809918,0.2788469563347574,0.21621621621621623,0.37209302325581395
113_00_0_00_0_96_7_64_11_08,113.0,0.8955022629424081,0.975262209577999,0.5333286506890123,0.27384653965089173,0.5135135135135135,0.15767634854771784,0.30683602901693663,0.33783783783783783,0.29069767441860467
114_00_0_78_2_63_1_32_16_68,114.0,0.9004421796498145,0.9772696592244419,0.4193992753049196,0.2597651362606375,0.44594594594594594,0.16336633663366337,0.2156315384910563,0.13513513513513514,0.35714285714285715
115_00_0_00_0_87_2_88_2_07,115.0,0.9058095496726268,0.979081267474371,0.17502963945784955,0.05329606105619991,0.08108108108108109,0.05,0.09289468637421068,0.02702702702702703,0.3333333333333333
115_00_2_38_3_32_1_36_5_93,115.0,0.9068164462639569,0.9795287977632805,0.3051158931445497,0.18140141551105024,0.25675675675675674,0.1417910447761194,0.11438876422538374,0.06756756756756757,0.20833333333333334
116_00_0_00_0_30_13_40_22_52,116.0,0.8878972937444652,0.977298590898591,0.8381729895277871,0.4611757632872414,0.8378378378378378,0.2616033755274262,0.5261714808088472,0.7567567567567568,0.37333333333333335
116_00_0_00_6_30_15_40_2_82,116.0,0.9149518652468954,0.9811234003234003,0.5412756797629492,0.2987007879277129,0.44594594594594594,0.21153846153846154,0.15240026307484464,0.06756756756756757,0.35714285714285715
116_00_2_77_2_71_13_53_43_39,116.0,0.9189556889489783,0.9843853083853084,0.876273504752014,0.5817367861921738,0.8783783783783784,0.39156626506024095,0.6747004478242357,0.7432432432432432,0.6179775280898876
117_00_3_94_5_31_12_50_5_67,117.0,0.9031920389141677,0.9782112688960146,0.49298680175975773,0.31248856668401076,0.5135135135135135,0.20105820105820105,0.16023895736084554,0.12162162162162163,0.225
118_00_0_00_0_55_15_53_12_18,118.0,0.9002992541188007,0.9763855553032024,0.5882362426179427,0.31183896971892316,0.5945945945945946,0.17391304347826086,0.2689308829110831,0.22972972972972974,0.3269230769230769
118_00_0_98_0_71_7_33_1_22,118.0,0.9047634105485678,0.9789105609811493,0.36635018235491335,0.11660896122453997,0.17567567567567569,0.09154929577464789,-0.002403772074240785,0.0,0.0
119_00_1_18_1_32_14_60_2_11,119.0,0.9117264910110684,0.9805446846846847,0.27775533262669916,0.1620771639012594,0.22972972972972974,0.12781954887218044,0.1739816315735763,0.05405405405405406,0.5714285714285714
12_00_4_88_5_43_54_59_12_08,12.0,0.5028605383371286,0.8541671517671517,0.6588618309373753,0.41462206849574706,0.918918918918919,0.2556390977443609,0.6095285582503953,0.7972972972972973,0.5221238938053098
120_00_0_02_4_30_8_59_15_24,120.0,0.8998578869656014,0.9782506142506142,0.643246269176269,0.35911282228943814,0.6621621621621622,0.20416666666666666,0.38787970645872855,0.44594594594594594,0.3473684210526316
120_00_5_09_6_15_3_72_27_57,120.0,0.9181095498371664,0.9826106767924949,0.7784182812531476,0.4845757669289827,0.8108108108108109,0.297029702970297,0.5684855728575465,0.6486486486486487,0.5052631578947369
121_00_0_07_1_44_11_78_3_75,121.0,0.8927782946813311,0.9763431103234382,0.6259859399017347,0.34315322071068954,0.6351351351351351,0.1950207468879668,0.3165149023506758,0.32432432432432434,0.32
122_00_0_00_1_67_7_31_6_41,122.0,0.9182157269676526,0.9836101076686442,0.3633461149436189,0.15885442371985423,0.16216216216216217,0.16901408450704225,0.08382014976738926,0.04054054054054054,0.1875
122_00_0_00_8_26_10_77_24_46,122.0,0.9126181011322259,0.9833144363876071,0.7497891784962274,0.5163692610006688,0.7837837837837838,0.3473053892215569,0.5036903500887594,0.5540540540540541,0.4659090909090909
123_00_0_54_2_42_28_12_6_02,123.0,0.9090706077681506,0.9811701830863121,0.76227407804746,0.4574156880394228,0.7567567567567568,0.28426395939086296,0.508395125288402,0.581081081081081,0.45263157894736844
124_00_3_86_2_05_11_88_4_79,124.0,0.9043978213762962,0.979609427027027,0.45759413875514077,0.26245293354772153,0.3918918918918919,0.1870967741935484,0.12704157007632763,0.0945945945945946,0.18421052631578946
125_00_0_48_1_61_10_04_6_96,125.0,0.8937151908154446,0.9776840840840841,0.7065888495450239,0.3676058392227539,0.6621621621621622,0.21304347826086956,0.3480602907749482,0.4864864864864865,0.2589928057553957
126_00_0_15_1_54_8_86_29_97,126.0,0.9047956151237015,0.9801758672057884,0.7464309303608145,0.44455417468805525,0.6891891891891891,0.2947976878612717,0.4224316948085525,0.5405405405405406,0.3389830508474576
127_00_4_55_2_77_16_27_9_69,127.0,0.9157546163510899,0.981883277027027,0.6326772881278782,0.3419616624552612,0.5405405405405406,0.22598870056497175,0.27768146330766535,0.25675675675675674,0.3114754098360656
128_00_0_21_1_18_27_07_14_12,128.0,0.9137424061438211,0.9822074167190447,0.8985798610863065,0.5135003886333867,0.918918918918919,0.29310344827586204,0.637968220231702,0.6621621621621622,0.620253164556962
129_00_0_00_1_69_9_42_8_72,129.0,0.915267304402757,0.9809949272349272,0.4327012993045577,0.2194892089233913,0.35135135135135137,0.14857142857142858,0.10631431826159024,0.05405405405405406,0.2222222222222222
13_00_6_08_9_79_33_18_20_56,13.0,0.5594150176553674,0.8823799227799227,0.6281850954332115,0.5026356162207755,0.8918918918918919,0.34196891191709844,0.54008965256066,0.7027027027027027,0.47706422018348627
130_00_2_12_2_68_25_82_15_07,130.0,0.9229452398365814,0.9858578089539921,0.6506623512972416,0.42502291168619144,0.527027027027027,0.35135135135135137,0.3999315408580911,0.35135135135135137,0.4642857142857143
131_00_0_87_2_55_1_26_0_41,131.0,0.9197294198650556,0.9844596232596232,0.10110657897584285,0.04812078241332551,0.05405405405405406,0.056338028169014086,-0.002653279172164269,0.0,0.0
131_00_1_87_0_33_16_05_0_79,131.0,0.9072194785692816,0.9796162162162162,0.430967629717227,0.24715632860144587,0.4189189189189189,0.15656565656565657,0.18584550006149678,0.14864864864864866,0.24444444444444444
131_00_6_32_0_87_9_78_0_00,131.0,0.917001118751775,0.982222932022932,0.3587432373147226,0.14217841360889374,0.21621621621621623,0.10596026490066225,0.13176119802426486,0.05405405405405406,0.3333333333333333
132_00_1_31_3_98_6_22_1_14,132.0,0.9224869883030294,0.98603861003861,0.1654467391207961,0.051478607027019785,0.04054054054054054,0.07894736842105263,0.0,0.0,0.0
132_00_2_82_2_60_18_82_0_64,132.0,0.9200158107212608,0.9830185734606787,0.5698188963352044,0.2991568362127861,0.4594594594594595,0.20481927710843373,0.22003097170341676,0.12162162162162163,0.4090909090909091
133_00_0_64_0_94_5_09_3_30,133.0,0.9055337185535532,0.9795824122630092,0.43596177379653467,0.17928816333838016,0.28378378378378377,0.125,0.13525034531101154,0.10810810810810811,0.18181818181818182
134_00_0_10_2_85_4_89_27_70,134.0,0.9118118259763346,0.9818258258258258,0.7152336836535578,0.37167061593192696,0.6351351351351351,0.22596153846153846,0.4103110491019056,0.47297297297297297,0.3645833333333333
134_00_0_40_1_36_8_83_20_14,134.0,0.9115348102642006,0.9825885085085085,0.7432121681213701,0.47598325096568755,0.7837837837837838,0.29591836734693877,0.4770367550331684,0.5540540540540541,0.41836734693877553
135_00_3_57_0_00_2_94_1_61,135.0,0.9304780120371751,0.9869399046104929,0.2550449174662254,0.11749040566287594,0.10810810810810811,0.14035087719298245,0.0,0.0,0.0
136_00_1_95_0_87_9_37_26_93,136.0,0.9124551077274595,0.9827801933320182,0.7866065312222863,0.4374677459150555,0.7162162162162162,0.27461139896373055,0.453415272089927,0.527027027027027,0.3979591836734694
136_00_4_21_0_22_3_50_6_15,136.0,0.9196026698528452,0.9826258433616097,0.379227213956692,0.1732984626213609,0.2702702702702703,0.12269938650306748,0.18187477636152358,0.06756756756756757,0.5
137_00_0_00_1_05_2_63_7_18,137.0,0.9192108201435937,0.9828222483352919,0.5000758152066247,0.24520820071128058,0.36486486486486486,0.17532467532467533,0.15289960796049687,0.08108108108108109,0.3
137_00_0_00_3_02_15_97_20_50,137.0,0.9111810844998902,0.9830256169212691,0.7994384645912235,0.4942351146205222,0.8108108108108109,0.3076923076923077,0.5300101766405313,0.7027027027027027,0.40625
137_00_2_80_1_27_6_21_3_49,137.0,0.9156666281867027,0.9829280062671367,0.2093756703175701,0.11979862256082584,0.14864864864864866,0.10891089108910891,0.0,0.0,0.0
138_00_0_58_1_89_9_93_2_99,138.0,0.9275515725188308,0.9853612288547541,0.3720710449700041,0.13866438574322204,0.17567567567567569,0.12149532710280374,0.0,0.0,0.0
139_00_0_00_0_83_9_16_1_78,139.0,0.915937508973111,0.9827731274131274,0.13427663374749643,0.02838422868969563,0.04054054054054054,0.03225806451612903,0.0280810207299578,0.013513513513513514,0.07142857142857142
14_00_9_99_9_25_46_28_11_15,14.0,0.6060041441221724,0.8988944144144144,0.7058353775732022,0.48084114208520035,0.8783783783783784,0.32019704433497537,0.6234138310809618,0.8108108108108109,0.5263157894736842
140_00_0_00_0_18_1_88_2_78,140.0,0.9188479646546706,0.9825438374544757,0.3424862583167,0.14171370740540623,0.21621621621621623,0.10457516339869281,0.07265482376804137,0.04054054054054054,0.14285714285714285
141_00_0_00_2_49_3_04_16_31,141.0,0.9122147248540724,0.9808074609821089,0.5693219593999967,0.33349494088737874,0.581081081081081,0.2,0.19818559862416732,0.1891891891891892,0.21875
142_00_4_78_2_70_17_94_5_53,142.0,0.925189194792979,0.9852008316008316,0.4169459367364974,0.2256326377812403,0.2972972972972973,0.18181818181818182,0.1953463879051917,0.10810810810810811,0.36363636363636365
143_00_0_34_0_00_5_14_16_08,143.0,0.929123425847031,0.9857581081081082,0.4926233018814792,0.17005986782188917,0.22972972972972974,0.13709677419354838,0.12148392727246754,0.04054054054054054,0.375
144_00_3_18_2_92_3_02_22_39,144.0,0.9186821309988096,0.982778751164958,0.2870994530635578,0.14463181577570805,0.21621621621621623,0.10810810810810811,0.08730242899225862,0.04054054054054054,0.2
145_00_0_00_5_22_18_31_8_79,145.0,0.9190630160794521,0.9844108108108108,0.7491818734298159,0.4835528291136443,0.7972972972972973,0.29949238578680204,0.5293573644159363,0.581081081081081,0.48863636363636365
146_00_0_00_0_32_15_48_6_47,146.0,0.9115995450549461,0.9804162529876815,0.5878228687170888,0.33529482945201317,0.5945945945945946,0.19730941704035873,0.3440770992537109,0.36486486486486486,0.3333333333333333
146_00_0_00_1_40_15_82_2_23,146.0,0.9243163438638369,0.9843290310718882,0.3604426843137535,0.16245810093146337,0.22972972972972974,0.1259259259259259,0.202079371116314,0.12162162162162163,0.34615384615384615
146_00_0_70_3_08_26_42_5_10,146.0,0.9167914328240602,0.983551093951094,0.752259675336594,0.4132453374870471,0.6891891891891891,0.255,0.3953804171293549,0.44594594594594594,0.358695652173913
147_00_0_16_0_55_28_02_0_00,147.0,0.9244495203678694,0.9840943754565377,0.7074716733196036,0.38336011142822624,0.6486486486486487,0.23414634146341465,0.4013605442176871,0.40540540540540543,0.40540540540540543
147_00_1_10_3_45_16_40_2_82,147.0,0.918196297974414,0.9820411979547115,0.6704907238154825,0.37488489684293785,0.6756756756756757,0.21551724137931033,0.31905839370211986,0.35135135135135137,0.2988505747126437
148_00_1_58_5_89_40_00_4_82,148.0,0.9116748260873345,0.9832004353346635,0.7708493046967859,0.5094936200760244,0.7972972972972973,0.33146067415730335,0.5462696516576642,0.6486486486486487,0.46601941747572817
149_00_0_00_0_88_26_55_26_10,149.0,0.9296708336880202,0.9870136216216217,0.8701942894571346,0.5023468829072789,0.8378378378378378,0.3069306930693069,0.563649805449089,0.6216216216216216,0.5168539325842697
15_00_3_20_2_70_85_33_15_91,15.0,0.6299533740934572,0.9006743243243243,0.8106856912603785,0.5317968620441772,0.9594594594594594,0.34134615384615385,0.6625588698127104,0.8378378378378378,0.5636363636363636
15_00_3_39_10_29_66_64_48_48,15.0,0.5629827397070086,0.8748891891891892,0.8325444737117825,0.4705435072489173,1.0,0.27007299270072993,0.65647046785795,0.9459459459459459,0.49295774647887325
150_00_3_55_0_53_9_16_24_58,150.0,0.912556418744494,0.9825391802398424,0.7374639476428551,0.4437144172655909,0.7567567567567568,0.26666666666666666,0.42855867573493217,0.5540540540540541,0.33884297520661155
151_00_0_00_0_00_18_98_3_16,151.0,0.9270022508982578,0.9855139402560456,0.7117515584202754,0.4502437126598424,0.6756756756756757,0.3067484662576687,0.41961879622446474,0.44594594594594594,0.4024390243902439
151_00_4_10_0_00_2_11_12_58,151.0,0.9223959792822022,0.9830743954480796,0.5209020788923602,0.243296964406817,0.40540540540540543,0.15544041450777202,0.1949954751500075,0.0945945945945946,0.4117647058823529
152_00_4_22_1_50_11_08_6_57,152.0,0.9231672502508524,0.9833054230701289,0.4847265837917839,0.22897871060725022,0.3783783783783784,0.14814814814814814,0.2657001338425055,0.16216216216216217,0.4444444444444444
153_00_0_00_0_56_28_71_6_48,153.0,0.9152831255207194,0.9831385047385047,0.6363671284575395,0.4051996907693483,0.6756756756756757,0.25,0.4077981548544808,0.4594594594594595,0.3695652173913043
153_00_0_92_0_48_22_06_9_77,153.0,0.9186546972049031,0.9836857844857845,0.6502308427373804,0.39816661841839707,0.6351351351351351,0.2568306010928962,0.3855443938412846,0.43243243243243246,0.3516483516483517
154_00_0_39_2_43_3_19_0_47,154.0,0.9262645424183142,0.9850833129904097,0.20717154297789675,0.0744381614147808,0.0945945945945946,0.07,-0.0013033929293010773,0.0,0.0
155_00_4_24_2_86_1_81_18_11,155.0,0.9250676437333818,0.9852959112959113,0.6351236139735229,0.36864629894456824,0.5675675675675675,0.24705882352941178,0.3950732559712395,0.36486486486486486,0.43548387096774194
156_00_0_00_1_06_3_21_23_51,156.0,0.9288885777802787,0.9861454983646066,0.5278714544396262,0.3200585419497478,0.4594594594594595,0.23129251700680273,0.34780320476066934,0.2972972972972973,0.41509433962264153
157_00_0_00_0_00_4_43_12_39,157.0,0.9223631916039495,0.9847711255559357,0.36376812086299537,0.22806622224974238,0.33783783783783783,0.16339869281045752,0.25921055157000056,0.21621621621621623,0.32
158_00_0_47_0_00_1_43_20_73,158.0,0.9305116762527813,0.9861631140574537,0.5264362472863631,0.27844504946150556,0.40540540540540543,0.2,0.2539315558086833,0.1891891891891892,0.35
159_00_0_00_4_70_28_67_7_13,159.0,0.9364802208356992,0.9875117567567567,0.7801665479300028,0.47363912431704097,0.7162162162162162,0.3192771084337349,0.4619426614806211,0.5135135135135135,0.4222222222222222
16_00_6_65_8_35_6_28_45_83,16.0,0.588809565858486,0.8893825119236884,0.6585469200957945,0.4539801753432647,0.8378378378378378,0.2995169082125604,0.5475019582166096,0.6891891891891891,0.4857142857142857
160_00_1_96_2_81_7_46_17_67,160.0,0.9237948671057701,0.9846742991438644,0.6877786596616489,0.43720921979383615,0.7162162162162162,0.27319587628865977,0.41244281364534763,0.4189189189189189,0.41333333333333333
161_00_0_19_0_64_0_00_0_96,161.0,0.9306825984704917,0.9873741741741742,0.23382379660775987,0.12907821202037636,0.12162162162162163,0.14754098360655737,0.0,0.0,0.0
162_00_1_63_0_25_15_08_20_33,162.0,0.9436941211813338,0.990743690930194,0.8400054862554607,0.6396012698078486,0.8513513513513513,0.4846153846153846,0.7281960032927718,0.6891891891891891,0.7727272727272727
163_00_0_00_1_24_23_12_22_85,163.0,0.9276456840492273,0.9875671720500989,0.8272120130334895,0.5622346843334092,0.8108108108108109,0.39473684210526316,0.5348317358695491,0.6621621621621622,0.4375
164_00_0_00_0_24_7_35_30_40,164.0,0.931616479482037,0.9869076494676494,0.5889255547846677,0.3131276605348806,0.40540540540540543,0.25,0.14531535837153808,0.05405405405405406,0.4
164_00_1_46_0_39_4_24_11_16,164.0,0.9273155773255648,0.9850789844389845,0.5020167247170553,0.29721419860982046,0.44594594594594594,0.20625,0.3099088302376442,0.2702702702702703,0.36363636363636365
165_00_0_28_2_15_13_36_11_08,165.0,0.9285923729448989,0.9876669488765875,0.7198209171812464,0.504614780775833,0.7432432432432432,0.34810126582278483,0.575463421472748,0.6621621621621622,0.5051546391752577
166_00_1_77_0_00_3_96_6_96,166.0,0.9298008521920935,0.9876027836219453,0.04588375278283763,0.049533515992046216,0.04054054054054054,0.07142857142857142,0.0,0.0,0.0
167_00_0_00_0_17_9_07_22_45,167.0,0.9280623714727265,0.9874280566280567,0.8439658773969695,0.553580698872235,0.8243243243243243,0.3765432098765432,0.583080878874759,0.7432432432432432,0.46218487394957986
168_00_0_21_0_61_2_60_2_33,168.0,0.9302055780819114,0.9874783943707021,0.1537126029194521,-0.0036547012701658448,0.0,0.0,0.0,0.0,0.0
169_00_0_00_2_83_9_28_0_93,169.0,0.9318610599929709,0.986922225755167,0.4276042576998882,0.23079200141140152,0.2972972972972973,0.18803418803418803,0.2013940356139858,0.14864864864864866,0.28205128205128205
17_00_4_01_7_64_31_07_8_61,17.0,0.5003450611469208,0.8594342342342343,0.7193112466773732,0.40494586213782985,0.972972972972973,0.21621621621621623,0.57264552009012,0.8108108108108109,0.44776119402985076
17_00_4_49_12_39_43_63_31_96,17.0,0.7063649088968922,0.9256552552552553,0.8113041579655108,0.6010000429036378,0.9459459459459459,0.41916167664670656,0.7112478537852003,0.8648648648648649,0.6153846153846154
170_00_1_04_2_55_15_96_23_72,170.0,0.922981398586862,0.9849033033033033,0.795721713937275,0.46542680658604474,0.8378378378378378,0.26382978723404255,0.5185540297410753,0.6216216216216216,0.4380952380952381
171_00_8_89_2_90_3_76_11_91,171.0,0.9228023566297193,0.9837453174104337,0.5537946612419105,0.2961555650895029,0.5135135135135135,0.1784037558685446,0.23612792341877964,0.21621621621621623,0.26666666666666666
172_00_0_74_1_62_20_83_14_41,172.0,0.9430653753720784,0.9908000624902359,0.8252611375725125,0.6294822201671676,0.8378378378378378,0.47692307692307695,0.6702111594370427,0.7162162162162162,0.6309523809523809
172_00_1_86_0_20_10_34_11_58,172.0,0.9313753973941101,0.986335885017966,0.5676829565586108,0.28654299307448233,0.4189189189189189,0.20394736842105263,0.24489937234967843,0.1891891891891892,0.32558139534883723
173_00_0_00_1_34_6_65_0_00,173.0,0.9232817258493375,0.9839786269027648,0.2919583534071094,0.1706822368113191,0.2702702702702703,0.11695906432748537,-0.000947622128996835,0.0,0.0
173_00_1_36_0_00_31_25_3_71,173.0,0.9295382279471925,0.9852446101273687,0.6552570244782859,0.3154532659445964,0.5405405405405406,0.19138755980861244,0.25374805688342705,0.20270270270270271,0.32608695652173914
174_00_0_00_0_98_4_24_1_12,174.0,0.9296224687728266,0.9870334517374517,0.13315115257970112,0.054632579282806626,0.05405405405405406,0.06557377049180328,0.0,0.0,0.0
175_00_5_65_1_15_8_04_1_34,175.0,0.929008328062724,0.9853117936117937,0.5307406556135636,0.2591510139610633,0.43243243243243246,0.16326530612244897,0.26106116672316737,0.1891891891891892,0.3684210526315789
176_00_0_00_0_19_10_30_0_28,176.0,0.9274342626275991,0.9851836921667431,0.5208896681154571,0.23465623452682188,0.3918918918918919,0.14871794871794872,0.2158035336568736,0.12162162162162163,0.391304347826087
176_00_0_00_2_31_4_86_3_36,176.0,0.9376084983927265,0.989035150404642,0.20238145095020543,0.08961960899078698,0.08108108108108109,0.10909090909090909,-0.0011409104081427771,0.0,0.0
176_00_0_45_0_14_13_41_7_37,176.0,0.9355877830674614,0.9868352420216827,0.719322841293833,0.3981533226675218,0.6891891891891891,0.2361111111111111,0.4230454226602318,0.32432432432432434,0.5581395348837209
177_00_0_00_5_00_13_18_1_93,177.0,0.9241940285207166,0.9825206194959004,0.4487960788649248,0.176954812933207,0.35135135135135137,0.09774436090225563,0.20576408660017798,0.10810810810810811,0.4
178_00_1_74_2_26_7_22_3_34,178.0,0.9348735291437009,0.9883653933262871,0.1357218201533963,0.06842832735982227,0.06756756756756757,0.07936507936507936,0.0,0.0,0.0
178_00_2_37_1_85_17_03_14_39,178.0,0.9248458469333363,0.9852623886456289,0.592118956494059,0.3137993461295997,0.5135135135135135,0.19895287958115182,0.3257658930101845,0.35135135135135137,0.30952380952380953
179_00_0_36_6_59_6_44_3_40,179.0,0.9397149943159677,0.9889293693693694,0.24337434400518543,0.10352752508642138,0.12162162162162163,0.09782608695652174,0.04601430123491136,0.013513513513513514,0.16666666666666666
18_00_3_39_6_74_20_34_49_30,18.0,0.6349477194891381,0.9093166429587483,0.7214342381156089,0.5012860636192534,0.8918918918918919,0.3251231527093596,0.5691579439112097,0.7567567567567568,0.47058823529411764
180_00_2_32_3_85_1_74_2_02,180.0,0.936937230799768,0.989356786620875,0.06740882336006027,0.013835050243502947,0.013513513513513514,0.023809523809523808,0.0,0.0,0.0
181_00_2_41_1_70_1_24_16_45,181.0,0.928487272872148,0.9852058212058212,0.4859128583936432,0.2530355848517126,0.4189189189189189,0.16062176165803108,0.25587867553572763,0.22972972972972974,0.29310344827586204
181_00_2_58_1_08_0_99_6_73,181.0,0.9288039097961465,0.9864299376299376,0.06621532036345967,-0.006028010386150282,0.0,0.0,0.0,0.0,0.0
182_00_2_57_0_15_4_56_13_72,182.0,0.9328832253398482,0.9865480431250923,0.523394488390586,0.30316290166005283,0.4594594594594595,0.2073170731707317,0.279226219376317,0.25675675675675674,0.3114754098360656
183_00_0_56_1_47_2_44_8_08,183.0,0.9319000533924675,0.9871895417156287,0.47390228111289057,0.264830577365718,0.3783783783783784,0.19310344827586207,0.2816347273373952,0.25675675675675674,0.31666666666666665
183_00_3_69_1_54_2_65_2_08,183.0,0.93185734729694,0.9876667450058755,0.05184742492106342,-0.004442532183041119,0.0,0.0,0.0,0.0,0.0
184_00_0_58_0_01_3_94_0_09,184.0,0.9314153606919575,0.9876544046749453,0.20420866044172192,0.12022841785181251,0.13513513513513514,0.11627906976744186,-0.001409138529461227,0.0,0.0
184_00_4_76_0_00_0_00_2_40,184.0,0.9285814380115748,0.9862532067202338,0.04714293002118364,-0.006291916921428688,0.0,0.0,0.0,0.0,0.0
185_00_0_00_0_11_17_23_2_94,185.0,0.9358229310584453,0.9867182795698924,0.6947988192818342,0.39942478135838555,0.7162162162162162,0.22844827586206898,0.3165789811388266,0.21621621621621623,0.47058823529411764
186_00_5_01_0_84_1_97_17_78,186.0,0.9342479286901816,0.9870851857204799,0.6164464687150528,0.3695243827142929,0.6081081081081081,0.23076923076923078,0.28665010316019984,0.25675675675675674,0.3275862068965517
187_00_0_60_0_16_10_97_11_23,187.0,0.926778151371715,0.9854123059229443,0.7192123289550527,0.39529165933110694,0.7027027027027027,0.22807017543859648,0.4691277315307844,0.5,0.4457831325301205
188_00_1_01_0_00_16_30_7_03,188.0,0.9321201391018075,0.9868664092664092,0.7311126089047109,0.4268051485166853,0.6891891891891891,0.2698412698412698,0.41526918481143826,0.44594594594594594,0.39285714285714285
189_00_0_04_1_48_17_27_7_03,189.0,0.9334144940902408,0.9870422759601707,0.2658047821976257,0.1933709040967256,0.28378378378378377,0.14,0.08040858538335263,0.05405405405405406,0.12903225806451613
19_00_2_43_3_62_51_21_86_63,19.0,0.6982877451054919,0.9085318918918919,0.9433433155068045,0.46190714852294396,0.9864864864864865,0.256140350877193,0.83989029831046,0.9864864864864865,0.73
190_00_0_00_0_13_19_37_16_06,190.0,0.9296290798067623,0.9864410924013018,0.8556157307411473,0.4616756208628677,0.8513513513513513,0.2550607287449393,0.5346495618512231,0.6216216216216216,0.46464646464646464
191_00_3_15_0_00_15_23_4_33,191.0,0.9366458966711025,0.9875304054054054,0.3723518982631041,0.2172162674679371,0.2972972972972973,0.16666666666666666,0.09887552488841429,0.04054054054054054,0.25
192_00_0_00_0_95_2_68_5_69,192.0,0.9368586177490786,0.9894432712505251,0.1187207250481449,0.03950965835921223,0.013513513513513514,0.125,0.0,0.0,0.0
192_00_2_11_1_36_6_88_2_30,192.0,0.9288829030416215,0.9861241842879148,0.5107918935976377,0.31590806867960447,0.527027027027027,0.19597989949748743,0.2952390297019871,0.21621621621621623,0.41025641025641024
193_00_0_05_0_00_2_16_6_76,193.0,0.9376235761650262,0.9893077737531346,0.1772777996105006,0.029931063869988714,0.02702702702702703,0.0425531914893617,-0.001201697418757462,0.0,0.0
194_00_0_00_0_01_9_11_19_44,194.0,0.942452007509248,0.990784753984754,0.8764127815798441,0.6165085424263562,0.8783783783783784,0.436241610738255,0.6585990414402582,0.8378378378378378,0.5210084033613446
195_00_0_00_0_00_3_11_5_95,195.0,0.9408770710256331,0.9897118587975731,0.388473112276821,0.24278783354333022,0.24324324324324326,0.25,0.15365759528101816,0.05405405405405406,0.4444444444444444
196_00_1_84_3_30_0_00_0_00,196.0,0.9361203552646196,0.9889984359994513,0.008904643003159185,-0.003746706102804317,0.0,0.0,0.0,0.0,0.0
197_00_0_00_1_76_5_23_10_28,197.0,0.9352323140129132,0.9868684684684684,0.489196926672695,0.24884453412564564,0.4189189189189189,0.155,0.29530476477185885,0.21621621621621623,0.41025641025641024
197_00_0_37_2_19_21_38_3_97,197.0,0.9408002699667289,0.989061425061425,0.7583013535683157,0.4913582941312881,0.7567567567567568,0.3236994219653179,0.475136165195887,0.5,0.4567901234567901
197_00_0_72_1_19_15_11_12_47,197.0,0.9475020741906024,0.9914372918372918,0.9424380861196503,0.6673648318346941,0.9594594594594594,0.46710526315789475,0.7885853509029672,0.8513513513513513,0.7325581395348837
198_00_0_00_1_89_22_21_2_24,198.0,0.9350985723834457,0.9873543935895694,0.4934718576370114,0.1902895104099546,0.28378378378378377,0.13548387096774195,0.16727376535421917,0.08108108108108109,0.35294117647058826
199_00_1_06_1_35_6_62_12_91,199.0,0.9356247284747461,0.9877268108108108,0.6400712267501549,0.38795963145792944,0.6486486486486487,0.2376237623762376,0.4121913273917998,0.3918918918918919,0.4393939393939394
2_00_13_64_11_55_46_65_34_22,2.0,0.7748016779705016,0.9417297297297298,0.8499778336606597,0.8807048459279792,0.9459459459459459,0.8974358974358975,0.890035397837855,0.9459459459459459,0.9090909090909091
20_00_0_50_3_86_40_30_15_74,20.0,0.5410386601587478,0.8696236808236808,0.5519335010454048,0.3330079109791591,0.8108108108108109,0.18633540372670807,0.4920448111680799,0.6351351351351351,0.42727272727272725
200_00_3_10_0_65_0_29_0_00,200.0,0.9370920047090671,0.9886480032271077,0.09904225113014664,0.05646441176183218,0.06756756756756757,0.056179775280898875,0.0,0.0,0.0
21_00_0_96_6_96_13_89_64_82,21.0,0.5793710072041789,0.8732373464373464,0.777643288722739,0.39693046467565324,0.9594594594594594,0.20402298850574713,0.6352024579661593,0.8378378378378378,0.512396694214876
21_00_6_49_5_58_65_22_8_31,21.0,0.7174759513661357,0.9176756756756757,0.8650015150290367,0.4836259712009558,0.9864864864864865,0.27238805970149255,0.7357112215931052,0.9054054054054054,0.6203703703703703
22_00_1_00_8_60_82_87_39_03,22.0,0.6961720498458852,0.9172860164512339,0.8566867739124675,0.5095677110252302,0.9459459459459459,0.30837004405286345,0.7764684585390015,0.8918918918918919,0.6947368421052632
22_00_11_64_4_48_70_83_51_40,22.0,0.7438929523345126,0.9277245593419506,0.8771917130692091,0.4906712884913197,0.9459459459459459,0.2892561983471074,0.7635927286522289,0.8918918918918919,0.673469387755102
23_00_2_15_8_94_3_73_9_79,23.0,0.6453499158095068,0.902581981981982,0.4561891562164986,0.34484040007458117,0.6621621621621622,0.22685185185185186,0.31153656479337954,0.3783783783783784,0.3111111111111111
23_00_3_20_4_54_58_38_45_70,23.0,0.5393724778302018,0.8724459459459459,0.7707265503321422,0.41603661526298186,0.9864864864864865,0.21037463976945245,0.5485763060694311,0.8513513513513513,0.38650306748466257
24_00_2_24_5_87_72_22_40_62,24.0,0.7446921552097611,0.9327904864864864,0.7995837109566187,0.5225769290830014,0.918918918918919,0.3285024154589372,0.6978708642899099,0.7972972972972973,0.6344086021505376
25_00_2_97_6_20_21_00_67_37,25.0,0.6909747272432354,0.918033264033264,0.8317904623536595,0.4922728134553924,0.9594594594594594,0.28286852589641437,0.6909579636193411,0.8513513513513513,0.5833333333333334
26_00_8_50_10_40_48_78_40_50,26.0,0.7574036814972667,0.9381333333333334,0.8528656901293915,0.5162058641891413,0.918918918918919,0.3192488262910798,0.7010461608810948,0.8378378378378378,0.6078431372549019
27_00_0_00_8_21_5_42_17_01,27.0,0.5921844128964311,0.8912247104247104,0.49411250293035425,0.32420959427100987,0.7297297297297297,0.1836734693877551,0.36422000681388267,0.5405405405405406,0.28776978417266186
28_00_6_04_11_69_5_92_18_30,28.0,0.6473777957330831,0.9093778191985089,0.485193602785837,0.32735612233576944,0.6891891891891891,0.1946564885496183,0.3612496235585321,0.527027027027027,0.28888888888888886
29_00_1_61_7_29_73_12_13_59,29.0,0.7710440259110148,0.9392007207207207,0.8496762053604361,0.5274112834057134,0.9324324324324325,0.323943661971831,0.7181004127830772,0.8513513513513513,0.6237623762376238
3_00_4_45_11_36_12_41_41_29,3.0,0.4589828382072165,0.8620378378378378,0.7131341149613766,0.660290591804662,0.9459459459459459,0.6086956521739131,0.7689550777827419,0.9324324324324325,0.7419354838709677
3_00_6_36_10_10_38_36_53_64,3.0,0.49100297913769064,0.8885243243243244,0.7301210523013346,0.7566979959012664,0.9864864864864865,0.6886792452830188,0.773933970980859,0.9864864864864865,0.7087378640776699
30_00_4_57_4_32_53_47_22_81,30.0,0.739374498513543,0.9318967741935484,0.8103447990273219,0.45516229007410314,0.9054054054054054,0.2567049808429119,0.6621511327021671,0.8378378378378378,0.543859649122807
31_00_2_57_8_37_55_93_13_06,31.0,0.7008385192497072,0.9193270270270271,0.8240718771514965,0.4651514108875319,0.9864864864864865,0.24414715719063546,0.6066885637809285,0.8243243243243243,0.46923076923076923
32_00_0_00_13_69_4_03_33_51,32.0,0.7183366446676622,0.917590171990172,0.5502634831500219,0.3275061669527437,0.7297297297297297,0.1806020066889632,0.4569587020388128,0.4864864864864865,0.46153846153846156
32_00_3_68_11_43_7_29_7_89,32.0,0.719213992620672,0.925368058968059,0.5036783436045219,0.35817369399061855,0.6621621621621622,0.22790697674418606,0.3032094594594595,0.32432432432432434,0.32432432432432434
33_00_0_88_4_49_5_91_16_41,33.0,0.7458590881710614,0.9384871224165342,0.6912081817747776,0.4746624514641309,0.8108108108108109,0.30456852791878175,0.47563038882549785,0.6486486486486487,0.3779527559055118
34_00_4_42_6_01_38_14_16_18,34.0,0.7703273981086385,0.9409890347490347,0.7717614112453883,0.472663374514271,0.8513513513513513,0.2876712328767123,0.6801907967779056,0.8108108108108109,0.5882352941176471
35_00_2_28_7_32_11_41_9_78,35.0,0.7148480149480304,0.9279303303303303,0.6044037244797494,0.36426789431433576,0.7702702702702703,0.20141342756183744,0.4157066634962543,0.5405405405405406,0.3508771929824561
35_00_3_10_8_84_11_89_27_17,35.0,0.6684181697363268,0.9091987987987988,0.5893158661604928,0.3267484906178069,0.7702702702702703,0.16863905325443787,0.4231535236648992,0.581081081081081,0.33858267716535434
36_00_2_15_5_63_8_62_45_17,36.0,0.7525962975282317,0.9407117604090577,0.793406256514446,0.5000978821071989,0.8918918918918919,0.30275229357798167,0.5857086793480053,0.7567567567567568,0.4745762711864407
37_00_14_80_2_89_15_49_34_73,37.0,0.7447246506215854,0.9383840682788052,0.7035113730966247,0.467576062954788,0.8243243243243243,0.2890995260663507,0.4915005813914982,0.6216216216216216,0.4144144144144144
37_00_2_73_4_78_19_82_41_02,37.0,0.7903212278950792,0.9482002844950214,0.835968554453518,0.5592095870753049,0.918918918918919,0.35978835978835977,0.6682322054222314,0.7432432432432432,0.6179775280898876
37_00_3_47_7_62_8_75_11_62,37.0,0.7331115456905316,0.9309251778093883,0.6668009773638075,0.3921722890715856,0.7972972972972973,0.21933085501858737,0.4536575133001743,0.6081081081081081,0.36585365853658536
38_00_0_69_6_69_5_61_12_52,38.0,0.677065411363519,0.9157943173943174,0.6210829509445268,0.3566466805833557,0.7972972972972973,0.1861198738170347,0.42636735921318064,0.6756756756756757,0.2958579881656805
38_00_5_02_3_27_5_40_4_26,38.0,0.7413071851655157,0.9240587664587665,0.3855529304779176,0.25346990611477616,0.5540540540540541,0.14909090909090908,0.2136740406551873,0.1891891891891892,0.28
39_00_8_47_7_40_19_22_10_17,39.0,0.733915983790416,0.9289124324324325,0.5800496147555008,0.3490081196122857,0.7297297297297297,0.19424460431654678,0.43269784229835095,0.5405405405405406,0.37383177570093457
4_00_7_11_10_02_77_59_71_55,4.0,0.831601377940933,0.9609340540540541,0.9310951421749672,0.9207744711349066,0.9864864864864865,0.8902439024390244,0.9087689470207432,0.9459459459459459,0.9090909090909091
4_00_8_12_10_38_76_22_31_68,4.0,0.7391793319635104,0.9438962162162162,0.8470868310047697,0.8410144886188203,0.9594594594594594,0.797752808988764,0.8410144886188203,0.9594594594594594,0.797752808988764
40_00_4_49_1_89_11_07_7_47,40.0,0.7681022188921056,0.9407266974291365,0.542759509145186,0.3566716612442294,0.6621621621621622,0.21973094170403587,0.40369515711502485,0.5135135135135135,0.34545454545454546
40_00_4_80_4_62_37_76_6_94,40.0,0.7901055189790899,0.9496653922214898,0.728437583431731,0.49400802061215665,0.8108108108108109,0.3225806451612903,0.5276559069055718,0.6351351351351351,0.46078431372549017
41_00_1_72_4_09_14_10_63_55,41.0,0.7927870243067152,0.94956138996139,0.8784657232056816,0.5070024422369481,0.972972972972973,0.2823529411764706,0.6867594536085326,0.8783783783783784,0.5508474576271186
42_00_4_85_6_42_26_80_38_70,42.0,0.775161695274456,0.9446496543054682,0.8127556831064517,0.5230475967088577,0.9054054054054054,0.32057416267942584,0.5824225194892049,0.7567567567567568,0.4666666666666667
43_00_0_00_6_76_4_88_5_25,43.0,0.7921901146757497,0.9414412776412776,0.4940644729277751,0.30550423040479724,0.6216216216216216,0.1776061776061776,0.26890286412090464,0.22972972972972974,0.3469387755102041
43_00_0_00_9_37_19_67_5_32,43.0,0.7747000892628577,0.9418142506142506,0.5948208813351995,0.3799923167728347,0.7432432432432432,0.21825396825396826,0.38673755218209277,0.44594594594594594,0.3626373626373626
43_00_1_86_3_44_4_83_58_24,43.0,0.8206665211911586,0.955454054054054,0.7680074573610364,0.48683611424710305,0.8648648648648649,0.29357798165137616,0.6179235542919157,0.6351351351351351,0.618421052631579
43_00_3_58_8_14_43_09_31_32,43.0,0.779510604260909,0.9479695331695331,0.8276347401381765,0.5172455632479575,0.918918918918919,0.3090909090909091,0.5759974033187053,0.7702702702702703,0.44881889763779526
44_00_0_08_5_56_16_52_28_80,44.0,0.7960378711573675,0.9495606006006005,0.6677315838935424,0.4336887231394518,0.7567567567567568,0.27053140096618356,0.5020533309575227,0.5540540540540541,0.47674418604651164
44_00_4_60_4_79_15_42_4_80,44.0,0.7750608225319533,0.9430193393393393,0.590987058987186,0.35620858327041294,0.6621621621621622,0.2168141592920354,0.313086727375842,0.3783783783783784,0.28865979381443296
45_00_11_27_2_53_52_32_6_84,45.0,0.8140472069802949,0.9528855464159812,0.8298300043858556,0.48498054167718413,0.8918918918918919,0.28205128205128205,0.6351842292779045,0.7297297297297297,0.5684210526315789
46_00_1_85_5_31_2_48_20_17,46.0,0.7508217927719347,0.9325989649223692,0.6068000837058152,0.33621775481475696,0.7702702702702703,0.16964285714285715,0.40692893128446517,0.5405405405405406,0.3305785123966942
46_00_3_70_3_86_25_24_75_35,46.0,0.8800663092515044,0.9750090856814261,0.9285821391352512,0.7034078424568044,0.9459459459459459,0.5343511450381679,0.8777063315977229,0.9324324324324325,0.8313253012048193
46_00_6_75_4_15_43_57_21_13,46.0,0.8217445374258932,0.9565962047153537,0.787744211084539,0.5069007042352912,0.8513513513513513,0.3197969543147208,0.6818889379975981,0.7297297297297297,0.6506024096385542
47_00_0_00_7_39_33_49_9_44,47.0,0.7802908380970884,0.9442387387387388,0.7516810607651898,0.4322345237837706,0.9054054054054054,0.22483221476510068,0.4299201534551324,0.5540540540540541,0.3565217391304348
48_00_1_59_2_73_4_46_29_77,48.0,0.7902720491983259,0.9465314947600661,0.6588059066028851,0.390141901290039,0.7972972972972973,0.2114695340501792,0.39473025087053676,0.47297297297297297,0.35353535353535354
49_00_1_99_4_53_35_10_24_32,49.0,0.8536098361730222,0.9670698378378378,0.8000144294777431,0.554785573231039,0.8513513513513513,0.3772455089820359,0.6778373848949386,0.7027027027027027,0.6666666666666666
5_00_4_31_10_50_55_73_14_67,5.0,0.5939179772158205,0.8978774774774775,0.7436505228578454,0.6723933517432232,0.9459459459459459,0.5737704918032787,0.755480633863167,0.8918918918918919,0.717391304347826
5_00_4_73_11_26_98_38_59_75,5.0,0.7940211080865817,0.9483567567567568,0.9023749992668566,0.8403109239915854,1.0,0.7551020408163265,0.8818614491146469,0.972972972972973,0.8372093023255814
50_00_0_00_3_54_30_88_7_87,50.0,0.8006787249904811,0.9514306306306306,0.6404612293740004,0.43067204788440516,0.7162162162162162,0.2789473684210526,0.3966424535453377,0.4594594594594595,0.3655913978494624
51_00_2_86_6_83_20_34_29_60,51.0,0.7864318734175398,0.946350103950104,0.7420785031333155,0.39657588076386235,0.8513513513513513,0.2032258064516129,0.5494436391445561,0.7162162162162162,0.4380165289256198
51_00_3_68_3_82_47_05_6_54,51.0,0.8218208680001757,0.9593600831600831,0.7571093927926202,0.503656889589742,0.8108108108108109,0.32967032967032966,0.5711294601961818,0.7432432432432432,0.45454545454545453
52_00_2_33_4_42_40_59_49_71,52.0,0.8385351165765137,0.963334217236104,0.9050755978038874,0.5999232630060519,0.9324324324324325,0.3988439306358382,0.7596030993594071,0.9324324324324325,0.6272727272727273
53_00_0_00_2_70_21_30_15_66,53.0,0.7573756505325877,0.9372844844844845,0.731980544373469,0.38263381590942014,0.8648648648648649,0.1871345029239766,0.4709261159729038,0.6891891891891891,0.34
53_00_0_60_15_22_9_38_24_83,53.0,0.8029849324636651,0.9487931931931932,0.4564811439498929,0.272410799997077,0.5405405405405406,0.16129032258064516,0.325344212136665,0.33783783783783783,0.33783783783783783
54_00_3_14_6_15_3_28_4_83,54.0,0.8053339342612921,0.9522012776412776,0.44033914415365627,0.29328201347107097,0.527027027027027,0.18660287081339713,0.3516612654181153,0.3783783783783784,0.35
55_00_0_36_4_48_23_00_37_63,55.0,0.801894381147452,0.9489370656370656,0.7393627424287489,0.4178523373710834,0.8783783783783784,0.2152317880794702,0.3776712892704841,0.43243243243243246,0.3516483516483517
55_00_6_09_3_52_2_80_15_16,55.0,0.8252018793544434,0.9558166023166024,0.4779490545407561,0.3057113868513765,0.581081081081081,0.1829787234042553,0.33450185472447785,0.3108108108108108,0.38333333333333336
56_00_1_53_6_81_15_03_50_43,56.0,0.855430844224737,0.9683770507349455,0.8431119049840521,0.5441120428444406,0.8918918918918919,0.34554973821989526,0.6334670289054788,0.7297297297297297,0.5625
57_00_0_53_1_94_18_61_12_64,57.0,0.8373863710032129,0.961962348555452,0.6099258745008517,0.4187860420499475,0.6621621621621622,0.2832369942196532,0.4643699012457974,0.4864864864864865,0.46153846153846156
58_00_0_00_2_13_16_83_21_84,58.0,0.8093251804029217,0.9528234539624371,0.5215193351650463,0.3209561377830082,0.6081081081081081,0.189873417721519,0.3433143074799289,0.40540540540540543,0.3125
59_00_0_84_1_91_34_41_10_20,59.0,0.8454518502932281,0.9661524324324324,0.7901637939507188,0.5533416293794222,0.8513513513513513,0.3727810650887574,0.5933759142208835,0.7162162162162162,0.5047619047619047
6_00_7_80_13_47_53_60_62_63,6.0,0.7298540530042235,0.9347984555984556,0.8783789098580751,0.7552170277212414,0.9864864864864865,0.6403508771929824,0.8439763119781654,0.972972972972973,0.7741935483870968
60_00_5_49_1_95_6_14_31_56,60.0,0.8086688608127195,0.9511727071333629,0.6379410787376275,0.36047888046235144,0.7567567567567568,0.1891891891891892,0.3550234734023466,0.47297297297297297,0.28688524590163933
61_00_0_88_4_66_1_29_15_36,61.0,0.8284414872768646,0.9577677419354839,0.5108274383757427,0.3257974604010953,0.6081081081081081,0.1939655172413793,0.2889675094840578,0.3108108108108108,0.2911392405063291
62_00_4_26_5_77_33_09_23_15,62.0,0.8453363648010237,0.962629601029601,0.7760321558671083,0.4633470012530908,0.8648648648648649,0.26229508196721313,0.597182411969731,0.7027027027027027,0.52
62_00_5_67_5_76_18_69_63_81,62.0,0.8457381317920902,0.9656909480909481,0.7980465038676233,0.517918680605352,0.8648648648648649,0.32323232323232326,0.6330826337420411,0.7837837837837838,0.5225225225225225
63_00_1_23_2_79_4_71_3_76,63.0,0.8252170130013066,0.9547405405405406,0.44081873351523826,0.2417530518743368,0.44594594594594594,0.1527777777777778,0.18300726087392885,0.14864864864864866,0.25
64_00_3_44_7_03_56_49_15_10,64.0,0.8713892873586291,0.9733644906444906,0.8956792108703827,0.628083108258071,0.9459459459459459,0.4268292682926829,0.7076161124955792,0.8243243243243243,0.6161616161616161
65_00_1_39_3_54_24_95_24_83,65.0,0.8619537614462405,0.9682027846027846,0.824004255673114,0.4992745301705802,0.8918918918918919,0.2920353982300885,0.6256936751519107,0.7567567567567568,0.5283018867924528
66_00_5_75_2_08_42_63_20_49,66.0,0.8408366071495007,0.9636288826139572,0.8273965946078433,0.5134576322473489,0.9054054054054054,0.3031674208144796,0.5619816544819976,0.7702702702702703,0.4222222222222222
67_00_0_37_2_73_35_47_3_47,67.0,0.866974324652359,0.9690737678855326,0.6586699113458454,0.43980540450179934,0.7297297297297297,0.27979274611398963,0.5449757109087576,0.581081081081081,0.524390243902439
68_00_0_15_3_83_31_61_3_95,68.0,0.8447310283307984,0.9655652173913043,0.7097339701018368,0.43503299495258063,0.7027027027027027,0.28415300546448086,0.4941842141097447,0.6216216216216216,0.40707964601769914
68_00_3_45_2_23_7_03_37_62,68.0,0.8529770754776955,0.9671263611437524,0.6499503688899713,0.42373915130748185,0.6891891891891891,0.2756756756756757,0.428454388740245,0.527027027027027,0.3644859813084112
68_00_4_44_1_58_20_03_8_48,68.0,0.8457962371400314,0.9603935761848805,0.7009745891717822,0.3913454490654027,0.7837837837837838,0.21014492753623187,0.460795677827879,0.5405405405405406,0.40816326530612246
69_00_0_00_1_18_3_70_9_02,69.0,0.8540042480844624,0.9611681853281854,0.43356879371454304,0.2688498164913447,0.5135135135135135,0.15966386554621848,0.2623940887181011,0.16216216216216217,0.4444444444444444
69_00_1_30_2_88_9_35_34_51,69.0,0.845608555824429,0.9638699613899614,0.8389324679614877,0.4890559336768288,0.918918918918919,0.272,0.5236278590892581,0.7027027027027027,0.40310077519379844
7_00_6_09_14_50_64_82_69_66,7.0,0.8099238464568056,0.9576189189189189,0.9206973117040769,0.8538227303055657,1.0,0.7628865979381443,0.8699648876679311,1.0,0.7872340425531915
70_00_1_37_1_29_29_88_34_79,70.0,0.8559522954875396,0.9654096688237533,0.7567863638898904,0.45493280808791475,0.8243243243243243,0.26406926406926406,0.4700255707170841,0.5675675675675675,0.40384615384615385
71_00_0_28_2_69_23_91_10_19,71.0,0.8618748826297431,0.966766966966967,0.6530598739086136,0.35393174980690023,0.6621621621621622,0.20502092050209206,0.35834187212750596,0.3918918918918919,0.34523809523809523
71_00_0_71_2_64_3_23_4_77,71.0,0.8597703493228489,0.9650669669669669,0.3640809795932626,0.22522780438915768,0.3918918918918919,0.14948453608247422,0.17547046195799568,0.13513513513513514,0.25
72_00_2_09_3_57_7_20_12_88,72.0,0.8374637481216118,0.9571095149944465,0.6258881393330202,0.33624722010557084,0.7432432432432432,0.16717325227963525,0.3216647456542861,0.3783783783783784,0.2916666666666667
72_00_6_96_5_27_54_16_4_62,72.0,0.8638046866688838,0.970737948907812,0.7840573953519494,0.5062629940779994,0.8243243243243243,0.32275132275132273,0.5920966749434913,0.7027027027027027,0.5098039215686274
73_00_0_60_4_44_16_98_16_09,73.0,0.8427548286938404,0.961882542001461,0.6207633492892066,0.379286762933651,0.7027027027027027,0.21940928270042195,0.39411882701887185,0.4594594594594595,0.3541666666666667
74_00_0_94_2_68_34_22_6_73,74.0,0.8698427335673093,0.9703976936936937,0.8080892528267549,0.49524299188568777,0.8648648648648649,0.29493087557603687,0.5659955052486714,0.6486486486486487,0.5052631578947369
75_00_1_15_5_61_25_65_18_33,75.0,0.8506117079116186,0.965846372688478,0.8645394527969297,0.485354478150664,0.9324324324324325,0.2633587786259542,0.5811264455215601,0.7702702702702703,0.44881889763779526
76_00_2_74_2_86_4_00_9_38,76.0,0.8610586095002228,0.9659043875043875,0.47580845289314966,0.29167232620395034,0.5540540540540541,0.17012448132780084,0.31517000209071727,0.25675675675675674,0.40425531914893614
77_00_3_17_1_92_17_31_13_99,77.0,0.8567830828400956,0.9652496188496188,0.6657796585877753,0.36002087138013755,0.6891891891891891,0.20238095238095238,0.40642876582079035,0.40540540540540543,0.4225352112676056
78_00_1_75_5_11_3_16_49_54,78.0,0.8730410484071062,0.9735252822442696,0.8658922252083141,0.5554489528175199,0.918918918918919,0.34517766497461927,0.6123555379427922,0.7432432432432432,0.514018691588785
79_00_3_20_5_27_8_09_20_46,79.0,0.8435566816172595,0.958534054054054,0.5545847896029141,0.27285977361861585,0.5945945945945946,0.14102564102564102,0.27841781383891623,0.2972972972972973,0.27848101265822783
8_00_2_40_9_87_66_46_34_50,8.0,0.6727231813376322,0.9128984984984985,0.8282721826591948,0.6383277249836158,0.9594594594594594,0.4930555555555556,0.7598030941787146,0.8648648648648649,0.7191011235955056
80_00_3_13_6_15_3_44_3_96,80.0,0.8843861894068722,0.9733143810477144,0.350943223539545,0.19133519565406754,0.24324324324324326,0.16981132075471697,0.12006309073468743,0.04054054054054054,0.375
81_00_3_00_7_40_52_17_38_41,81.0,0.880359876125144,0.9748999340804219,0.9841133046344668,0.6318760948693971,1.0,0.4065934065934066,0.7953516411267231,0.9324324324324325,0.6831683168316832
82_00_3_09_6_78_11_16_7_93,82.0,0.8632477981485408,0.9663851514164767,0.5159764407105264,0.2844644505769306,0.5405405405405406,0.1652892561983471,0.29812441188333505,0.3108108108108108,0.3026315789473684
83_00_0_00_4_21_9_38_36_80,83.0,0.8668652569994268,0.9714651222651223,0.7704881753454811,0.49144502733525286,0.8243243243243243,0.3034825870646766,0.4513783816521886,0.5675675675675675,0.37168141592920356
83_00_1_15_4_33_26_81_2_61,83.0,0.8765231924973772,0.9725459459459459,0.6555504441669476,0.4223333286293783,0.6891891891891891,0.2712765957446808,0.41149588313749746,0.5,0.3523809523809524
83_00_3_14_4_66_2_77_7_21,83.0,0.8789665248169907,0.9719444015444015,0.3231715313893512,0.18960524278357727,0.2702702702702703,0.15151515151515152,0.10780159265508941,0.06756756756756757,0.19230769230769232
83_00_4_17_0_92_6_02_8_40,83.0,0.8755576983384844,0.970872072072072,0.452863007719138,0.17440777519775055,0.28378378378378377,0.12574850299401197,0.12552023346194452,0.08108108108108109,0.21428571428571427
84_00_0_00_4_59_21_03_14_40,84.0,0.8714610108329589,0.9670542448330683,0.6157228290270373,0.32805224463733784,0.6621621621621622,0.17625899280575538,0.25746322236898517,0.25675675675675674,0.2753623188405797
84_00_0_41_0_00_29_54_5_95,84.0,0.8464853160538028,0.9623046104928458,0.6998310268856225,0.355361098070528,0.7567567567567568,0.1794871794871795,0.43510190933181236,0.581081081081081,0.33858267716535434
84_00_4_97_1_65_4_14_26_40,84.0,0.8511797438075677,0.9640819077901431,0.6314513275031185,0.3491486524215448,0.6756756756756757,0.1937984496124031,0.3669285562386307,0.47297297297297297,0.29914529914529914
85_00_0_00_3_30_13_48_20_06,85.0,0.8668221411249408,0.9713689503456945,0.7775075290759608,0.4664825007310311,0.8108108108108109,0.27906976744186046,0.45844069557653416,0.581081081081081,0.3739130434782609
86_00_0_70_4_04_15_53_3_01,86.0,0.8897956984769896,0.9745448897173035,0.4022906856757129,0.2521963215105385,0.33783783783783783,0.20491803278688525,0.21001771176686276,0.14864864864864866,0.3142857142857143
86_00_0_94_1_10_14_88_53_00,86.0,0.8860444177447211,0.9744981671326499,0.8456426235644123,0.4963133342396122,0.9054054054054054,0.2815126050420168,0.6411919497792581,0.7432432432432432,0.5612244897959183
86_00_2_30_1_62_17_93_3_67,86.0,0.8736229253362812,0.971986331158745,0.6034202447791865,0.35578898138326137,0.6081081081081081,0.22167487684729065,0.35248282566583006,0.43243243243243246,0.3018867924528302
86_00_3_09_5_60_37_27_48_93,86.0,0.8852603981323823,0.9746470332401367,0.8765005074867313,0.54070333468169,0.918918918918919,0.3269230769230769,0.6671928842860653,0.7567567567567568,0.5957446808510638
87_00_0_08_10_08_5_38_22_88,87.0,0.8655834188092035,0.9664299754299754,0.5067320721631916,0.266189501276497,0.5405405405405406,0.145985401459854,0.2504453864018857,0.20270270270270271,0.32608695652173914
88_00_2_11_1_84_3_28_2_31,88.0,0.8748662633620655,0.9695327057394473,0.27647290551117765,0.189635730112578,0.35135135135135137,0.11926605504587157,0.18274656073262857,0.08108108108108109,0.42857142857142855
89_00_2_10_2_42_4_01_24_19,89.0,0.8645818348286055,0.9702409609609609,0.743365276340621,0.44357186082622485,0.8108108108108109,0.25316455696202533,0.4642202699031966,0.6081081081081081,0.36585365853658536
9_00_6_39_8_89_19_88_90_76,9.0,0.7391940943804374,0.9259654054054054,0.8826280086242112,0.6313195868950413,0.9864864864864865,0.46496815286624205,0.8067751966853646,0.8918918918918919,0.7674418604651163
90_00_3_02_6_95_54_08_2_61,90.0,0.8964146927362784,0.9786998514998515,0.7493920041120026,0.5052900178471015,0.7702702702702703,0.3413173652694611,0.505108466241346,0.5540540540540541,0.47126436781609193
90_00_5_39_1_66_5_80_23_14,90.0,0.8705250382839993,0.9685312741312742,0.39777783684807044,0.2466541052286733,0.4864864864864865,0.14007782101167315,0.2186422824908797,0.17567567567567569,0.28888888888888886
91_00_0_00_1_37_25_92_3_66,91.0,0.8712192262281484,0.9731997649823737,0.738686139734714,0.46585889632762983,0.7972972972972973,0.2822966507177033,0.47645036037236355,0.5945945945945946,0.39285714285714285
91_00_0_30_0_56_6_08_3_72,91.0,0.8816539930704452,0.9702227967097532,0.4849119869113324,0.27248868998178416,0.5135135135135135,0.1589958158995816,0.21126484007184945,0.17567567567567569,0.2708333333333333
91_00_1_67_3_84_3_81_12_24,91.0,0.8657205097777056,0.9679043478260869,0.320107258063988,0.18828594068810509,0.36486486486486486,0.1134453781512605,0.16978684747095002,0.14864864864864866,0.21153846153846154
92_00_2_71_3_35_19_40_30_55,92.0,0.8642136726455707,0.9706406277244987,0.8268323401137427,0.47218844710284047,0.8783783783783784,0.2631578947368421,0.4830616775747131,0.6621621621621622,0.362962962962963
93_00_0_69_0_91_2_27_27_25,93.0,0.8903946042862527,0.9741844738355376,0.6766201608587489,0.37617744621947563,0.6756756756756757,0.22123893805309736,0.316360791880455,0.2702702702702703,0.38461538461538464
94_00_1_70_2_95_27_42_3_39,94.0,0.8919673283334857,0.9784448364153627,0.7368897976715341,0.5103924811148788,0.7702702702702703,0.3475609756097561,0.5794498843420409,0.6621621621621622,0.5157894736842106
94_00_1_87_2_82_17_19_18_49,94.0,0.8752405774171288,0.973479146514936,0.6727380930015275,0.41374491471129027,0.7297297297297297,0.24545454545454545,0.4308973203343633,0.5675675675675675,0.3387096774193548
95_00_0_00_6_60_19_15_3_58,95.0,0.8650185079751147,0.966779954954955,0.5716999870609968,0.304144296245129,0.6351351351351351,0.15824915824915825,0.3175213962534195,0.36486486486486486,0.2903225806451613
95_00_1_16_2_85_19_48_11_32,95.0,0.8711026101233643,0.9669216216216217,0.5601979641867688,0.23862350360052179,0.5135135135135135,0.125,0.30330174082424627,0.25675675675675674,0.37254901960784315
96_00_0_81_2_01_21_67_1_58,96.0,0.8951993216934352,0.9772854834215658,0.7016485825011427,0.40643177399398844,0.6621621621621622,0.26063829787234044,0.4802672549153462,0.527027027027027,0.4482758620689655
96_00_7_79_1_21_14_04_21_46,96.0,0.8851277288451733,0.9735917525773196,0.48618690852182533,0.301920023245204,0.5405405405405406,0.18181818181818182,0.2856362499829662,0.22972972972972974,0.3695652173913043
97_00_1_40_1_09_37_43_2_87,97.0,0.8804037310720004,0.9706093767236624,0.60296270464658,0.32711725470166764,0.6081081081081081,0.18828451882845187,0.3143727651215799,0.28378378378378377,0.3620689655172414
98_00_0_66_3_51_17_58_7_66,98.0,0.8732707048772088,0.9707450723450723,0.6863834333223582,0.37243113388502064,0.7162162162162162,0.20463320463320464,0.46804018185588153,0.5540540540540541,0.40594059405940597
99_00_0_84_0_65_4_76_19_81,99.0,0.867710558956865,0.9707578378378379,0.5562630771295933,0.3350796471684479,0.5945945945945946,0.2009132420091324,0.31869136157080385,0.43243243243243246,0.24806201550387597
