Name,CI,LSR,BSL,HMS,MCC_5,TPR_5,PPV_5,MCC_9,TPR_9,PPV_9
1_00_1_31_8_35_53_01_9_61,1.0,0.9589015570509946,0.9932432432432432,0.9783860148148149,0.9865765724632495,1.0,0.9866666666666667,0.9865765724632495,1.0,0.9866666666666667
1_00_2_65_10_68_37_88_45_07,1.0,0.9899496641464985,1.0,1.0,1.0,1.0,1.0,1.0,1.0,1.0
10_00_1_79_9_26_24_89_96_49,10.0,0.9667992790803288,0.9934830466830467,0.985834192253637,0.9645619455667132,1.0,0.9367088607594937,0.9413565308107914,0.9594594594594594,0.9342105263157895
10_00_7_49_4_56_48_53_74_08,10.0,0.9870844460434018,0.9990433660933661,0.9971558230328029,0.9925498454392663,0.9864864864864865,1.0,0.9850636549546777,0.972972972972973,1.0
100_00_4_51_5_21_22_99_1_70,100.0,0.9187766581727759,0.9840171394166444,0.9499528071614878,0.6137137906838253,0.972972972972973,0.39344262295081966,0.6930095212263395,0.6621621621621622,0.7313432835820896
101_00_0_85_0_38_3_08_19_93,101.0,0.9356217019149302,0.9841912957074722,0.9863525594352338,0.5600152462150594,1.0,0.3203463203463203,0.8193075979669042,0.9594594594594594,0.7029702970297029
102_00_6_47_6_17_2_56_9_35,102.0,0.8534930042220171,0.9666168590921018,0.7542117544524971,0.2968186000415689,0.527027027027027,0.17972350230414746,0.0,0.0,0.0
103_00_0_13_0_92_41_41_10_35,103.0,0.9506455113661645,0.9901009355509356,0.9918520710654036,0.6988663960172936,1.0,0.49333333333333335,0.8418657043006741,1.0,0.7115384615384616
103_00_0_55_1_45_13_42_0_67,103.0,0.9396637279247763,0.9899125,0.9764294083194445,0.7171160626294789,0.972972972972973,0.5333333333333333,0.5613326979854307,0.36486486486486486,0.8709677419354839
104_00_0_00_4_03_32_13_5_55,104.0,0.9527320709554793,0.9906012097812098,0.9890474358413817,0.7110812926624746,1.0,0.5103448275862069,0.8482830432583298,0.9054054054054054,0.7976190476190477
105_00_1_36_0_00_8_68_4_15,105.0,0.8794062362091637,0.9739297042325344,0.9175717176578728,0.49563918608363033,0.8783783783783784,0.28761061946902655,0.0,0.0,0.0
106_00_0_00_2_68_29_45_20_98,106.0,0.9744712536833883,0.9965767491790857,0.9943436292545488,0.8860716167949023,0.972972972972973,0.8089887640449438,0.905856382586262,0.918918918918919,0.8947368421052632
106_00_0_45_7_36_30_11_9_13,106.0,0.9492240264285298,0.9883244885071988,0.9712959195304159,0.622813316442171,1.0,0.39361702127659576,0.8486704047560001,0.8783783783783784,0.8227848101265823
107_00_1_46_1_03_17_91_2_52,107.0,0.9274816527609782,0.9793567192192192,0.9692843791997515,0.4636305328901855,1.0,0.2222222222222222,0.820165991216785,0.9459459459459459,0.7142857142857143
108_00_0_00_1_97_1_80_6_07,108.0,0.8059154024502945,0.9615269154475576,0.5044731345099045,-0.0015154020155277248,0.0,0.0,0.0,0.0,0.0
109_00_1_44_4_40_4_14_16_40,109.0,0.9575842146636317,0.9916823218673219,0.9909236105974477,0.7062898907130998,1.0,0.5034013605442177,0.8611608578540867,0.918918918918919,0.8095238095238095
109_00_2_45_0_97_30_43_1_85,109.0,0.9570076341023356,0.9913055773955773,0.9706233922741361,0.6917901578716645,0.9864864864864865,0.4899328859060403,0.8196835476990316,0.8378378378378378,0.8051948051948052
11_00_4_88_9_02_7_94_27_55,11.0,0.9505225223429122,0.989688963963964,0.9767009590424537,0.9207497634264666,1.0,0.8604651162790697,0.9428365123077749,0.972972972972973,0.9230769230769231
110_00_0_07_2_83_1_88_34_57,110.0,0.9484838136750332,0.9908300340881422,0.9837609808716227,0.7163071931191092,1.0,0.5174825174825175,0.847169690176947,0.7702702702702703,0.9344262295081968
110_00_5_54_0_00_13_69_37_78,110.0,0.9492953775850568,0.9889850255661067,0.9945481829630815,0.6481224389918658,1.0,0.42528735632183906,0.8911911066059974,0.972972972972973,0.8181818181818182
111_00_0_00_2_08_4_65_13_14,111.0,0.8774038429495671,0.975384930019305,0.9609474780652806,0.6062022707323127,0.9864864864864865,0.37823834196891193,0.344105791649952,0.17567567567567569,0.6842105263157895
112_00_4_91_2_09_9_29_28_55,112.0,0.9676458210093597,0.9943647452762497,0.997322505088979,0.793219510411331,1.0,0.6324786324786325,0.9380242298482021,1.0,0.8809523809523809
112_00_5_20_2_60_12_26_13_54,112.0,0.9446609500600377,0.9893644223869887,0.9719305154407302,0.6781037138324034,0.9864864864864865,0.47096774193548385,0.7735067549627459,0.6621621621621622,0.9074074074074074
113_00_0_00_0_96_7_64_11_08,113.0,0.9488592868895794,0.9872402086296823,0.9509148986017717,0.5330092744938508,0.9864864864864865,0.29435483870967744,0.6883247781178264,0.5675675675675675,0.84
114_00_0_78_2_63_1_32_16_68,114.0,0.9001848564258477,0.9808443595769682,0.9672254645053832,0.6162035152662129,0.9864864864864865,0.39037433155080214,0.6285255736629712,0.5135135135135135,0.7755102040816326
115_00_0_00_0_87_2_88_2_07,115.0,0.85181833428303,0.9667180219012116,0.7672782025018172,0.35169262653516425,0.6216216216216216,0.20909090909090908,0.0,0.0,0.0
115_00_2_38_3_32_1_36_5_93,115.0,0.9107047077095558,0.9847596808014911,0.946732372619381,0.6621047214372224,0.918918918918919,0.48226950354609927,0.28623303063428396,0.0945945945945946,0.875
116_00_0_00_0_30_13_40_22_52,116.0,0.9693324955324564,0.9954677292677293,0.9943115700715439,0.8589287634546041,1.0,0.74,0.8407200500208272,0.8918918918918919,0.7951807228915663
116_00_0_00_6_30_15_40_2_82,116.0,0.9198170646192348,0.9853498498498499,0.9138086772083209,0.5955196462105842,0.8513513513513513,0.4228187919463087,0.3280048237731954,0.14864864864864866,0.7333333333333333
116_00_2_77_2_71_13_53_43_39,116.0,0.9720979540347191,0.9956604527604528,0.9891878044224193,0.8035820712772045,0.9864864864864865,0.6576576576576577,0.9245511691828641,0.918918918918919,0.9315068493150684
117_00_3_94_5_31_12_50_5_67,117.0,0.895887898483593,0.9748573637196518,0.9710556303632827,0.49528270673492514,1.0,0.25170068027210885,0.7415222714825118,0.8648648648648649,0.64
118_00_0_00_0_55_15_53_12_18,118.0,0.9552333552988266,0.9917977174653645,0.9724327314713591,0.7169381839689808,0.9864864864864865,0.5251798561151079,0.6766527716092331,0.6216216216216216,0.7419354838709677
118_00_0_98_0_71_7_33_1_22,118.0,0.803108194818337,0.9489166704519646,0.8655774885179934,0.3575578071478434,0.9594594594594594,0.14087301587301587,0.28627008870546156,0.0945945945945946,0.875
119_00_1_18_1_32_14_60_2_11,119.0,0.8070783922786663,0.9505005518018018,0.9677692606290037,0.36906994538260307,1.0,0.1434108527131783,0.5902385399918694,0.4189189189189189,0.8378378378378378
12_00_4_88_5_43_54_59_12_08,12.0,0.9687349489109938,0.992929106029106,0.9740180199309463,0.9379909290566607,0.9864864864864865,0.9012345679012346,0.9556352128340201,0.9459459459459459,0.9722222222222222
120_00_0_02_4_30_8_59_15_24,120.0,0.9518573769237402,0.9906411882957338,0.9865116772359561,0.678935842629264,1.0,0.46540880503144655,0.8041288084850365,0.8378378378378378,0.775
120_00_5_09_6_15_3_72_27_57,120.0,0.9587136816061174,0.9915728054500782,0.9942502363590473,0.678935842629264,1.0,0.46540880503144655,0.8793857870387932,0.9324324324324325,0.8313253012048193
121_00_0_07_1_44_11_78_3_75,121.0,0.9066341349487635,0.9766730948161276,0.9880995995595802,0.4595447008039011,1.0,0.21764705882352942,0.8866461098929097,0.9054054054054054,0.8701298701298701
122_00_0_00_1_67_7_31_6_41,122.0,0.8221324449909247,0.9613065919578114,0.9523484779792099,0.4983525980236202,0.9864864864864865,0.2579505300353357,0.0,0.0,0.0
122_00_0_00_8_26_10_77_24_46,122.0,0.9614814547175745,0.9930463414634146,0.9869679376180769,0.7351060511660512,1.0,0.5441176470588235,0.8402890228369798,0.8243243243243243,0.8591549295774648
123_00_0_54_2_42_28_12_6_02,123.0,0.9460391562102933,0.9884862903225806,0.991960415214307,0.6356363727376158,1.0,0.4088397790055249,0.8604153689974996,0.9864864864864865,0.7525773195876289
124_00_3_86_2_05_11_88_4_79,124.0,0.9461166350302787,0.9914691675675675,0.9659419916618672,0.6596473539176004,0.9054054054054054,0.4855072463768116,0.5011407002608801,0.35135135135135137,0.7222222222222222
125_00_0_48_1_61_10_04_6_96,125.0,0.9582398727340131,0.9914077005577006,0.9735185235103535,0.6512162227765365,0.9864864864864865,0.43452380952380953,0.805084621871833,0.918918918918919,0.7083333333333334
126_00_0_15_1_54_8_86_29_97,126.0,0.929174291665813,0.9822731006597148,0.9900676324980436,0.49059946054580067,1.0,0.24666666666666667,0.878947869516093,0.9864864864864865,0.7849462365591398
127_00_4_55_2_77_16_27_9_69,127.0,0.9552723470365618,0.9924516152871622,0.9567212709380308,0.7166148444547102,0.9459459459459459,0.546875,0.678376442371243,0.6621621621621622,0.7
128_00_0_21_1_18_27_07_14_12,128.0,0.9318004441862306,0.9813446260213702,0.9948447043452545,0.4599292624639013,1.0,0.21764705882352942,0.8886668164206505,0.9864864864864865,0.8021978021978022
129_00_0_00_1_69_9_42_8_72,129.0,0.8166093602071145,0.9531058212058212,0.9506688854392751,0.3603301402963774,1.0,0.13653136531365315,0.6825878593493565,0.6756756756756757,0.6944444444444444
13_00_6_08_9_79_33_18_20_56,13.0,0.9580585686477315,0.9913496138996138,0.9759194076807368,0.9199686859383253,0.9864864864864865,0.8690476190476191,0.9116779493522406,0.9054054054054054,0.9305555555555556
130_00_2_12_2_68_25_82_15_07,130.0,0.9668241109388345,0.9945104291314215,0.9836966857913204,0.7684780815139128,0.972972972972973,0.6101694915254238,0.7486762811926325,0.6756756756756757,0.8333333333333334
131_00_0_87_2_55_1_26_0_41,131.0,0.8311848387048868,0.964628276003276,0.6315528682098331,0.12271119012182513,0.17567567567567569,0.09848484848484848,0.0,0.0,0.0
131_00_1_87_0_33_16_05_0_79,131.0,0.8399426436918249,0.9633479217854218,0.9786941187996415,0.4032441900596938,1.0,0.1689497716894977,0.0,0.0,0.0
131_00_6_32_0_87_9_78_0_00,131.0,0.8551598892962291,0.9661604524979525,0.9772028044747632,0.4061653774329807,1.0,0.1712962962962963,0.2316603766521379,0.05405405405405406,1.0
132_00_1_31_3_98_6_22_1_14,132.0,0.8176700201916371,0.9659287035155456,0.7703321186057566,-0.0019623058604108,0.0,0.0,0.0,0.0,0.0
132_00_2_82_2_60_18_82_0_64,132.0,0.8017573952158568,0.9505148242227189,0.9824927254605189,0.36302873333816643,1.0,0.1383177570093458,0.7708930616345879,0.7567567567567568,0.7887323943661971
133_00_0_64_0_94_5_09_3_30,133.0,0.9207400137406987,0.9861430213795885,0.9327016614964585,0.5938316748871125,0.9324324324324325,0.38333333333333336,0.5561878875157718,0.40540540540540543,0.7692307692307693
134_00_0_10_2_85_4_89_27_70,134.0,0.956592725707143,0.9917375075075076,0.9709280824430973,0.6947372359443231,0.972972972972973,0.5,0.7661349879968204,0.7027027027027027,0.8387096774193549
134_00_0_40_1_36_8_83_20_14,134.0,0.9594114220933176,0.9920396996996997,0.9921603692065856,0.7168553834263313,1.0,0.5174825174825175,0.8758883671903612,0.8648648648648649,0.8888888888888888
135_00_3_57_0_00_2_94_1_61,135.0,0.8200935852727627,0.9640315779014308,0.8388581958686593,0.25647756381551334,0.24324324324324326,0.28125,0.0,0.0,0.0
136_00_1_95_0_87_9_37_26_93,136.0,0.963286385657479,0.9932132274610377,0.9786510624862481,0.7391968384988925,0.9864864864864865,0.5572519083969466,0.8709972878176346,0.8108108108108109,0.9375
136_00_4_21_0_22_3_50_6_15,136.0,0.8426661692746544,0.9591553856776485,0.9314178249727978,0.3539325744695324,0.9864864864864865,0.13345521023765997,0.6596780604133545,0.6621621621621622,0.6621621621621622
137_00_0_00_1_05_2_63_7_18,137.0,0.7290359109435307,0.9230705248726988,0.9417120326661514,0.24330035298073469,1.0,0.06601248884924175,0.0,0.0,0.0
137_00_0_00_3_02_15_97_20_50,137.0,0.9383615951252677,0.9842323540932236,0.9914572082814006,0.5051396170292975,1.0,0.2605633802816901,0.8622075327466876,0.972972972972973,0.7659574468085106
137_00_2_80_1_27_6_21_3_49,137.0,0.7674430370801314,0.9418761946729338,0.7111482048097182,0.20348102321067493,0.5675675675675675,0.08267716535433071,0.0,0.0,0.0
138_00_0_58_1_89_9_93_2_99,138.0,0.8192118185469217,0.9579522360489986,0.927394543438984,0.3780631176615689,0.9864864864864865,0.15113871635610765,0.0,0.0,0.0
139_00_0_00_0_83_9_16_1_78,139.0,0.8187831563905055,0.9613518629343629,0.949670405849415,0.4770085898809007,0.9864864864864865,0.23624595469255663,0.0,0.0,0.0
14_00_9_99_9_25_46_28_11_15,14.0,0.9476038822733328,0.9891542342342342,0.9655847073087824,0.906738376726506,0.972972972972973,0.8571428571428571,0.9142974822134639,0.9324324324324325,0.9078947368421053
140_00_0_00_0_18_1_88_2_78,140.0,0.7801832884947338,0.9466257619321449,0.7263190804591733,0.2269496151466087,0.5,0.11280487804878049,0.0,0.0,0.0
141_00_0_00_2_49_3_04_16_31,141.0,0.9597993248908276,0.991934992386753,0.9582481435345221,0.6452951062132308,0.9594594594594594,0.4382716049382716,0.7436337480816257,0.7702702702702703,0.7215189873417721
142_00_4_78_2_70_17_94_5_53,142.0,0.7954347175391838,0.9497213003213003,0.9151438577720193,0.33708418892651676,0.9864864864864865,0.12146422628951747,0.15472319683096197,0.04054054054054054,0.6
143_00_0_34_0_00_5_14_16_08,143.0,0.7850418148983808,0.9409410472972973,0.9524924507647814,0.27941476753956235,1.0,0.08447488584474885,0.0,0.0,0.0
144_00_3_18_2_92_3_02_22_39,144.0,0.761880306517979,0.939975890027959,0.8942580191025937,0.356154228734241,0.9864864864864865,0.13468634686346864,0.0,0.0,0.0
145_00_0_00_5_22_18_31_8_79,145.0,0.9347291710862938,0.9839658552388004,0.9884722252888156,0.5148193987604248,1.0,0.27007299270072993,0.8651120559431656,0.9864864864864865,0.7604166666666666
146_00_0_00_0_32_15_48_6_47,146.0,0.9371574750822307,0.9883211252068395,0.9786281832298392,0.6093915341230042,1.0,0.3756345177664975,0.7857051341201373,0.7027027027027027,0.8813559322033898
146_00_0_00_1_40_15_82_2_23,146.0,0.8059922009947338,0.9541099834528406,0.8975857906285937,0.3737893099834265,0.9594594594594594,0.1517094017094017,0.0,0.0,0.0
146_00_0_70_3_08_26_42_5_10,146.0,0.9061627957516748,0.9741183121897408,0.9785317026902762,0.39747810899845265,1.0,0.16371681415929204,0.7309221237565033,0.9864864864864865,0.5447761194029851
147_00_0_16_0_55_28_02_0_00,147.0,0.9603624499028565,0.9924295197224251,0.9920337642726089,0.6975652571063091,1.0,0.4900662251655629,0.8795774024154913,0.9324324324324325,0.8313253012048193
147_00_1_10_3_45_16_40_2_82,147.0,0.9638556127141471,0.9940563184806428,0.9861101286690068,0.755858502965199,0.972972972972973,0.5901639344262295,0.7700515452321223,0.7972972972972973,0.7468354430379747
148_00_1_58_5_89_40_00_4_82,148.0,0.9597489701988946,0.9925352711772175,0.9943191198593627,0.6883955291353698,1.0,0.4774193548387097,0.8514457344886603,0.8918918918918919,0.8148148148148148
149_00_0_00_0_88_26_55_26_10,149.0,0.9524746828033936,0.9891027027027027,0.9921524529927643,0.58710123160142,1.0,0.3490566037735849,0.907188064120893,0.972972972972973,0.8470588235294118
15_00_3_20_2_70_85_33_15_91,15.0,0.9657104867151063,0.9934975506756757,0.9903318168136612,0.9343531843023134,1.0,0.8809523809523809,0.9527953243174277,1.0,0.9135802469135802
15_00_3_39_10_29_66_64_48_48,15.0,0.976273174925949,0.9964783783783784,0.9961325496876392,0.9591663046625439,1.0,0.925,0.9785389737736913,0.9864864864864865,0.9733333333333334
150_00_3_55_0_53_9_16_24_58,150.0,0.9439511410835351,0.9864664757472704,0.9907910593181163,0.5102298776791335,1.0,0.26523297491039427,0.8601535480026218,0.8783783783783784,0.8441558441558441
151_00_0_00_0_00_18_98_3_16,151.0,0.9426255763816955,0.9865940522759602,0.992840538951815,0.5218874356822364,1.0,0.27715355805243447,0.8359835774959956,0.8918918918918919,0.7857142857142857
151_00_4_10_0_00_2_11_12_58,151.0,0.8279718795548066,0.9582581169985775,0.9640525351853737,0.36487491727237953,1.0,0.13883677298311445,0.0,0.0,0.0
152_00_4_22_1_50_11_08_6_57,152.0,0.8358305742288685,0.9611929606076665,0.9475102761665579,0.39018151095536946,1.0,0.15778251599147122,0.6829521829605103,0.6756756756756757,0.6944444444444444
153_00_0_00_0_56_28_71_6_48,153.0,0.951391023952711,0.9886419708669709,0.9866531974202414,0.5409207127400392,1.0,0.2971887550200803,0.8539141138934894,0.9054054054054054,0.8072289156626506
153_00_0_92_0_48_22_06_9_77,153.0,0.9081072093982577,0.9783797297297298,0.9905783395019285,0.4370737266809122,1.0,0.1962864721485411,0.8367745043016053,0.918918918918919,0.7640449438202247
154_00_0_39_2_43_3_19_0_47,154.0,0.8380649424917395,0.967268674803836,0.8923520369858312,0.4464341520230422,0.8918918918918919,0.22916666666666666,0.0,0.0,0.0
155_00_4_24_2_86_1_81_18_11,155.0,0.9245237917336231,0.9830283177408178,0.9899244459153351,0.49686310260018035,1.0,0.25170068027210885,0.8410797566366748,0.8918918918918919,0.7951807228915663
156_00_0_00_1_06_3_21_23_51,156.0,0.9081143453735945,0.9839059476674127,0.9857656094088302,0.616009132423302,1.0,0.38341968911917096,0.6982465522977844,0.527027027027027,0.9285714285714286
157_00_0_00_0_00_4_43_12_39,157.0,0.8725664980341112,0.9727784040369484,0.9005331056434188,0.4256690913834218,0.8513513513513513,0.21875,0.0,0.0,0.0
158_00_0_47_0_00_1_43_20_73,158.0,0.8921715755888514,0.9732191313955465,0.9566616022779991,0.4079844246865403,1.0,0.1716937354988399,0.7375450901708657,0.8108108108108109,0.6741573033707865
159_00_0_00_4_70_28_67_7_13,159.0,0.9397960494223263,0.9844691216216216,0.9939550528559041,0.46618723500891257,1.0,0.2222222222222222,0.881469886598247,0.972972972972973,0.8
16_00_6_65_8_35_6_28_45_83,16.0,0.9645117755773132,0.9924159777424484,0.9681740920125449,0.9254554092599288,0.972972972972973,0.8888888888888888,0.9292009926900107,0.9459459459459459,0.9210526315789473
160_00_1_96_2_81_7_46_17_67,160.0,0.9156374020145357,0.9805349336914554,0.9913644415832829,0.4766285397353815,1.0,0.23197492163009403,0.8699663863339705,0.8648648648648649,0.8767123287671232
161_00_0_19_0_64_0_00_0_96,161.0,0.8050690231879266,0.958722005338672,0.9667913311587983,0.4585206919022291,1.0,0.21511627906976744,0.0,0.0,0.0
162_00_1_63_0_25_15_08_20_33,162.0,0.933877917413436,0.983674954402255,0.9944373762352984,0.48215217367738755,1.0,0.23717948717948717,0.8227496448739554,1.0,0.6788990825688074
163_00_0_00_1_24_23_12_22_85,163.0,0.924571705257226,0.9799806773236651,0.9933656473589448,0.43042241660505487,1.0,0.19023136246786632,0.8079293767672587,1.0,0.6548672566371682
164_00_0_00_0_24_7_35_30_40,164.0,0.8389404206688269,0.9615353071253071,0.9477391693522355,0.3740123291839931,1.0,0.1450980392156863,0.3666418272758807,0.13513513513513514,1.0
164_00_1_46_0_39_4_24_11_16,164.0,0.7571479507506589,0.9291163226863227,0.9608607141705378,0.24054930433267915,1.0,0.06357388316151202,0.6188980151997315,0.7297297297297297,0.5294117647058824
165_00_0_28_2_15_13_36_11_08,165.0,0.9541502295224074,0.9898074812764572,0.9844737172414652,0.5990683993654157,1.0,0.3627450980392157,0.8979788874226832,0.9459459459459459,0.8536585365853658
166_00_1_77_0_00_3_96_6_96,166.0,0.7699508476299036,0.9430465447483412,0.8317036586442718,0.2871109681620347,0.918918918918919,0.09563994374120956,0.0,0.0,0.0
167_00_0_00_0_17_9_07_22_45,167.0,0.9072529898256834,0.9750160955598456,0.9955027603202417,0.37452054374009425,1.0,0.14538310412573674,0.7871368119268619,1.0,0.6218487394957983
168_00_0_21_0_61_2_60_2_33,168.0,0.8039005521283118,0.9610103150487765,0.15886668503514312,0.0,0.0,0.0,0.0,0.0,0.0
169_00_0_00_2_83_9_28_0_93,169.0,0.8597808122859631,0.9651008028616852,0.968801319202769,0.3649918430764716,1.0,0.1383177570093458,0.7294123002385323,0.7972972972972973,0.6704545454545454
17_00_4_01_7_64_31_07_8_61,17.0,0.9548165882986168,0.9896416666666666,0.9811523790484202,0.890415001378743,1.0,0.8043478260869565,0.8908129340389496,0.8783783783783784,0.9154929577464789
17_00_4_49_12_39_43_63_31_96,17.0,0.9558443872210733,0.9914316066066066,0.9828729107187738,0.9174884140184072,1.0,0.8505747126436781,0.9394365470869904,0.9864864864864865,0.9012345679012346
170_00_1_04_2_55_15_96_23_72,170.0,0.9333629430844484,0.9859574442863916,0.9934611212373053,0.5165020833147914,1.0,0.27106227106227104,0.8565138874893792,0.918918918918919,0.8
171_00_8_89_2_90_3_76_11_91,171.0,0.8532444647001762,0.9665433060967945,0.985065842707563,0.37127430766055175,1.0,0.14285714285714285,0.6469271043601617,0.6081081081081081,0.6923076923076923
172_00_0_74_1_62_20_83_14_41,172.0,0.9542806735095433,0.9900209107951883,0.9973798183972487,0.5875985441986403,1.0,0.3490566037735849,0.8726442755482252,1.0,0.7628865979381443
172_00_1_86_0_20_10_34_11_58,172.0,0.8684192204793371,0.9649102562099672,0.98340941086034,0.319461967642161,1.0,0.1072463768115942,0.7336661474532344,0.7972972972972973,0.6781609195402298
173_00_0_00_1_34_6_65_0_00,173.0,0.7139037137933784,0.9127484700217459,0.8638298101714541,0.20005334993203858,1.0,0.04553846153846154,0.45951059766015273,0.4594594594594595,0.4657534246575342
173_00_1_36_0_00_31_25_3_71,173.0,0.7962152531164219,0.9471037589313451,0.9881902616929698,0.2947995227518734,1.0,0.0921544209215442,0.8227470154579996,0.7837837837837838,0.8656716417910447
174_00_0_00_0_98_4_24_1_12,174.0,0.7280422882500207,0.9223099922779923,0.9110504533768938,0.2272344958171962,1.0,0.05705474171164225,0.0,0.0,0.0
175_00_5_65_1_15_8_04_1_34,175.0,0.8283016609408319,0.955805175061425,0.9610283591205162,0.31066849479432385,1.0,0.10164835164835165,0.6795928581635191,0.7432432432432432,0.625
176_00_0_00_0_19_10_30_0_28,176.0,0.7374946208201739,0.9253608413498244,0.9234855082735762,0.22506584573953065,1.0,0.056018168054504165,0.32982831629356946,0.12162162162162163,0.9
176_00_0_00_2_31_4_86_3_36,176.0,0.7214861818632643,0.9123897541609406,0.9612641594051913,0.1904437781419531,1.0,0.04171364148816235,0.6148661848249367,0.9054054054054054,0.42138364779874216
176_00_0_45_0_14_13_41_7_37,176.0,0.9531258231785982,0.9901210490151168,0.9955612137723192,0.6229584260423809,1.0,0.3915343915343915,0.8327377079268828,0.8108108108108109,0.8571428571428571
177_00_0_00_5_00_13_18_1_93,177.0,0.8692203583498435,0.9745001518372305,0.989644561503439,0.4556123361067529,1.0,0.21203438395415472,0.6725840013536424,0.5540540540540541,0.82
178_00_1_74_2_26_7_22_3_34,178.0,0.8072475147916006,0.9604117091952288,0.9394076023230861,0.5170499978884587,0.8648648648648649,0.3137254901960784,0.0,0.0,0.0
178_00_2_37_1_85_17_03_14_39,178.0,0.798179483809,0.9452369545523177,0.9749056975650667,0.283569689011954,1.0,0.08554913294797688,0.7713397126425904,0.8378378378378378,0.7126436781609196
179_00_0_36_6_59_6_44_3_40,179.0,0.806937889337724,0.9494734534534535,0.9345793085470194,0.2837957667829946,1.0,0.08564814814814815,0.0,0.0,0.0
18_00_3_39_6_74_20_34_49_30,18.0,0.9630338078047305,0.9935642958748222,0.9870349858374705,0.9410325013912638,1.0,0.891566265060241,0.9447287214437755,0.972972972972973,0.9230769230769231
180_00_2_32_3_85_1_74_2_02,180.0,0.8104126825060805,0.9576126250559952,0.8949627023617336,0.4698048812039101,0.8378378378378378,0.2683982683982684,0.0,0.0,0.0
181_00_2_41_1_70_1_24_16_45,181.0,0.8768612899093075,0.9680016038016038,0.9910349257122212,0.3287497836149842,1.0,0.11297709923664122,0.7798281244390723,0.9864864864864865,0.6186440677966102
181_00_2_58_1_08_0_99_6_73,181.0,0.7842949680081917,0.9447419735669735,0.7715921502510228,0.253112374251638,0.8783783783783784,0.07869249394673124,0.0,0.0,0.0
182_00_2_57_0_15_4_56_13_72,182.0,0.8759512691937752,0.9699347806823216,0.946623964675705,0.3585685828003181,1.0,0.13333333333333333,0.7607042442969584,0.7972972972972973,0.7283950617283951
183_00_0_56_1_47_2_44_8_08,183.0,0.8209994076606969,0.9634104509400705,0.98620603973099,0.4392575288881018,1.0,0.19733333333333333,0.6235475118709549,0.4594594594594595,0.85
183_00_3_69_1_54_2_65_2_08,183.0,0.8310979324508718,0.9600305376028202,0.7718534613101173,0.15308116552583936,0.43243243243243246,0.0622568093385214,0.0,0.0,0.0
184_00_0_58_0_01_3_94_0_09,184.0,0.7807231203403511,0.9445251643535427,0.8063977805437544,0.25928048562475703,0.9054054054054054,0.07976190476190476,0.0,0.0,0.0
184_00_4_76_0_00_0_00_2_40,184.0,0.8062894670234254,0.9532712636961286,0.8662663821571787,0.30777704094482855,0.9324324324324325,0.10681114551083591,0.0,0.0,0.0
185_00_0_00_0_11_17_23_2_94,185.0,0.8915033563667477,0.970921650682941,0.9894442222280838,0.33430517334510884,1.0,0.11653543307086614,0.7968036592231004,0.972972972972973,0.6545454545454545
186_00_5_01_0_84_1_97_17_78,186.0,0.9363481246791558,0.985023905188611,0.9911134299557075,0.46269464951933253,1.0,0.2182890855457227,0.7251493109659485,0.6486486486486487,0.8135593220338984
187_00_0_60_0_16_10_97_11_23,187.0,0.8685169167397354,0.9631015741805635,0.9688125073223115,0.2962489622345356,1.0,0.09261576971214018,0.7084943940845189,0.9594594594594594,0.5259259259259259
188_00_1_01_0_00_16_30_7_03,188.0,0.9124021638061831,0.9780136136136136,0.9940851539569494,0.3963739765375927,1.0,0.1615720524017467,0.7387453423549036,1.0,0.5481481481481482
189_00_0_04_1_48_17_27_7_03,189.0,0.826622043915408,0.955134466571835,0.9558887415804779,0.29153041530556545,1.0,0.08980582524271845,0.0,0.0,0.0
19_00_2_43_3_62_51_21_86_63,19.0,0.9790533778272298,0.9972783783783784,0.9953842917832066,0.9661147696665692,1.0,0.9367088607594937,0.9715504978662873,0.972972972972973,0.972972972972973
190_00_0_00_0_13_19_37_16_06,190.0,0.9403809093139467,0.984983323899816,0.9976272495874768,0.45003185224916264,1.0,0.20670391061452514,0.942588336343158,0.9864864864864865,0.9012345679012346
191_00_3_15_0_00_15_23_4_33,191.0,0.7567301864597511,0.9397857826576577,0.8879418180627257,0.2877403117369255,0.972972972972973,0.09,0.0,0.0,0.0
192_00_0_00_0_95_2_68_5_69,192.0,0.7277584221524742,0.9279226999019745,0.6657435408067016,0.18262509392487755,0.7432432432432432,0.05111524163568773,0.0,0.0,0.0
192_00_2_11_1_36_6_88_2_30,192.0,0.8292252395357078,0.9558212225178546,0.9902944671714767,0.28475542754958716,1.0,0.08584686774941995,0.7640963429905653,0.9459459459459459,0.6194690265486725
193_00_0_05_0_00_2_16_6_76,193.0,0.7906181616994021,0.9544823906380607,0.7617397813143749,0.09076864866159574,0.16216216216216217,0.05970149253731343,0.0,0.0,0.0
194_00_0_00_0_01_9_11_19_44,194.0,0.9484706009055246,0.9884325571725572,0.9962816295243833,0.6025531741276631,1.0,0.36633663366336633,0.8682394141030328,1.0,0.7551020408163265
195_00_0_00_0_00_3_11_5_95,195.0,0.779413862804176,0.9438502206287921,0.9730582004771168,0.2946384707878358,1.0,0.09147095179233622,0.49453714479896005,0.2702702702702703,0.9090909090909091
196_00_1_84_3_30_0_00_0_00,196.0,0.7261021391411548,0.9314157703388668,0.6424202230746656,0.128672073729308,0.3783783783783784,0.05156537753222836,0.0,0.0,0.0
197_00_0_00_1_76_5_23_10_28,197.0,0.858278779577341,0.9656978432978433,0.9411228533180663,0.3257271856157176,1.0,0.11061285500747384,0.7515115201048272,0.7162162162162162,0.7910447761194029
197_00_0_37_2_19_21_38_3_97,197.0,0.8977663267845042,0.969527770952771,0.9821536693405627,0.3035570943417917,1.0,0.09673202614379085,0.7129175908385611,0.9864864864864865,0.5177304964539007
197_00_0_72_1_19_15_11_12_47,197.0,0.9452404024848966,0.9873672126672126,0.999542259887614,0.512310561602092,1.0,0.26618705035971224,0.9615712606666766,1.0,0.925
198_00_0_00_1_89_22_21_2_24,198.0,0.8123978608243747,0.9553439291049843,0.9717065568841678,0.3339502223703162,1.0,0.11598746081504702,0.0,0.0,0.0
199_00_1_06_1_35_6_62_12_91,199.0,0.8955612800187772,0.9690291013513513,0.9761785327741935,0.3085554904298354,1.0,0.09973045822102426,0.6833506751117184,0.9459459459459459,0.49645390070921985
2_00_13_64_11_55_46_65_34_22,2.0,0.9656296883168023,0.9945198198198199,0.9878379093333328,0.9899494936611666,1.0,0.9866666666666667,0.9695416610201966,0.972972972972973,0.9863013698630136
20_00_0_50_3_86_40_30_15_74,20.0,0.9349737106657345,0.9857703346203346,0.9451250932733467,0.8211480700341133,0.9054054054054054,0.7613636363636364,0.7673158312622387,0.7567567567567568,0.8
200_00_3_10_0_65_0_29_0_00,200.0,0.7426766474880893,0.9285799852090897,0.7156450419931375,0.19220175533300127,0.8378378378378378,0.049639711769415534,0.0,0.0,0.0
21_00_0_96_6_96_13_89_64_82,21.0,0.9596714775164557,0.9927730343980344,0.9874361357718248,0.935565843066119,1.0,0.8809523809523809,0.9251076006890319,0.9594594594594594,0.8987341772151899
21_00_6_49_5_58_65_22_8_31,21.0,0.9670045649391337,0.9921288083538083,0.9871409265093902,0.8815340777836213,1.0,0.7872340425531915,0.9858429858429858,0.9864864864864865,0.9864864864864865
22_00_1_00_8_60_82_87_39_03,22.0,0.9757169143461287,0.9966782608695652,0.9933291522869666,0.966349828371701,1.0,0.9367088607594937,0.9516970965310052,0.972972972972973,0.935064935064935
22_00_11_64_4_48_70_83_51_40,22.0,0.9780304849413666,0.9970064042303173,0.9986658300280932,0.9599952651398387,1.0,0.925,0.9858722358722358,0.9864864864864865,0.9864864864864865
23_00_2_15_8_94_3_73_9_79,23.0,0.9389611433204957,0.9840926238738739,0.8930343789632722,0.761176967587948,0.8513513513513513,0.7,0.7673852134661485,0.7162162162162162,0.8412698412698413
23_00_3_20_4_54_58_38_45_70,23.0,0.9567257633250362,0.9922100225225226,0.9833919536106852,0.9078176454451269,1.0,0.8314606741573034,0.9208783943639129,0.972972972972973,0.8780487804878049
24_00_2_24_5_87_72_22_40_62,24.0,0.9646671919090963,0.993294972972973,0.9828411633681419,0.9094454824698711,0.972972972972973,0.8571428571428571,0.8925411440634231,0.8783783783783784,0.9154929577464789
25_00_2_97_6_20_21_00_67_37,25.0,0.9735099347715033,0.9956600311850312,0.9768629699031944,0.9345318359424852,0.9864864864864865,0.8902439024390244,0.943140519157612,0.9324324324324325,0.9583333333333334
26_00_8_50_10_40_48_78_40_50,26.0,0.9791003296458954,0.9971684184184184,0.9965996811241797,0.9479908644994867,1.0,0.9024390243902439,0.9723867950315314,0.9864864864864865,0.9605263157894737
27_00_0_00_8_21_5_42_17_01,27.0,0.943347759381993,0.9878667471042472,0.9458317479087823,0.8203261472007799,0.9324324324324325,0.7340425531914894,0.7674014456030147,0.7432432432432432,0.8088235294117647
28_00_6_04_11_69_5_92_18_30,28.0,0.9499927017915518,0.9888460857409134,0.9170375672034147,0.7986086166473048,0.8378378378378378,0.775,0.7689596618648787,0.7162162162162162,0.8412698412698413
29_00_1_61_7_29_73_12_13_59,29.0,0.9760498824000089,0.9971448648648649,0.9969444876644207,0.966709060515228,1.0,0.9367088607594937,0.9724937018069452,0.9864864864864865,0.9605263157894737
3_00_4_45_11_36_12_41_41_29,3.0,0.9512676957238952,0.9898614864864865,0.9756334587761385,0.9736795920896915,1.0,0.961038961038961,0.9547902299207498,0.9594594594594594,0.9726027397260274
3_00_6_36_10_10_38_36_53_64,3.0,0.9478007576622829,0.9889317567567567,0.9828527654549394,0.9652066781907032,1.0,0.9487179487179487,0.9822994862575031,1.0,0.9736842105263158
30_00_4_57_4_32_53_47_22_81,30.0,0.9630743061581176,0.9929163469921535,0.9881791965354467,0.8832563863180561,1.0,0.7872340425531915,0.9396865084981333,0.972972972972973,0.9113924050632911
31_00_2_57_8_37_55_93_13_06,31.0,0.9778095130202142,0.9962817145270271,0.9942757551202865,0.9308134411572971,1.0,0.8705882352941177,0.9660007794091644,0.9864864864864865,0.948051948051948
32_00_0_00_13_69_4_03_33_51,32.0,0.9664020439769905,0.9929745290745291,0.968574900409463,0.8452133763699349,0.9324324324324325,0.7752808988764045,0.7531862803213569,0.6486486486486487,0.8888888888888888
32_00_3_68_11_43_7_29_7_89,32.0,0.9495133309375181,0.9883237919737919,0.9425866148799364,0.716190855106302,0.7297297297297297,0.72,0.6971980287621471,0.6351351351351351,0.7833333333333333
33_00_0_88_4_49_5_91_16_41,33.0,0.9636895097867528,0.9934438791732909,0.9847468090276211,0.8986243973573205,1.0,0.8131868131868132,0.8547804113577642,0.8648648648648649,0.8533333333333334
34_00_4_42_6_01_38_14_16_18,34.0,0.9793888794210986,0.9973524324324324,0.9857275499627468,0.9399211429390876,0.972972972972973,0.9113924050632911,0.92847272911401,0.8918918918918919,0.9705882352941176
35_00_2_28_7_32_11_41_9_78,35.0,0.9557129538016109,0.9900868618618619,0.9635863952312906,0.773048608001488,0.8648648648648649,0.7032967032967034,0.7875442011614371,0.7432432432432432,0.8461538461538461
35_00_3_10_8_84_11_89_27_17,35.0,0.9657838124163495,0.9936369369369369,0.982240419054835,0.8812230151852594,0.9864864864864865,0.7934782608695652,0.8471042471042471,0.8513513513513513,0.8513513513513513
36_00_2_15_5_63_8_62_45_17,36.0,0.9692476133897383,0.9940558436815193,0.9714847512502446,0.8813207495037996,0.9864864864864865,0.7934782608695652,0.9191370338084252,0.9459459459459459,0.8974358974358975
37_00_14_80_2_89_15_49_34_73,37.0,0.9719289030004014,0.9942685988620199,0.965091157291126,0.8639169912834703,0.918918918918919,0.8192771084337349,0.8538049379478921,0.7972972972972973,0.921875
37_00_2_73_4_78_19_82_41_02,37.0,0.9843998319548013,0.9987139046941679,0.9975946505805314,0.9797887323224125,1.0,0.961038961038961,0.9719688127754124,0.9594594594594594,0.9861111111111112
37_00_3_47_7_62_8_75_11_62,37.0,0.9706583164031315,0.9947862731152205,0.9653056573734998,0.8901695667882858,0.9459459459459459,0.8433734939759037,0.8798556615676444,0.8648648648648649,0.9014084507042254
38_00_0_69_6_69_5_61_12_52,38.0,0.9470901578422891,0.9880421690921691,0.9719865226227361,0.7856882185742783,1.0,0.6271186440677966,0.8191077828286787,0.918918918918919,0.7391304347826086
38_00_5_02_3_27_5_40_4_26,38.0,0.9351880450525552,0.9866675675675676,0.8613275024348308,0.7029594915666376,0.7297297297297297,0.6923076923076923,0.3457260820641538,0.13513513513513514,0.9090909090909091
39_00_8_47_7_40_19_22_10_17,39.0,0.9672525639219264,0.993734695945946,0.9641380018104092,0.85353223713087,0.918918918918919,0.8,0.8111927898755713,0.7702702702702703,0.8636363636363636
4_00_7_11_10_02_77_59_71_55,4.0,0.9761460957729503,0.99702,0.9933559267356765,0.9916316520429012,1.0,0.9866666666666667,0.9831081081081081,0.9864864864864865,0.9864864864864865
4_00_8_12_10_38_76_22_31_68,4.0,0.9797570895327352,0.9959408108108108,0.989919965650101,0.9748243359065808,0.9864864864864865,0.9733333333333334,0.991546762974386,0.9864864864864865,1.0
40_00_4_49_1_89_11_07_7_47,40.0,0.9447781137363432,0.9875905405405405,0.9462176089179531,0.7509491423382849,0.9324324324324325,0.6160714285714286,0.8007700360547937,0.8378378378378378,0.775
40_00_4_80_4_62_37_76_6_94,40.0,0.9771764304637105,0.9966191166776532,0.9858936691768517,0.9133506718469788,0.9459459459459459,0.8860759493670886,0.8845384756784098,0.8378378378378378,0.9393939393939394
41_00_1_72_4_09_14_10_63_55,41.0,0.9648143818915922,0.9938851351351351,0.9905791276166243,0.899238785860712,1.0,0.8131868131868132,0.9243833469645723,0.9324324324324325,0.92
42_00_4_85_6_42_26_80_38_70,42.0,0.9761103973092371,0.9964630106851037,0.9922156090580981,0.9314005598028812,1.0,0.8705882352941177,0.9329409737342916,0.9594594594594594,0.9102564102564102
43_00_0_00_6_76_4_88_5_25,43.0,0.9628132756729089,0.9919937346437346,0.9688854733486957,0.7896527198191434,0.9054054054054054,0.6979166666666666,0.6068526589949269,0.47297297297297297,0.7954545454545454
43_00_0_00_9_37_19_67_5_32,43.0,0.9651314882138307,0.9929359336609337,0.9499086315149027,0.8121407863795399,0.8648648648648649,0.7710843373493976,0.7758932044868969,0.7027027027027027,0.8666666666666667
43_00_1_86_3_44_4_83_58_24,43.0,0.9763945159516403,0.9970533476658476,0.9937770346057573,0.9342386352859452,0.972972972972973,0.9,0.893323696897283,0.8648648648648649,0.927536231884058
43_00_3_58_8_14_43_09_31_32,43.0,0.9732180110591014,0.9958207923832924,0.9889373577258986,0.8948221474181458,0.972972972972973,0.8275862068965517,0.915067962096664,0.9594594594594594,0.8765432098765432
44_00_0_08_5_56_16_52_28_80,44.0,0.9730056128613196,0.9958724024024024,0.9790942767140813,0.8970463099034726,0.9054054054054054,0.8933333333333333,0.8613185824927885,0.7972972972972973,0.9365079365079365
44_00_4_60_4_79_15_42_4_80,44.0,0.9409893082926646,0.9864953753753753,0.963657440482026,0.74498089249817,1.0,0.5648854961832062,0.8152266793773709,0.918918918918919,0.7311827956989247
45_00_11_27_2_53_52_32_6_84,45.0,0.9757880646727427,0.9966302291421857,0.975693623905662,0.9225491758006942,0.972972972972973,0.8780487804878049,0.9256916815909964,0.9459459459459459,0.9090909090909091
46_00_1_85_5_31_2_48_20_17,46.0,0.9616894287926142,0.9925608108108108,0.9760653826021505,0.8092485773658146,0.9459459459459459,0.7,0.8580193833511202,0.8783783783783784,0.8441558441558441
46_00_3_70_3_86_25_24_75_35,46.0,0.9833027970071445,0.9987523864289821,0.9993530730299084,0.9864644586331801,1.0,0.9736842105263158,0.9931650475093265,1.0,0.9866666666666667
46_00_6_75_4_15_43_57_21_13,46.0,0.9699338782763367,0.994502932719954,0.970822235449261,0.8495853789619016,0.9459459459459459,0.7692307692307693,0.9010867560215005,0.8783783783783784,0.9285714285714286
47_00_0_00_7_39_33_49_9_44,47.0,0.9562994231782633,0.991379222972973,0.9757412854582304,0.8161314538000622,0.9864864864864865,0.6822429906542056,0.8647160978604745,0.918918918918919,0.8192771084337349
48_00_1_59_2_73_4_46_29_77,48.0,0.9527684127886448,0.9902877551020408,0.9532599092277098,0.8008398803308738,0.972972972972973,0.6666666666666666,0.8026924215895275,0.8648648648648649,0.7529411764705882
49_00_1_99_4_53_35_10_24_32,49.0,0.9837782411187591,0.9984224594594595,0.9933159377799176,0.9538146796107945,0.9864864864864865,0.9240506329113924,0.9509714818096768,0.9324324324324325,0.971830985915493
5_00_4_31_10_50_55_73_14_67,5.0,0.9543787508771857,0.989736036036036,0.9839194514778848,0.93964186223704,1.0,0.9024390243902439,0.9758381846400693,0.9864864864864865,0.9733333333333334
5_00_4_73_11_26_98_38_59_75,5.0,0.9785608594233475,0.9975515765765766,0.994569102341043,0.9919677414109795,1.0,0.9866666666666667,0.9919677414109795,1.0,0.9866666666666667
50_00_0_00_3_54_30_88_7_87,50.0,0.9648963670235431,0.9929845257021728,0.9644423771565482,0.8190719574902452,0.9324324324324325,0.7263157894736842,0.7832710943388451,0.7027027027027027,0.8813559322033898
51_00_2_86_6_83_20_34_29_60,51.0,0.9639907804476913,0.9935658004158004,0.990652269447014,0.8572642304355839,1.0,0.74,0.9040246188364015,0.9594594594594594,0.8554216867469879
51_00_3_68_3_82_47_05_6_54,51.0,0.9627637995554564,0.993308341995842,0.9825069952259088,0.8497458358486771,0.9864864864864865,0.7373737373737373,0.8965484657054483,0.9459459459459459,0.8536585365853658
52_00_2_33_4_42_40_59_49_71,52.0,0.9789927743864655,0.9976487761346252,0.9977074617170775,0.9549441494584882,1.0,0.9135802469135802,0.9735151541830579,1.0,0.9487179487179487
53_00_0_00_2_70_21_30_15_66,53.0,0.9204730536767398,0.9798426176176176,0.9681317859245462,0.6290216353554139,0.9864864864864865,0.4124293785310734,0.8127166700297435,0.9864864864864865,0.6759259259259259
53_00_0_60_15_22_9_38_24_83,53.0,0.9471007480778629,0.9916843593593594,0.9518836596128134,0.7210004253078477,0.7162162162162162,0.7361111111111112,0.6283401533117172,0.4594594594594595,0.8717948717948718
54_00_3_14_6_15_3_28_4_83,54.0,0.9373625952063673,0.9910072235872236,0.9459048806995835,0.7880855395563826,0.7972972972972973,0.7866666666666666,0.6860480218626701,0.5135135135135135,0.926829268292683
55_00_0_36_4_48_23_00_37_63,55.0,0.9721114060028572,0.9948958976833977,0.9376333667206793,0.8339955571474544,0.8918918918918919,0.7857142857142857,0.8308242571038392,0.7567567567567568,0.9180327868852459
55_00_6_09_3_52_2_80_15_16,55.0,0.9539546844482234,0.9927592664092664,0.9783405241484653,0.8675141327569446,0.9324324324324325,0.8117647058823529,0.6874738925952516,0.527027027027027,0.9069767441860465
56_00_1_53_6_81_15_03_50_43,56.0,0.9746815774836327,0.9964527264106211,0.9914778989315077,0.9061118856949478,0.972972972972973,0.8470588235294118,0.9333394300246809,0.9594594594594594,0.9102564102564102
57_00_0_53_1_94_18_61_12_64,57.0,0.9630412072536562,0.9933782851817334,0.9815082732422968,0.8875247411376017,0.9864864864864865,0.8021978021978022,0.9081269646042144,0.8783783783783784,0.9420289855072463
58_00_0_00_2_13_16_83_21_84,58.0,0.9547303890918026,0.9904652771415483,0.9512306766750042,0.7453073686823554,0.9594594594594594,0.5867768595041323,0.7402561934577374,0.6756756756756757,0.819672131147541
59_00_0_84_1_91_34_41_10_20,59.0,0.9537763607271227,0.9895423198198198,0.9959534139960368,0.7649083250708623,1.0,0.592,0.9478818590202143,0.9864864864864865,0.9125
6_00_7_80_13_47_53_60_62_63,6.0,0.9876329999935157,0.9995718146718147,1.0,1.0,1.0,1.0,1.0,1.0,1.0
60_00_5_49_1_95_6_14_31_56,60.0,0.9469350166722458,0.9875398316349137,0.9751337325444165,0.7011894655987544,1.0,0.5,0.8163827082971662,0.8783783783783784,0.7647058823529411
61_00_0_88_4_66_1_29_15_36,61.0,0.9343615699286187,0.9869279424585876,0.9672495487317635,0.7169389124330563,0.9864864864864865,0.5289855072463768,0.6497152410621346,0.4864864864864865,0.8780487804878049
62_00_4_26_5_77_33_09_23_15,62.0,0.9647302944713461,0.9933326469326469,0.9730695028937466,0.8250932980566459,0.9864864864864865,0.6952380952380952,0.8934512382850891,0.9594594594594594,0.8352941176470589
62_00_5_67_5_76_18_69_63_81,62.0,0.9687027793046035,0.9951863148863149,0.9913314878395936,0.8758636290965585,1.0,0.7708333333333334,0.897811353572826,0.9864864864864865,0.8202247191011236
63_00_1_23_2_79_4_71_3_76,63.0,0.9226137530679362,0.9850576858108108,0.9299250115007343,0.6719747264950396,0.8378378378378378,0.5486725663716814,0.5049729425199242,0.32432432432432434,0.8
64_00_3_44_7_03_56_49_15_10,64.0,0.9732927616615666,0.9958128482328482,0.9967332729187465,0.840851502942107,1.0,0.7115384615384616,0.9551072914974552,1.0,0.9135802469135802
65_00_1_39_3_54_24_95_24_83,65.0,0.9682587673795116,0.9951504709254709,0.9944852578812575,0.9052553117696573,1.0,0.8222222222222222,0.915744151028347,0.9594594594594594,0.8765432098765432
66_00_5_75_2_08_42_63_20_49,66.0,0.9677986791338197,0.9946604275917709,0.9886834497976943,0.8623506289700095,1.0,0.7474747474747475,0.8709339843895135,0.918918918918919,0.8292682926829268
67_00_0_37_2_73_35_47_3_47,67.0,0.9683837399446679,0.9950677464228935,0.9924185726886533,0.90312055824272,0.9864864864864865,0.8295454545454546,0.8515685641856676,0.8243243243243243,0.8840579710144928
68_00_0_15_3_83_31_61_3_95,68.0,0.9585029197974505,0.9908632197414806,0.986816346300727,0.7330849165067364,1.0,0.5441176470588235,0.8801050143189352,0.9054054054054054,0.8589743589743589
68_00_3_45_2_23_7_03_37_62,68.0,0.9446775401634541,0.9863530943987465,0.937079158096913,0.6184044186514479,0.972972972972973,0.4022346368715084,0.8088276594338133,0.8648648648648649,0.7619047619047619
68_00_4_44_1_58_20_03_8_48,68.0,0.9636743524419776,0.9934048570309439,0.9780268194106461,0.7946040011953065,0.9459459459459459,0.6730769230769231,0.7970920071425144,0.8108108108108109,0.7894736842105263
69_00_0_00_1_18_3_70_9_02,69.0,0.9567030414476688,0.990345250965251,0.9525878491532203,0.6983223586440769,0.9324324324324325,0.5307692307692308,0.6854027049500514,0.6756756756756757,0.704225352112676
69_00_1_30_2_88_9_35_34_51,69.0,0.9753813531624963,0.9966499806949807,0.9961016307712047,0.9157529282289777,1.0,0.8409090909090909,0.9241150627810633,0.918918918918919,0.9315068493150684
7_00_6_09_14_50_64_82_69_66,7.0,0.9616435184486855,0.9929028716216216,0.9960184145629067,0.9631548522638618,1.0,0.9367088607594937,0.9702535449004767,1.0,0.9487179487179487
70_00_1_37_1_29_29_88_34_79,70.0,0.9672453446027555,0.9942451084887705,0.9498359990968694,0.8234987770260797,0.9459459459459459,0.7216494845360825,0.8501201634496525,0.8108108108108109,0.8955223880597015
71_00_0_28_2_69_23_91_10_19,71.0,0.9738605313353248,0.9957098911411412,0.9723698832278502,0.7891279186775272,0.7702702702702703,0.8142857142857143,0.6941989056267751,0.5675675675675675,0.8571428571428571
71_00_0_71_2_64_3_23_4_77,71.0,0.8921018485856254,0.977169725975976,0.9254099076498442,0.5780701233854919,0.972972972972973,0.35294117647058826,0.523573284682205,0.3783783783783784,0.7368421052631579
72_00_2_09_3_57_7_20_12_88,72.0,0.9524931846027271,0.9901917252869308,0.9779979518813489,0.7564824023068878,1.0,0.578125,0.7926166876169993,0.7567567567567568,0.835820895522388
72_00_6_96_5_27_54_16_4_62,72.0,0.9591764595287395,0.9921784524250278,0.9921101616113911,0.8026515512166941,1.0,0.6491228070175439,0.8689337784686075,0.9054054054054054,0.8375
73_00_0_60_4_44_16_98_16_09,73.0,0.9633046086553887,0.9927609021183346,0.9856635451058097,0.8099793430721073,1.0,0.6607142857142857,0.7929318932289178,0.7162162162162162,0.8833333333333333
74_00_0_94_2_68_34_22_6_73,74.0,0.9739064372104702,0.9962513513513513,0.9931299156616804,0.898089042467785,0.9864864864864865,0.8202247191011236,0.9290041612780215,0.972972972972973,0.8888888888888888
75_00_1_15_5_61_25_65_18_33,75.0,0.9772874967939138,0.9969055298719772,0.9912326295887869,0.8830976530285877,0.9864864864864865,0.7934782608695652,0.9011049456116991,0.9324324324324325,0.8734177215189873
76_00_2_74_2_86_4_00_9_38,76.0,0.9429942591318876,0.9912726395226396,0.9826828315155315,0.7987529010278195,0.972972972972973,0.6605504587155964,0.7539107486409192,0.6756756756756757,0.847457627118644
77_00_3_17_1_92_17_31_13_99,77.0,0.9739597465482767,0.9956461191961192,0.9829059718872519,0.78184872653329,0.8108108108108109,0.759493670886076,0.7759398529432656,0.7297297297297297,0.8307692307692308
78_00_1_75_5_11_3_16_49_54,78.0,0.9742926746325875,0.9966306192268217,0.993481013517437,0.8954548927126051,1.0,0.8043478260869565,0.940913321442822,0.972972972972973,0.9113924050632911
79_00_3_20_5_27_8_09_20_46,79.0,0.9307397810319484,0.9850110304054054,0.9503550644475919,0.6427984382937442,0.9594594594594594,0.4382716049382716,0.7569867342716267,0.8243243243243243,0.7011494252873564
8_00_2_40_9_87_66_46_34_50,8.0,0.9682273074544766,0.9940489489489489,0.9894514890051387,0.970725343394151,1.0,0.9487179487179487,0.9778388574651916,1.0,0.961038961038961
80_00_3_13_6_15_3_44_3_96,80.0,0.8910854784654755,0.97784998331665,0.9147467140438543,0.5695414985347069,0.8918918918918919,0.3728813559322034,0.4953307419995747,0.28378378378378377,0.875
81_00_3_00_7_40_52_17_38_41,81.0,0.9721697774421602,0.9959706163480554,0.9985221678729722,0.8955067655521974,1.0,0.8043478260869565,0.9736964809291065,1.0,0.9487179487179487
82_00_3_09_6_78_11_16_7_93,82.0,0.9334792340827749,0.9845036633018561,0.9491401124309511,0.6144936997581507,0.9864864864864865,0.39037433155080214,0.7192203649145524,0.7837837837837838,0.6666666666666666
83_00_0_00_4_21_9_38_36_80,83.0,0.9627785864404619,0.9939856016731017,0.9855828476671009,0.8183355386849469,0.972972972972973,0.6923076923076923,0.8823399248310956,0.918918918918919,0.85
83_00_1_15_4_33_26_81_2_61,83.0,0.9699860673956514,0.9953875482625483,0.9758764070701789,0.8709718890348404,0.972972972972973,0.782608695652174,0.901233940157024,0.9324324324324325,0.8734177215189873
83_00_3_14_4_66_2_77_7_21,83.0,0.9255817284912519,0.9855182271557271,0.9405296420519339,0.6531337951540466,0.9054054054054054,0.4785714285714286,0.0,0.0,0.0
83_00_4_17_0_92_6_02_8_40,83.0,0.8032583664025932,0.9522226833976835,0.9327804297986947,0.44204939708023516,1.0,0.20498614958448755,0.0,0.0,0.0
84_00_0_00_4_59_21_03_14_40,84.0,0.9078170606392022,0.9793046740858505,0.9697572628583595,0.6775283198058689,1.0,0.46540880503144655,0.7694726218321207,0.6891891891891891,0.864406779661017
84_00_0_41_0_00_29_54_5_95,84.0,0.9622455381163703,0.9931477901430843,0.9734502410919034,0.7488783304898295,0.9459459459459459,0.5982905982905983,0.8140985275615061,0.9054054054054054,0.7362637362637363
84_00_4_97_1_65_4_14_26_40,84.0,0.9431958964524303,0.9878050238473768,0.951577613651462,0.6764327802093597,0.972972972972973,0.4768211920529801,0.7938579638721329,0.8783783783783784,0.7222222222222222
85_00_0_00_3_30_13_48_20_06,85.0,0.9708876280119257,0.9950951445631678,0.9901890523297562,0.8498592053825573,1.0,0.7254901960784313,0.9071040699252474,0.9324324324324325,0.8846153846153846
86_00_0_70_4_04_15_53_3_01,86.0,0.942100659597887,0.9871486020503262,0.9533507590460357,0.6464423373197082,0.972972972972973,0.43636363636363634,0.6991387029797652,0.6216216216216216,0.7931034482758621
86_00_0_94_1_10_14_88_53_00,86.0,0.9811937395200927,0.9982463342652997,0.9965187151971039,0.9322464520353089,1.0,0.8705882352941177,0.9422143191103788,0.9864864864864865,0.9012345679012346
86_00_2_30_1_62_17_93_3_67,86.0,0.93509603658512,0.9842027648337993,0.9888690240263417,0.6069385916380637,1.0,0.3756345177664975,0.8768453830955438,0.918918918918919,0.8395061728395061
86_00_3_09_5_60_37_27_48_93,86.0,0.9692252206634366,0.994908403230817,0.9954744710928808,0.8255450004715779,1.0,0.6851851851851852,0.9301378245196857,0.9054054054054054,0.9571428571428572
87_00_0_08_10_08_5_38_22_88,87.0,0.8734087218818051,0.9680563882063882,0.9724792597767843,0.48871476077855175,1.0,0.24749163879598662,0.6582789686237962,0.6621621621621622,0.6621621621621622
88_00_2_11_1_84_3_28_2_31,88.0,0.9211132618278578,0.9840244306103857,0.8662688630158268,0.44554067607359155,0.6081081081081081,0.3383458646616541,0.0,0.0,0.0
89_00_2_10_2_42_4_01_24_19,89.0,0.9628673369508228,0.993508003003003,0.9637018207742535,0.8067462258286953,0.972972972972973,0.6728971962616822,0.8739796014371014,0.8513513513513513,0.9
9_00_6_39_8_89_19_88_90_76,9.0,0.9664076702259166,0.993915,0.9874109669193549,0.9641973407736577,1.0,0.9367088607594937,0.9633626394698929,0.9864864864864865,0.948051948051948
90_00_3_02_6_95_54_08_2_61,90.0,0.9779604599322221,0.997180591030591,0.9936775629556176,0.8733976447540792,0.9594594594594594,0.797752808988764,0.8830985080118898,0.8783783783783784,0.8904109589041096
90_00_5_39_1_66_5_80_23_14,90.0,0.8952733753420684,0.9830440748440749,0.9310552935961743,0.6866874494671892,0.8108108108108109,0.5882352941176471,0.44328474648425426,0.24324324324324326,0.8181818181818182
91_00_0_00_1_37_25_92_3_66,91.0,0.9585553436564559,0.9919011603995299,0.9760463421148539,0.7241153009456872,0.9864864864864865,0.5367647058823529,0.8672438105336622,0.8918918918918919,0.8461538461538461
91_00_0_30_0_56_6_08_3_72,91.0,0.925201676942582,0.9822410399529965,0.9665627397403184,0.5670220820338847,1.0,0.3288888888888889,0.7708789702826548,0.7837837837837838,0.7631578947368421
91_00_1_67_3_84_3_81_12_24,91.0,0.9231341710594965,0.9819829759106933,0.9422426923185258,0.5700718013659738,0.9594594594594594,0.3463414634146341,0.4452892863386435,0.3918918918918919,0.5178571428571429
92_00_2_71_3_35_19_40_30_55,92.0,0.9723099386315422,0.9958671752397559,0.9931629583843321,0.8719571539648696,1.0,0.7628865979381443,0.8749004340597274,0.9054054054054054,0.8481012658227848
93_00_0_69_0_91_2_27_27_25,93.0,0.9334695131399288,0.989422484186314,0.946482673974694,0.7274162909634881,0.918918918918919,0.5811965811965812,0.6744996532294728,0.5945945945945946,0.7719298245614035
94_00_1_70_2_95_27_42_3_39,94.0,0.9715690030202581,0.9958339260312945,0.9882694422712666,0.8301612263382385,0.9864864864864865,0.7019230769230769,0.880597301925985,0.9054054054054054,0.8589743589743589
94_00_1_87_2_82_17_19_18_49,94.0,0.9747243386696824,0.9963240256045519,0.9678570988684275,0.8325885235391213,0.8783783783783784,0.7926829268292683,0.7891581491471485,0.6756756756756757,0.9259259259259259
95_00_0_00_6_60_19_15_3_58,95.0,0.9565459695181203,0.9921843046171172,0.975496655026336,0.7601685059159998,0.9594594594594594,0.6068376068376068,0.7170780245555997,0.7297297297297297,0.7105263157894737
95_00_1_16_2_85_19_48_11_32,95.0,0.9536727583401923,0.9917341920045045,0.9504773000575985,0.6801079201588306,0.8783783783783784,0.5327868852459017,0.6533625416472831,0.5,0.8604651162790697
96_00_0_81_2_01_21_67_1_58,96.0,0.9638924872057216,0.9932610476455838,0.9881404572289026,0.7827347003366538,1.0,0.6166666666666667,0.8304742473780017,0.8378378378378378,0.8266666666666667
96_00_7_79_1_21_14_04_21_46,96.0,0.9283089892530194,0.9866918640289775,0.9775034044060839,0.6759445551719954,1.0,0.4625,0.5817463630846431,0.4189189189189189,0.8157894736842105
97_00_1_40_1_09_37_43_2_87,97.0,0.9259014531792159,0.9843043160507446,0.9744880668135059,0.6223069910417812,0.9864864864864865,0.3989071038251366,0.8008259857668614,0.8243243243243243,0.782051282051282
98_00_0_66_3_51_17_58_7_66,98.0,0.9763987817504955,0.9967750477750478,0.9862407087276308,0.8610117330732748,0.918918918918919,0.8095238095238095,0.8663651868918053,0.8378378378378378,0.8985507246376812
99_00_0_84_0_65_4_76_19_81,99.0,0.9310894789087272,0.9842014594594595,0.9836545447944881,0.5662508530718787,1.0,0.3274336283185841,0.7584624360507513,0.8108108108108109,0.7142857142857143
