Name,CI,LSR,BSL,HMS,MCC_5,TPR_5,PPV_5,MCC_9,TPR_9,PPV_9
oc_12_10000_1000_1_0_p019_0710_1,2.742667404537908,0.8920488359133403,0.9723128493272216,0.90457933878074,0.9163722788318817,0.9645821804095185,0.9144805876180483,0.9191567297661805,0.9313779745434422,0.9497742663656885
oc_12_10000_1000_1_0_p019_0770_1,2.8450057405281286,0.895156500016686,0.9748771722902358,0.9153172718553659,0.9250039576126496,0.9690011481056258,0.9213973799126638,0.9308527902812119,0.9466130884041332,0.9509803921568627
oc_12_10000_1000_1_0_p019_0800_1,2.9290780141843973,0.8889532715949594,0.974371555354994,0.9016869806294632,0.9240796891867818,0.9468085106382979,0.9401408450704225,0.9077840296040566,0.9042553191489362,0.9574468085106383
oc_12_10000_1000_1_0_p019_0830_1,3.047970479704797,0.8548656993271654,0.9606524004861744,0.8800608798588013,0.8752879708409711,0.9618696186961869,0.856048166392994,0.9031914328020434,0.9268142681426814,0.9273846153846154
oc_12_10000_1000_1_0_p019_0870_1,3.286472148541114,0.8652958023899152,0.9644485767326733,0.9087058725642098,0.8849424774456354,0.9701591511936339,0.8590722254844392,0.9234586650962514,0.9542440318302388,0.9289864428663654
oc_12_10000_1000_1_0_p019_0880_1,3.3714285714285714,0.8951925971325458,0.9740509025832556,0.9005115761672717,0.9135197702515909,0.9496598639455782,0.9178172255095332,0.903146078870503,0.9034013605442177,0.9465431218816821
oc_12_10000_1000_1_0_p019_0900_1,3.591304347826087,0.8717719336648267,0.9670389993686869,0.9016869345192466,0.8893830331183674,0.9688405797101449,0.8631375080697224,0.9167121136524998,0.9427536231884058,0.9272986457590877
oc_12_10000_1000_1_0_p019_0920_1,4.009708737864078,0.9051234873370668,0.9764947351421188,0.906774225357456,0.9090591505424396,0.9449838187702265,0.9103663289166017,0.9008845336623857,0.8923948220064725,0.9484092863284609
oc_12_10000_1500_1_5_p019_0710_1,2.742667404537908,0.8534033221758659,0.9602615259500222,0.8574948277349069,0.8777476440021648,0.9385722191477587,0.8847157016171101,0.8806325571978693,0.8821250691754289,0.941523922031896
oc_12_10000_1500_1_5_p019_0770_1,2.8450057405281286,0.8346351972355108,0.9546356375037325,0.8354657683421615,0.8574628461635675,0.9328358208955224,0.8602435150873478,0.8574296893206762,0.8639494833524685,0.9233128834355828
oc_12_10000_1500_1_5_p019_0800_1,2.9290780141843973,0.8580077937389302,0.9607731046931408,0.8519082658682688,0.8735458011774225,0.9385342789598109,0.875896304467733,0.874220171944231,0.859338061465721,0.9515706806282722
oc_12_10000_1500_1_5_p019_0830_1,3.047970479704797,0.8255508431760915,0.9497092069279854,0.8507875448152025,0.8363174215438514,0.9446494464944649,0.8178913738019169,0.8838313522885501,0.9046740467404674,0.9199499687304565
oc_12_10000_1500_1_5_p019_0870_1,3.286472148541114,0.8620269875987407,0.9619743657178218,0.8433000556135619,0.8624665768194754,0.9124668435013262,0.8781110402042118,0.8575393714241796,0.830238726790451,0.9499241274658573
oc_12_10000_1500_1_5_p019_0880_1,3.3714285714285714,0.8588464930282094,0.9620832244008715,0.8400844207768481,0.8695542138882749,0.9122448979591836,0.8874917273328922,0.8526712188615871,0.8244897959183674,0.946875
oc_12_10000_1500_1_5_p019_0900_1,3.591304347826087,0.8342132419282053,0.9534005523989899,0.8200424709591618,0.833364816539854,0.9152173913043479,0.8292843072882469,0.853754816448718,0.8471014492753624,0.9226519337016574
oc_12_10000_1500_1_5_p019_0920_1,4.009708737864078,0.817934547623409,0.9483647932816538,0.7963407275885569,0.8005156040739306,0.9045307443365695,0.7851123595505618,0.8250087344525427,0.8171521035598706,0.9009812667261374
oc_12_10000_2000_2_0_p019_0710_1,2.742667404537908,0.8233058918774725,0.950572778352802,0.798248335380851,0.8347059537274759,0.8915329275041505,0.8675282714054927,0.8480680287687705,0.7963475373547316,0.9795779441797141
oc_12_10000_2000_2_0_p019_0770_1,2.8450057405281286,0.7898740597257625,0.9401889967154374,0.7630391058130561,0.796563327918436,0.881171067738232,0.8221746116764863,0.8181385338584277,0.7692307692307693,0.9591982820329277
oc_12_10000_2000_2_0_p019_0800_1,2.9290780141843973,0.8182132150236152,0.9491582882069796,0.797651285034839,0.8260997097185526,0.9036643026004728,0.841034103410341,0.8357760941396872,0.791371158392435,0.9619252873563219
oc_12_10000_2000_2_0_p019_0830_1,3.047970479704797,0.7933732700392556,0.9397237161956852,0.7578396053623422,0.7891506241542213,0.8782287822878229,0.8095238095238095,0.8160416271908519,0.7669126691266913,0.9540933435348126
oc_12_10000_2000_2_0_p019_0870_1,3.286472148541114,0.8143316972805814,0.9471095606435643,0.7711099733783521,0.7985725429141114,0.870026525198939,0.8241206030150754,0.8160743265340201,0.7519893899204244,0.9659284497444633
oc_12_10000_2000_2_0_p019_0880_1,3.3714285714285714,0.8157141948397714,0.9487235449735449,0.7823065410176597,0.8184289311055316,0.8870748299319728,0.8358974358974359,0.8238109566165728,0.7741496598639456,0.9530988274706867
oc_12_10000_2000_2_0_p019_0900_1,3.591304347826087,0.7982796742051451,0.9422383049242424,0.7635314581336874,0.7895896021268959,0.8782608695652174,0.7984189723320159,0.8180072303927842,0.7804347826086957,0.9332755632582322
oc_12_10000_2000_2_0_p019_0920_1,4.009708737864078,0.8020495387012662,0.9431180717054264,0.7502004476216775,0.7716485132695071,0.8616504854368932,0.7790782735918069,0.8098188201303518,0.7694174757281553,0.9250972762645915
oc_12_10000_2500_2_6_p019_0710_1,2.898245614035088,0.8324718617295768,0.954906090609061,0.8105689317277496,0.8472299140224456,0.8918128654970761,0.8815028901734104,0.8153864731256333,0.7403508771929824,0.9852140077821012
oc_12_10000_2500_2_6_p019_0770_1,2.996372430471584,0.8399682829425462,0.9576827080181542,0.8107316972975722,0.8582475334240058,0.8706166868198307,0.9154481881754609,0.8175565648624199,0.7563482466747279,0.9690162664601084
oc_12_10000_2500_2_6_p019_0800_1,3.089775561097257,0.7711147147714627,0.9362815853658537,0.7339761397087136,0.7707783466030328,0.8428927680798005,0.8129885748647023,0.7851153509207607,0.7069825436408977,0.968403074295474
oc_12_10000_2500_2_6_p019_0830_1,3.205692108667529,0.8188463215553669,0.9516373577360812,0.7769396022082717,0.8314450980210891,0.8596377749029754,0.8824701195219123,0.7988549854962687,0.720569210866753,0.9737762237762237
oc_12_10000_2500_2_6_p019_0870_1,3.4852320675105486,0.8107833945489473,0.9467766384446535,0.7680428770775403,0.8032443426170988,0.8656821378340366,0.8306342780026991,0.8069762466509499,0.739803094233474,0.960730593607306
oc_12_10000_2500_2_6_p019_0880_1,3.552688172043011,0.7978989596916486,0.945157707447646,0.7324301648600985,0.7874613083088126,0.8236559139784946,0.8436123348017621,0.7686085288612802,0.6666666666666666,0.9779179810725552
oc_12_10000_2500_2_6_p019_0900_1,3.786096256684492,0.8109106881637189,0.9470843735035914,0.7387331225893897,0.7922223609829862,0.8319327731092437,0.8389830508474576,0.7551139689801836,0.6363636363636364,0.9869668246445498
oc_12_10000_2500_2_6_p019_0920_1,4.2107051826678,0.8163448471583533,0.9495684819827165,0.7350786548377521,0.7921158995129712,0.8147833474936279,0.847922192749779,0.7406660769970883,0.6202209005947323,0.9733333333333334
oc_12_10000_3000_3_1_p019_0710_1,3.480337078651685,0.8171117238419374,0.9511759404388714,0.7692402733130961,0.8268610870046077,0.8546348314606742,0.8755395683453238,0.8123831933597429,0.7401685393258427,0.9696412143514259
oc_12_10000_3000_3_1_p019_0770_1,3.6201607012417822,0.8223969359050873,0.9537021027667985,0.7824303767964704,0.8344690683940257,0.8539079620160701,0.8856060606060606,0.7889681177749178,0.7282688093498905,0.940566037735849
oc_12_10000_3000_3_1_p019_0800_1,3.777439024390244,0.7921000397257523,0.9421862316528398,0.7296232184574323,0.7681951995712998,0.8262195121951219,0.808351976137211,0.7804382381764846,0.711890243902439,0.9415322580645161
oc_12_10000_3000_3_1_p019_0830_1,3.9584664536741214,0.829093112470069,0.9548613240979381,0.778092681496998,0.8274640069239622,0.8514376996805112,0.8723404255319149,0.7883335225623196,0.6996805111821086,0.9668874172185431
oc_12_10000_3000_3_1_p019_0870_1,4.3321678321678325,0.8242803596225985,0.9535015409836065,0.7581018718304511,0.8079639839278069,0.8374125874125874,0.8500443655723159,0.7789817251857839,0.6879370629370629,0.9585870889159561
oc_12_10000_3000_3_1_p019_0880_1,4.489130434782608,0.8239866269517244,0.9526161056105611,0.7457056656438492,0.7977618588196278,0.8242753623188406,0.8441558441558441,0.7653628555556229,0.6666666666666666,0.9570871261378413
oc_12_10000_3000_3_1_p019_0900_1,4.8116504854368936,0.8196198501890333,0.9524671734046107,0.7285916453047709,0.788292751511208,0.7883495145631068,0.8592592592592593,0.7278168881194355,0.6067961165048543,0.9571209800918836
oc_12_10000_3000_3_1_p019_0920_1,5.518930957683741,0.8377316547256928,0.955538845234028,0.7375869050657826,0.7721768356523279,0.8173719376391982,0.7978260869565217,0.7650960446050022,0.6447661469933185,0.973109243697479
oc_12_10000_3500_3_5_p019_0710_1,4.147280334728033,0.850177889318083,0.9594807023248252,0.7962059408108932,0.8381293357540032,0.8627615062761507,0.8759558198810535,0.830146568201532,0.7598326359832636,0.9690501600853789
oc_12_10000_3500_3_5_p019_0770_1,4.324607329842932,0.8476725894170136,0.9587504588659456,0.7839511757601081,0.8232057394430174,0.8446771378708552,0.8673835125448028,0.8154610199938922,0.7399650959860384,0.9636363636363636
oc_12_10000_3500_3_5_p019_0800_1,4.493200362647325,0.8025426650963497,0.9447161247730649,0.7248462608858836,0.7624647433361018,0.8232094288304623,0.7902523933855526,0.7946900944649489,0.7243880326382592,0.9422169811320755
oc_12_10000_3500_3_5_p019_0830_1,4.760806916426513,0.8365182218246303,0.9553794730698683,0.7595773542113354,0.8008001078672068,0.8107588856868396,0.8585961342828077,0.7762552420274355,0.6945244956772334,0.9401820546163849
oc_12_10000_3500_3_5_p019_0870_1,5.294871794871795,0.8617925364912705,0.9634424813306178,0.7848886476945482,0.8254090644028649,0.8311965811965812,0.8741573033707866,0.8058718000559166,0.7040598290598291,0.9791976225854383
oc_12_10000_3500_3_5_p019_0880_1,5.53125,0.8580632583597138,0.9611406527682843,0.7676229094072184,0.8025830322340668,0.8270089285714286,0.8382352941176471,0.7858333078563888,0.671875,0.9788617886178862
oc_12_10000_3500_3_5_p019_0900_1,6.126081582200247,0.8414666109541533,0.9583753339115351,0.7324385335733379,0.7777214352510041,0.7787391841779975,0.8377659574468085,0.7444610283163579,0.6180469715698393,0.9615384615384616
oc_12_10000_3500_3_5_p019_0920_1,7.193033381712627,0.8632647449638039,0.9641083790965456,0.7506147102304697,0.7825896625959422,0.7750362844702468,0.8422712933753943,0.7622238752781646,0.6444121915820029,0.9548387096774194
oc_12_10000_4000_4_0_p019_0710_1,4.887573964497041,0.8256651488775062,0.952299162479062,0.7599459702584419,0.7858711064454008,0.8402366863905325,0.8060548722800378,0.8377105279510579,0.7593688362919132,0.9759188846641318
oc_12_10000_4000_4_0_p019_0770_1,5.211356466876971,0.8675137033123146,0.9650163365498561,0.8036046926033169,0.8358693132349222,0.8538380651945321,0.8703108252947481,0.8386777853108177,0.7749737118822292,0.9571428571428572
oc_12_10000_4000_4_0_p019_0800_1,5.518930957683741,0.8675068819545113,0.9654989408951145,0.7893178823558523,0.8298768344162385,0.844097995545657,0.8672768878718535,0.8250972952676083,0.734966592427617,0.9763313609467456
oc_12_10000_4000_4_0_p019_0830_1,5.9,0.8641900420155536,0.9632133022774327,0.7872075728522452,0.8050610382826969,0.8214285714285714,0.8445532435740514,0.7819695068909285,0.6916666666666667,0.9431818181818182
oc_12_10000_4000_4_0_p019_0870_1,6.752043596730245,0.8489826789759878,0.960509525483304,0.7351813515382071,0.7647220700658578,0.7493188010899182,0.8396946564885496,0.7490969746408309,0.6253405994550408,0.95625
oc_12_10000_4000_4_0_p019_0880_1,7.0,0.8771181626331037,0.9683664724576271,0.7759932369521971,0.8121115129486266,0.7796610169491526,0.8917609046849758,0.7764324293284111,0.652542372881356,0.9746835443037974
oc_12_10000_4000_4_0_p019_0900_1,7.955056179775281,0.882010359917537,0.9674826850690088,0.7810640905024973,0.7846580546028908,0.7945425361155698,0.8222591362126246,0.7680952710619379,0.651685393258427,0.9530516431924883
oc_12_10000_4000_4_0_p019_0920_1,10.012121212121212,0.8687268234402311,0.9651989910108237,0.7470473849994259,0.7207954793641242,0.6707070707070707,0.8238213399503722,0.6244444550675129,0.4707070707070707,0.8893129770992366
oc_12_10000_500_0_5_p019_0710_1,2.742667404537908,0.9411402045748152,0.9859086204347183,0.956513962496961,0.9549818266477351,0.9822910902047592,0.9522532188841202,0.9652074861302105,0.9717764250138351,0.9771841958820257
oc_12_10000_500_0_5_p019_0770_1,2.8450057405281286,0.9361309794497135,0.984634099731263,0.9375822107795491,0.9496098120502858,0.9638346727898967,0.9616265750286369,0.9469419281702285,0.9351320321469575,0.9860774818401937
oc_12_10000_500_0_5_p019_0800_1,2.9290780141843973,0.9392523992445386,0.987094178700361,0.9510203476019703,0.959712294719598,0.9745862884160756,0.9654566744730679,0.9557660494231006,0.9539007092198581,0.9799635701275046
oc_12_10000_500_0_5_p019_0830_1,3.047970479704797,0.9371716890761076,0.9871031145548466,0.9577446006945851,0.960583133170355,0.985239852398524,0.9558472553699284,0.9600881504264221,0.9735547355473555,0.9664224664224664
oc_12_10000_500_0_5_p019_0870_1,3.286472148541114,0.9539800696294017,0.9903924969059406,0.9665042809035386,0.9672372667067426,0.9787798408488063,0.9710526315789474,0.9617363301548107,0.9575596816976127,0.9836512261580381
oc_12_10000_500_0_5_p019_0880_1,3.3714285714285714,0.9322926605227768,0.9838113600995954,0.9516023874720779,0.9433357387608786,0.9809523809523809,0.9327296248382924,0.9633535259881915,0.9700680272108844,0.9733788395904437
oc_12_10000_500_0_5_p019_0900_1,3.591304347826087,0.9494406394717617,0.9888041035353535,0.9636553675401317,0.9597335277936847,0.9695652173913043,0.9674620390455532,0.9571236454292503,0.9543478260869566,0.9784546805349182
oc_12_10000_500_0_5_p019_0920_1,4.009708737864078,0.9364985891959127,0.9854238049095607,0.9555931751353205,0.945731404199102,0.9846278317152104,0.9297173414820473,0.9606271344584957,0.9700647249190939,0.9669354838709677
oc_12_1000_1000_1_0_p019_0710_1,27.38121546961326,0.8538969614192127,0.9601420478878723,0.6334645056801946,0.48886197654915237,0.7292817679558011,0.36065573770491804,0.6611353234809625,0.6519337016574586,0.6941176470588235
oc_12_1000_1000_1_0_p019_0770_1,28.32,0.9018233520258327,0.9753166244396804,0.8007051229969948,0.6643730490161738,0.8514285714285714,0.5398550724637681,0.7501613864783565,0.7542857142857143,0.7630057803468208
oc_12_1000_1000_1_0_p019_0800_1,29.152941176470588,0.8665264089438702,0.9631575302380023,0.7741914661969223,0.5663451255672745,0.8647058823529412,0.39622641509433965,0.6909778368115198,0.7823529411764706,0.6303317535545023
oc_12_1000_1000_1_0_p019_0830_1,30.404907975460123,0.7927100320638479,0.9374028911896854,0.7139773041110302,0.43940376741038084,0.8711656441717791,0.25044091710758376,0.6129064977514608,0.7300613496932515,0.5384615384615384
oc_12_1000_1000_1_0_p019_0870_1,32.82119205298013,0.925285057076671,0.9822183277853926,0.7328081295480322,0.6480186957831291,0.7218543046357616,0.6022099447513812,0.7086468786803753,0.6357615894039735,0.8067226890756303
oc_12_1000_1000_1_0_p019_0880_1,33.714285714285715,0.8489495766145839,0.9554941211052322,0.7572895904153264,0.48065378511802614,0.8503401360544217,0.29691211401425177,0.6777527157532093,0.782312925170068,0.6052631578947368
oc_12_1000_1000_1_0_p019_0900_1,35.65467625899281,0.8412778866281287,0.9594790382728164,0.7071419989602148,0.49675085929018337,0.8057553956834532,0.3303834808259587,0.49298653024591454,0.6187050359712231,0.4195121951219512
oc_12_1000_1000_1_0_p019_0920_1,39.96774193548387,0.9487063091858793,0.9898861614173229,0.8155468008146224,0.7610017317403579,0.782258064516129,0.751937984496124,0.7698399709476229,0.7096774193548387,0.8461538461538461
oc_12_1000_1500_1_5_p019_0710_1,27.38121546961326,0.8893338756194001,0.9751084485108039,0.4846756819525613,0.5122893937760971,0.4585635359116022,0.6058394160583942,0.5545888126688754,0.3867403314917127,0.8235294117647058
oc_12_1000_1500_1_5_p019_0770_1,28.32,0.9004066907359037,0.9771159812901968,0.5702407992375147,0.5751564820892928,0.5485714285714286,0.631578947368421,0.5793847455311234,0.44571428571428573,0.78
oc_12_1000_1500_1_5_p019_0800_1,29.152941176470588,0.8220553078378754,0.9530140460397971,0.48092181943694867,0.3955506349381885,0.5941176470588235,0.3005952380952381,0.4781889070798967,0.5,0.4913294797687861
oc_12_1000_1500_1_5_p019_0830_1,30.404907975460123,0.8109128475633002,0.9455081070521586,0.5482374722084765,0.39111291819075567,0.6993865030674846,0.25277161862527714,0.5450938025975429,0.5398773006134969,0.5789473684210527
oc_12_1000_1500_1_5_p019_0870_1,32.82119205298013,0.8223390468193434,0.9573643430585471,0.18047712604470023,0.19515716362938296,0.23841059602649006,0.20454545454545456,0.2648434994325997,0.2185430463576159,0.3626373626373626
oc_12_1000_1500_1_5_p019_0880_1,33.714285714285715,0.8613489552788806,0.9655788555751519,0.6486233955183538,0.507870427776487,0.7210884353741497,0.38405797101449274,0.5594044875668537,0.6326530612244898,0.5195530726256983
oc_12_1000_1500_1_5_p019_0900_1,35.65467625899281,0.7885299489572666,0.9382905201177625,0.5734923008478459,0.36044334567377845,0.7338129496402878,0.20647773279352227,0.47994221154062505,0.5611510791366906,0.43820224719101125
oc_12_1000_1500_1_5_p019_0920_1,39.96774193548387,0.8970632218116783,0.9729337007874016,0.6085779004620203,0.4746136194577569,0.6370967741935484,0.37799043062200954,0.5329774513986729,0.45161290322580644,0.6511627906976745
oc_12_1000_2000_2_0_p019_0710_1,27.38121546961326,0.7524055731410024,0.9256417169554214,0.4792609922802151,0.31493816950684617,0.6408839779005525,0.19627749576988154,0.4913134367936342,0.5193370165745856,0.5
oc_12_1000_2000_2_0_p019_0770_1,28.32,0.804252517929097,0.9456609822646658,0.43108726000630704,0.33585421425337103,0.5428571428571428,0.24934383202099739,0.40537713149354543,0.4114285714285714,0.43902439024390244
oc_12_1000_2000_2_0_p019_0800_1,29.152941176470588,0.8525111838914685,0.9642218884120172,0.376607963049608,0.35551674206748524,0.3941176470588235,0.3621621621621622,0.3698187827087897,0.29411764705882354,0.5050505050505051
oc_12_1000_2000_2_0_p019_0830_1,30.404907975460123,0.866594920251869,0.9659327212346162,0.5048090024391791,0.4223977474319875,0.5153374233128835,0.38181818181818183,0.4293432233604248,0.34355828220858897,0.5714285714285714
oc_12_1000_2000_2_0_p019_0870_1,32.82119205298013,0.6556871005646937,0.902320638339534,0.11096135000300655,0.07679410081607571,0.25165562913907286,0.06608695652173913,0.1105878594352501,0.17218543046357615,0.11764705882352941
oc_12_1000_2000_2_0_p019_0880_1,33.714285714285715,0.7712495748291257,0.9355854203409759,0.23971129065158048,0.19626883888875157,0.4013605442176871,0.1368909512761021,0.2786723098667134,0.2108843537414966,0.40789473684210525
oc_12_1000_2000_2_0_p019_0900_1,35.65467625899281,0.8668640598191308,0.9682192541707556,0.3461166702334719,0.28998205793718534,0.30935251798561153,0.30935251798561153,0.29229767460044515,0.20863309352517986,0.4461538461538462
oc_12_1000_2000_2_0_p019_0920_1,39.96774193548387,0.5174203725035471,0.8546222440944882,0.06747771255893886,0.02600607995908024,0.25,0.0328042328042328,0.04841370915539932,0.12903225806451613,0.05460750853242321
oc_12_1000_2500_2_6_p019_0710_1,28.982456140350877,0.8899171086652102,0.9736495026331188,0.513948994812014,0.4823115675815638,0.4619883040935672,0.5374149659863946,0.48172169364882506,0.3391812865497076,0.7160493827160493
oc_12_1000_2500_2_6_p019_0770_1,29.5,0.7690671959215178,0.9361924277907885,0.23281099715081444,0.2026400217380163,0.36904761904761907,0.15816326530612246,0.31372956278656444,0.2619047619047619,0.41904761904761906
oc_12_1000_2500_2_6_p019_0800_1,30.782608695652176,0.7660657303478106,0.9326256009380496,0.30211227765418225,0.22665659550578923,0.453416149068323,0.15631691648822268,0.3228602155337273,0.2919254658385093,0.3983050847457627
oc_12_1000_2500_2_6_p019_0830_1,32.18181818181818,0.4804910763165129,0.8519491780821917,0.0006077137855939885,-0.0003009247397121325,0.16883116883116883,0.03002309468822171,0.012837027662231746,0.09740259740259741,0.03768844221105527
oc_12_1000_2500_2_6_p019_0870_1,34.179310344827584,0.8334006309776321,0.9558388551264458,0.3728620394804122,0.30845379022664415,0.46206896551724136,0.2427536231884058,0.38431608160521874,0.32413793103448274,0.4895833333333333
oc_12_1000_2500_2_6_p019_0880_1,35.148936170212764,0.8645168571257881,0.9693270943692368,0.18255154386961747,0.1836185379285419,0.14893617021276595,0.2692307692307692,0.2258094227855617,0.10638297872340426,0.5172413793103449
oc_12_1000_2500_2_6_p019_0900_1,37.54545454545455,0.8169301106518849,0.9558779481132076,0.11939906044500781,0.13660503806974209,0.1893939393939394,0.13966480446927373,0.16201114936344227,0.14393939393939395,0.2235294117647059
oc_12_1000_2500_2_6_p019_0920_1,42.724137931034484,0.8624013724344787,0.9679318414826499,0.10869208562673194,0.09227778555148841,0.09482758620689655,0.12790697674418605,0.16522236138461258,0.09482758620689655,0.3235294117647059
oc_12_1000_3000_3_1_p019_0710_1,35.148936170212764,0.8566177672104983,0.9600784579164214,0.5149653975540406,0.3905991989631069,0.6028368794326241,0.2842809364548495,0.48763159059263345,0.45390070921985815,0.5517241379310345
oc_12_1000_3000_3_1_p019_0770_1,36.71111111111111,0.8949778999297762,0.9732920447849146,0.5492711694675518,0.46896215823303944,0.5851851851851851,0.4030612244897959,0.5559731717586113,0.4148148148148148,0.7671232876712328
oc_12_1000_3000_3_1_p019_0800_1,37.54545454545455,0.9029908649484173,0.9770852987421383,0.5371995868850907,0.45937766710014405,0.4696969696969697,0.47692307692307695,0.43642525620357947,0.3106060606060606,0.640625
oc_12_1000_3000_3_1_p019_0830_1,39.648,0.8251027832444822,0.9542859476481008,0.11305177335278638,0.08509441250248566,0.144,0.08955223880597014,0.07764327488942319,0.04,0.19230769230769232
oc_12_1000_3000_3_1_p019_0870_1,43.095652173913045,0.7823762126203636,0.9356240978110826,0.21654729861585664,0.1383125296463942,0.3391304347826087,0.09006928406466513,0.2620891720502921,0.24347826086956523,0.3146067415730337
oc_12_1000_3000_3_1_p019_0880_1,44.648648648648646,0.9077336167785214,0.978027827116637,0.42312280204273434,0.3568124837786291,0.36036036036036034,0.38095238095238093,0.323110892311852,0.18018018018018017,0.6060606060606061
oc_12_1000_3000_3_1_p019_0900_1,47.2,0.8396188806362552,0.962090278601067,0.10878925922665306,0.11460566825448966,0.1619047619047619,0.11486486486486487,0.1250391985908041,0.12380952380952381,0.16049382716049382
oc_12_1000_3000_3_1_p019_0920_1,55.68539325842696,0.897539028857454,0.9756714172447968,0.2877541216467159,0.25697521072844404,0.3146067415730337,0.23529411764705882,0.2729710278158173,0.19101123595505617,0.4146341463414634
oc_12_1000_3500_3_5_p019_0710_1,40.95867768595041,0.8955316066665611,0.9740431160133938,0.4584916275238927,0.41642453995097894,0.5206611570247934,0.36,0.4985398417120484,0.38016528925619836,0.6764705882352942
oc_12_1000_3500_3_5_p019_0770_1,43.473684210526315,0.8775271923137737,0.9669336094674557,0.5055785683937835,0.3867948884369319,0.5964912280701754,0.2764227642276423,0.5086626850239605,0.4473684210526316,0.6
oc_12_1000_3500_3_5_p019_0800_1,44.25,0.8671739531676073,0.9636055051302289,0.33260537453455785,0.24194822886145767,0.38392857142857145,0.18376068376068377,0.35194093012710387,0.22321428571428573,0.5813953488372093
oc_12_1000_3500_3_5_p019_0830_1,48.116504854368934,0.8362555008505005,0.965791361929235,0.001540005108936593,0.004942165647571905,0.019417475728155338,0.025974025974025976,0.0065971477037880324,0.019417475728155338,0.028169014084507043
oc_12_1000_3500_3_5_p019_0870_1,53.869565217391305,0.8595222124650657,0.9592604595879556,0.4114469671922014,0.24564232407578865,0.4891304347826087,0.14802631578947367,0.4615759177472636,0.30434782608695654,0.717948717948718
oc_12_1000_3500_3_5_p019_0880_1,55.68539325842696,0.8234983899363056,0.9551887809712587,0.16706443642435165,0.11000115668425431,0.21348314606741572,0.08482142857142858,0.12941107543059793,0.16853932584269662,0.1282051282051282
oc_12_1000_3500_3_5_p019_0900_1,60.4390243902439,0.8252711918728778,0.9531877729257642,0.07639608308893497,0.052242256454974975,0.13414634146341464,0.04583333333333333,0.08193801290656458,0.0975609756097561,0.0963855421686747
oc_12_1000_3500_3_5_p019_0920_1,72.88235294117646,0.8452932676821661,0.9667310310509554,0.005749635691240873,-0.017606657450752395,0.0,0.0,-0.015549515808035406,0.0,0.0
oc_12_1000_4000_4_0_p019_0710_1,49.06930693069307,0.9136774442890314,0.9807357524223849,0.4554680999885029,0.41751000360018653,0.43564356435643564,0.4230769230769231,0.4451814541460061,0.3465346534653465,0.5932203389830508
oc_12_1000_4000_4_0_p019_0770_1,52.16842105263158,0.8833752831209115,0.9741058206295783,0.263922291227368,0.2746913704650702,0.3157894736842105,0.26548672566371684,0.3101414388301759,0.2736842105263158,0.37681159420289856
oc_12_1000_4000_4_0_p019_0800_1,54.46153846153846,0.8659553499017805,0.9658948880523083,0.4105384258586233,0.2854151114946379,0.4725274725274725,0.1963470319634703,0.37010604914548595,0.4065934065934066,0.3592233009708738
oc_12_1000_4000_4_0_p019_0830_1,58.305882352941175,0.6522348832624225,0.8938074985122,0.027805825150171826,-0.012489753632636276,0.10588235294117647,0.012857142857142857,0.04381077453741962,0.08235294117647059,0.050359712230215826
oc_12_1000_4000_4_0_p019_0870_1,67.89041095890411,0.6843438833527509,0.9050233247166435,0.05620424677578173,-0.019025659025452297,0.0684931506849315,0.008333333333333333,0.018853622214355163,0.0684931506849315,0.02577319587628866
oc_12_1000_4000_4_0_p019_0880_1,71.82608695652173,0.597649879926053,0.9146268656716418,0.408231221169994,0.22173528974676426,0.6231884057971014,0.09641255605381166,0.22173528974676426,0.6231884057971014,0.09641255605381166
oc_12_1000_4000_4_0_p019_0900_1,79.93548387096774,0.7923193924873932,0.9452331406935034,0.06786800160377571,0.018937327081666257,0.0967741935483871,0.020833333333333332,0.04957102655356582,0.0967741935483871,0.04580152671755725
oc_12_1000_4000_4_0_p019_0920_1,99.12,0.8901625859552483,0.9704047143427886,0.12511919606916133,0.07834514177458952,0.18,0.05056179775280899,0.20111162961302187,0.14,0.30434782608695654
oc_12_1000_500_0_5_p019_0710_1,27.38121546961326,0.9085932709053178,0.9761704107455713,0.8857000543395002,0.6849258610707882,0.9226519337016574,0.5284810126582279,0.8500301131669065,0.9060773480662984,0.8078817733990148
oc_12_1000_500_0_5_p019_0770_1,28.32,0.9563950116129171,0.9915805885792244,0.9257704855782062,0.8663089339167802,0.9428571428571428,0.8048780487804879,0.8989327398960884,0.9428571428571428,0.8638743455497382
oc_12_1000_500_0_5_p019_0800_1,29.152941176470588,0.9545912238053967,0.9910492196644557,0.9239389637708709,0.8487495896274467,0.9470588235294117,0.7703349282296651,0.8979724260440637,0.9352941176470588,0.8688524590163934
oc_12_1000_500_0_5_p019_0830_1,30.404907975460123,0.8211776230628887,0.9461656573549522,0.8815994379620624,0.4836864550339844,0.9325153374233128,0.2768670309653916,0.7846454173055191,0.9141104294478528,0.6866359447004609
oc_12_1000_500_0_5_p019_0870_1,32.82119205298013,0.9014448355005643,0.9747824750342667,0.9336007998043021,0.6567847834686507,0.9668874172185431,0.4634920634920635,0.8338373273334143,0.9536423841059603,0.7384615384615385
oc_12_1000_500_0_5_p019_0880_1,33.714285714285715,0.9077208410855772,0.9742290025475211,0.9464812247708376,0.6413046349066092,0.9863945578231292,0.4341317365269461,0.8650773978535482,0.9591836734693877,0.7877094972067039
oc_12_1000_500_0_5_p019_0900_1,35.65467625899281,0.8419999009139516,0.9533400785083415,0.9281072756313676,0.5022837125330262,0.9784172661870504,0.2786885245901639,0.7892255531791434,0.9496402877697842,0.6666666666666666
oc_12_1000_500_0_5_p019_0920_1,39.96774193548387,0.8511837966460862,0.9557394488188976,0.9546453614817854,0.5016618732103811,0.9919354838709677,0.2721238938053097,0.7955692037925627,0.9838709677419355,0.6524064171122995
oc_12_2500_1000_1_0_p019_0710_1,10.964601769911505,0.8969208240601712,0.9742369452662722,0.8655287990376013,0.8118155366862827,0.922566371681416,0.7446428571428572,0.8584405085331678,0.8761061946902655,0.8646288209606987
oc_12_2500_1000_1_0_p019_0770_1,11.36697247706422,0.9036710193127103,0.9771100148367953,0.9055743128400505,0.8409819331824472,0.9610091743119266,0.7604355716878403,0.8733638463492056,0.9197247706422018,0.8495762711864406
oc_12_2500_1000_1_0_p019_0800_1,11.71631205673759,0.8383469593518441,0.956266164714631,0.8752267696008188,0.7165840541777876,0.9574468085106383,0.5761024182076814,0.8402591510524876,0.9148936170212766,0.7962962962962963
oc_12_2500_1000_1_0_p019_0830_1,12.176904176904177,0.8504213303119625,0.9599635465224687,0.8665223126130399,0.7346796181308314,0.9459459459459459,0.6072555205047319,0.8226364205561006,0.9041769041769042,0.7747368421052632
oc_12_2500_1000_1_0_p019_0870_1,13.145888594164456,0.8781471389022502,0.9675035252203262,0.8727807437439581,0.759097087936276,0.9496021220159151,0.6381461675579323,0.8313224405744548,0.870026525198939,0.8179551122194514
oc_12_2500_1000_1_0_p019_0880_1,13.467391304347826,0.8734736136619816,0.9665242299023291,0.8894082006656764,0.7646769700449639,0.9565217391304348,0.6411657559198543,0.8461648882952333,0.904891304347826,0.8121951219512196
oc_12_2500_1000_1_0_p019_0900_1,14.323699421965317,0.902194214601584,0.976979554884949,0.9001461162843155,0.8064749244527012,0.9479768786127167,0.70995670995671,0.8442071854813515,0.9017341040462428,0.8103896103896104
oc_12_2500_1000_1_0_p019_0920_1,15.987096774193548,0.8252372033869858,0.9500765286745158,0.8455012144437223,0.6266440774565104,0.9290322580645162,0.4608,0.7942490809981031,0.8903225806451613,0.7320954907161804
oc_12_2500_1500_1_5_p019_0710_1,10.964601769911505,0.8790349282726297,0.9678682137573964,0.7703155628358496,0.7365601052849636,0.8119469026548672,0.7112403100775194,0.7743821530264169,0.7057522123893806,0.8861111111111111
oc_12_2500_1500_1_5_p019_0770_1,11.36697247706422,0.8477011093264822,0.9583161350148368,0.7754432029942698,0.7121479328405933,0.8692660550458715,0.6274834437086093,0.7745933755196993,0.7844036697247706,0.8009367681498829
oc_12_2500_1500_1_5_p019_0800_1,11.71631205673759,0.8344423554909839,0.9562903327756088,0.7400656471590945,0.6784961176481361,0.8274231678486997,0.6044905008635578,0.7479328929171944,0.7565011820330969,0.7785888077858881
oc_12_2500_1500_1_5_p019_0830_1,12.176904176904177,0.8171946399018766,0.9493252097706507,0.76022277449628,0.6584007801832413,0.8771498771498771,0.5417298937784522,0.7411805552775818,0.800982800982801,0.7244444444444444
oc_12_2500_1500_1_5_p019_0870_1,13.145888594164456,0.8216567413975303,0.9504353647102943,0.6479291329121948,0.5930768713697178,0.7506631299734748,0.5231053604436229,0.7063003516204193,0.6339522546419099,0.8269896193771626
oc_12_2500_1500_1_5_p019_0880_1,13.467391304347826,0.8305449971144261,0.9561405334335087,0.6689603143705678,0.6235850778253612,0.7391304347826086,0.576271186440678,0.6886979799527817,0.6766304347826086,0.7432835820895523
oc_12_2500_1500_1_5_p019_0900_1,14.323699421965317,0.8130298487625875,0.947527140701622,0.7207667092326198,0.6034429874383911,0.8323699421965318,0.48484848484848486,0.689058707818573,0.7543352601156069,0.6692307692307692
oc_12_2500_1500_1_5_p019_0920_1,15.987096774193548,0.8765550885952098,0.9679680592480061,0.7584466442236331,0.6833574946978439,0.7967741935483871,0.6221662468513854,0.7052099129232481,0.6870967741935484,0.7580071174377224
oc_12_2500_2000_2_0_p019_0710_1,10.964601769911505,0.8056691161627724,0.9453580621301775,0.6219665004163166,0.5917739707402823,0.7389380530973452,0.5387096774193548,0.7181925977279875,0.6172566371681416,0.8801261829652997
oc_12_2500_2000_2_0_p019_0770_1,11.36697247706422,0.8222849668603378,0.9517688612759644,0.6918845804882472,0.6554182885017862,0.8096330275229358,0.5834710743801653,0.6966607893758091,0.6605504587155964,0.782608695652174
oc_12_2500_2000_2_0_p019_0800_1,11.71631205673759,0.7928448927052062,0.944458691206544,0.6044158981042141,0.5908302530758294,0.7257683215130024,0.5424028268551236,0.6763524633423784,0.6217494089834515,0.7850746268656716
oc_12_2500_2000_2_0_p019_0830_1,12.176904176904177,0.7812739721575928,0.943077232892038,0.6063466152207906,0.5822525149965487,0.7223587223587223,0.5297297297297298,0.634619035969378,0.6486486486486487,0.6751918158567775
oc_12_2500_2000_2_0_p019_0870_1,13.145888594164456,0.7920556272544628,0.9393132945809113,0.6656803846319495,0.5535836396441033,0.7957559681697612,0.4424778761061947,0.6981871077739568,0.6021220159151194,0.850187265917603
oc_12_2500_2000_2_0_p019_0880_1,13.467391304347826,0.8330224945926288,0.9578546581517656,0.6116282883656587,0.610551556828528,0.6657608695652174,0.6125,0.6377382640021545,0.5543478260869565,0.7816091954022989
oc_12_2500_2000_2_0_p019_0900_1,14.323699421965317,0.7854371951218138,0.9433412108638249,0.5663395034324978,0.5346714140639461,0.684971098265896,0.4749498997995992,0.6147615081382023,0.6213872832369942,0.6574923547400612
oc_12_2500_2000_2_0_p019_0920_1,15.987096774193548,0.7832815569682614,0.938012229396126,0.5112416259696615,0.4511802957542357,0.6580645161290323,0.3688969258589512,0.553362120638897,0.45483870967741935,0.7230769230769231
oc_12_2500_2500_2_6_p019_0710_1,11.552447552447552,0.84860068946251,0.9598933333333334,0.6664397432594225,0.678581943560383,0.7016317016317016,0.7065727699530516,0.645375035386904,0.5058275058275058,0.875
oc_12_2500_2500_2_6_p019_0770_1,11.85645933014354,0.7865155532450772,0.9408408820245627,0.5268778316768299,0.5306160856216523,0.6555023923444976,0.4990892531876138,0.5873612235545477,0.45215311004784686,0.8217391304347826
oc_12_2500_2500_2_6_p019_0800_1,12.359102244389028,0.8451648874724196,0.9602080268807168,0.6518377624108362,0.6656379936510709,0.7381546134663342,0.6491228070175439,0.6491133343775649,0.5112219451371571,0.8723404255319149
oc_12_2500_2500_2_6_p019_0830_1,12.973821989528796,0.7828202311100909,0.9383041213937805,0.5541329720594469,0.5170549469784331,0.6963350785340314,0.448566610455312,0.6321269366959577,0.5366492146596858,0.7945736434108527
oc_12_2500_2500_2_6_p019_0870_1,14.0,0.8024456480652451,0.9472624670433145,0.49732834325940845,0.504602239952746,0.596045197740113,0.4906976744186046,0.5858672437689298,0.4632768361581921,0.7922705314009661
oc_12_2500_2500_2_6_p019_0880_1,14.11965811965812,0.8709351181691158,0.9684384021104202,0.6427278096590793,0.6839207015603871,0.6353276353276354,0.7770034843205574,0.5802500200814261,0.42735042735042733,0.8379888268156425
oc_12_2500_2500_2_6_p019_0900_1,15.249230769230769,0.7868584819707743,0.9447503881840561,0.43163937883201464,0.46990645581098417,0.5446153846153846,0.46825396825396826,0.44107710602126715,0.28307692307692306,0.7479674796747967
oc_12_2500_2500_2_6_p019_0920_1,16.5752508361204,0.8388353611200992,0.9606448905803996,0.4942705816498075,0.5466070693743346,0.5384615384615384,0.6052631578947368,0.5131386302602587,0.34782608695652173,0.8062015503875969
oc_12_2500_3000_3_1_p019_0710_1,13.805013927576601,0.8621015744396345,0.9652847036688617,0.6581615720665562,0.6839064714564886,0.724233983286908,0.6878306878306878,0.7099247102753377,0.5877437325905293,0.8940677966101694
oc_12_2500_3000_3_1_p019_0770_1,14.619469026548673,0.8442050821616467,0.9611722001888574,0.5959861248537831,0.6000216649011011,0.6342182890855457,0.617816091954023,0.6320889118228977,0.5250737463126843,0.8054298642533937
oc_12_2500_3000_3_1_p019_0800_1,15.018181818181818,0.8052458478936799,0.9478543321982595,0.5895625208768904,0.5531769168239511,0.7121212121212122,0.48254620123203285,0.6010800421966751,0.5484848484848485,0.70703125
oc_12_2500_3000_3_1_p019_0830_1,15.634069400630915,0.8276503237151993,0.9558295277830458,0.5488002821273401,0.5565152731402642,0.6277602523659306,0.5452054794520548,0.587151512956903,0.5047318611987381,0.730593607305936
oc_12_2500_3000_3_1_p019_0870_1,17.512367491166078,0.8782475744041184,0.9702223134185913,0.614756285539992,0.631505737266211,0.6148409893992933,0.6877470355731226,0.5979437400644407,0.4381625441696113,0.8551724137931035
oc_12_2500_3000_3_1_p019_0880_1,17.7,0.8563222517370446,0.9605095874713522,0.5824078543126975,0.5457007725104448,0.6392857142857142,0.5128939828080229,0.5932991530006567,0.4357142857142857,0.8472222222222222
oc_12_2500_3000_3_1_p019_0900_1,19.284046692607003,0.8469981487670428,0.9621966621906771,0.4653095952225762,0.49040826088816486,0.48638132295719844,0.5434782608695652,0.5342956949004292,0.38132295719844356,0.7903225806451613
oc_12_2500_3000_3_1_p019_0920_1,22.026666666666667,0.8457172721597259,0.957843331403204,0.5146958805957988,0.4762078941555538,0.6133333333333333,0.41317365269461076,0.5287656823718233,0.36444444444444446,0.803921568627451
oc_12_2500_3500_3_5_p019_0710_1,16.630872483221477,0.8626837902970775,0.9640846783403121,0.6238319721648404,0.6178213815140582,0.6845637583892618,0.6,0.665669889785192,0.5604026845637584,0.8267326732673267
oc_12_2500_3500_3_5_p019_0770_1,17.389473684210525,0.9005001463910852,0.9752367487120779,0.7244617327725542,0.7148207849755505,0.7368421052631579,0.7241379310344828,0.6882413047337649,0.5649122807017544,0.8702702702702703
oc_12_2500_3500_3_5_p019_0800_1,18.087591240875913,0.8614815027256613,0.9638924091778203,0.6186890559663262,0.5923715934953894,0.6861313868613139,0.5529411764705883,0.6648478258683501,0.572992700729927,0.8051282051282052
oc_12_2500_3500_3_5_p019_0830_1,19.06153846153846,0.8979644694714803,0.9757803105828221,0.6557923885982,0.6672418141051876,0.6038461538461538,0.7696078431372549,0.6262416890103456,0.43846153846153846,0.926829268292683
oc_12_2500_3500_3_5_p019_0870_1,21.17948717948718,0.8956994458200316,0.9734153371868979,0.6709768570398295,0.6345487700243125,0.6581196581196581,0.6443514644351465,0.5472915507252342,0.3803418803418803,0.8240740740740741
oc_12_2500_3500_3_5_p019_0880_1,22.425339366515836,0.8608534710682423,0.96452874251497,0.5308973329474199,0.5196658762394407,0.5746606334841629,0.5100401606425703,0.5240851425922669,0.3755656108597285,0.7685185185185185
oc_12_2500_3500_3_5_p019_0900_1,24.17560975609756,0.7355508295822848,0.9254435186979267,0.10846997420312099,0.08269463445808917,0.17560975609756097,0.09809264305177112,0.18165024349239303,0.11219512195121951,0.35384615384615387
oc_12_2500_3500_3_5_p019_0920_1,28.982456140350877,0.8856479561222497,0.9718806514530914,0.4728621728677669,0.45553960619884404,0.45614035087719296,0.49056603773584906,0.4237176610018271,0.23391812865497075,0.8
oc_12_2500_4000_4_0_p019_0710_1,19.284046692607003,0.8664383032043785,0.966641856896221,0.5767697907892054,0.5939009286951265,0.6381322957198443,0.592057761732852,0.5959395395369066,0.46303501945525294,0.8040540540540541
oc_12_2500_4000_4_0_p019_0770_1,21.27038626609442,0.8990943957243152,0.973853632684525,0.7048681734850927,0.6389050224584485,0.721030042918455,0.597864768683274,0.6639079143439901,0.5708154506437768,0.8012048192771084
oc_12_2500_4000_4_0_p019_0800_1,21.736842105263158,0.8964334306739823,0.9725849922839506,0.6726137712966218,0.6124061002170568,0.6929824561403509,0.5745454545454546,0.6703038718093336,0.4824561403508772,0.9565217391304348
oc_12_2500_4000_4_0_p019_0830_1,23.826923076923077,0.8177790273461731,0.9496779240898529,0.41917967303048875,0.3574506679982416,0.5048076923076923,0.3017241379310345,0.4419685581408816,0.3557692307692308,0.592
oc_12_2500_4000_4_0_p019_0870_1,27.23076923076923,0.7979833026246762,0.94436572596341,0.2813474679717415,0.25170699336926666,0.4065934065934066,0.20441988950276244,0.39727573150379686,0.21978021978021978,0.7547169811320755
oc_12_2500_4000_4_0_p019_0880_1,28.813953488372093,0.7735587229573329,0.9307166926677067,0.38866463658783157,0.27327603713339027,0.563953488372093,0.17477477477477477,0.5184303350359243,0.36046511627906974,0.775
oc_12_2500_4000_4_0_p019_0900_1,32.18181818181818,0.8530802667892762,0.9633199217221136,0.35229092199335954,0.30899316054275167,0.36363636363636365,0.3027027027027027,0.3427310466524215,0.24675324675324675,0.5135135135135135
oc_12_2500_4000_4_0_p019_0920_1,39.648,0.7804868246701534,0.9387472151151348,0.11522149340284205,0.09999604375313717,0.232,0.0807799442896936,0.1503780894528826,0.128,0.21621621621621623
oc_12_2500_500_0_5_p019_0710_1,10.964601769911505,0.9333618645382096,0.9842077847633136,0.9198111672316984,0.8794689579518112,0.9491150442477876,0.8346303501945526,0.9240308471246488,0.9314159292035398,0.9293598233995585
oc_12_2500_500_0_5_p019_0770_1,11.36697247706422,0.9003747986085472,0.9736092359050446,0.9271554316529909,0.8122587231903573,0.9610091743119266,0.7150170648464164,0.8981973851821049,0.9403669724770642,0.8742004264392325
oc_12_2500_500_0_5_p019_0800_1,11.71631205673759,0.931439148723436,0.9850477969882878,0.9439419000187257,0.8907990293363686,0.9763593380614657,0.8293172690763052,0.9205125121425118,0.9645390070921985,0.8908296943231441
oc_12_2500_500_0_5_p019_0830_1,12.176904176904177,0.9415831028982428,0.9877839455528622,0.9378771326540097,0.9032883941731134,0.9631449631449631,0.8615384615384616,0.9246836397476085,0.9508599508599509,0.9105882352941177
oc_12_2500_500_0_5_p019_0870_1,13.145888594164456,0.9622173464230313,0.9928996999812488,0.9600820607913498,0.937144550303189,0.9602122015915119,0.923469387755102,0.9455168187122749,0.9442970822281167,0.9544235924932976
oc_12_2500_500_0_5_p019_0880_1,13.467391304347826,0.9548927813910374,0.9907589406461307,0.9550332234578502,0.917706464607437,0.970108695652174,0.8793103448275862,0.9366733939998718,0.9538043478260869,0.9285714285714286
oc_12_2500_500_0_5_p019_0900_1,14.323699421965317,0.9557927158232338,0.991239966050547,0.9596421280835149,0.921670344338584,0.9739884393063584,0.8821989528795812,0.9362558569871013,0.9566473988439307,0.9245810055865922
oc_12_2500_500_0_5_p019_0920_1,15.987096774193548,0.957733445955686,0.9921310102544626,0.9199414588987603,0.9190970446516503,0.9193548387096774,0.9283387622149837,0.9125463919613607,0.8935483870967742,0.9421768707482994
oc_12_5000_1000_1_0_p019_0710_1,5.482300884955753,0.8854157870062117,0.9705530375426621,0.8861321999021666,0.8650783306740475,0.9457964601769911,0.8317120622568094,0.8944745844828867,0.9081858407079646,0.9132369299221357
oc_12_5000_1000_1_0_p019_0770_1,5.690011481056257,0.8931235384861662,0.9735139008065901,0.9020285946589567,0.880738698993778,0.9632606199770379,0.8398398398398398,0.8989554527251788,0.9230769230769231,0.9054054054054054
oc_12_5000_1000_1_0_p019_0800_1,5.858156028368795,0.8638955496069518,0.9651611168562565,0.8885671057207266,0.849180512765506,0.9562647754137116,0.7962598425196851,0.894432876233941,0.925531914893617,0.8948571428571429
oc_12_5000_1000_1_0_p019_0830_1,6.095940959409594,0.8427877485832821,0.9571702374761657,0.873906763981493,0.8094040727269932,0.95079950799508,0.7397129186602871,0.8849282370052529,0.915129151291513,0.8878281622911695
oc_12_5000_1000_1_0_p019_0870_1,6.572944297082228,0.8979956733096334,0.972991996497373,0.8795640348398829,0.856972046457419,0.9336870026525199,0.8233918128654971,0.8859663348938939,0.8912466843501327,0.9105691056910569
oc_12_5000_1000_1_0_p019_0880_1,6.742857142857143,0.9007746510534306,0.9760557722720085,0.8994132017433224,0.8767839197629389,0.9401360544217687,0.8488943488943489,0.8897411043728796,0.9102040816326531,0.897986577181208
oc_12_5000_1000_1_0_p019_0900_1,7.172214182344429,0.8845062773312646,0.9716811227200284,0.881223898868476,0.8524698555746194,0.9377713458755427,0.81,0.883191397189606,0.9131693198263386,0.8825174825174825
oc_12_5000_1000_1_0_p019_0920_1,8.019417475728156,0.8667316894602005,0.9641631682813061,0.879417233762433,0.8043549648090489,0.9498381877022654,0.7220172201722017,0.8867228376889215,0.9110032362459547,0.88801261829653
oc_12_5000_1500_1_5_p019_0710_1,5.482300884955753,0.8554356553665419,0.9604270136518771,0.8228522172346099,0.8183418971481556,0.9059734513274337,0.7936046511627907,0.8569160228631437,0.8407079646017699,0.916767189384801
oc_12_5000_1500_1_5_p019_0770_1,5.690011481056257,0.8464004838703884,0.9571687317659173,0.811502330004934,0.8034579424779001,0.904707233065442,0.7702834799608993,0.8402571810327338,0.8254879448909299,0.9021329987452948
oc_12_5000_1500_1_5_p019_0800_1,5.858156028368795,0.8393000361755503,0.9574641158221303,0.8227703158134291,0.8053590009756092,0.9196217494089834,0.759765625,0.8281874061663681,0.8427895981087471,0.8631961259079903
oc_12_5000_1500_1_5_p019_0830_1,6.095940959409594,0.8230581670250681,0.9506552608771017,0.7978558618215079,0.7725643665373743,0.9040590405904059,0.7212953876349362,0.8186836282808331,0.8388683886838868,0.8493150684931506
oc_12_5000_1500_1_5_p019_0870_1,6.572944297082228,0.8383301266648964,0.9563736602451839,0.7918267410830879,0.7766998877026531,0.870026525198939,0.7505720823798627,0.8097305136882317,0.8169761273209549,0.8520055325034578
oc_12_5000_1500_1_5_p019_0880_1,6.742857142857143,0.8413280215174846,0.9555430328589001,0.7749450359824812,0.7665775490448002,0.8707482993197279,0.7331042382588774,0.8063524532282581,0.7795918367346939,0.8828967642526965
oc_12_5000_1500_1_5_p019_0900_1,7.172214182344429,0.7839990562020693,0.9391978218523109,0.7310703786211978,0.6997598868139205,0.8683068017366136,0.6329113924050633,0.7549411268348107,0.7742402315484804,0.7949479940564635
oc_12_5000_1500_1_5_p019_0920_1,8.019417475728156,0.7963886470498172,0.9409965016146394,0.7310024468253303,0.6787415513738472,0.8592233009708737,0.6027241770715096,0.7537809826708974,0.7524271844660194,0.808695652173913
oc_12_5000_2000_2_0_p019_0710_1,5.482300884955753,0.8384152542510723,0.9546103071672355,0.7771284333062134,0.7836483952715751,0.8772123893805309,0.7647058823529411,0.8055704513580183,0.7300884955752213,0.9455587392550143
oc_12_5000_2000_2_0_p019_0770_1,5.690011481056257,0.8029445957137131,0.9461607001887764,0.720017022739257,0.7417747079690767,0.8277841561423651,0.7394871794871795,0.7836930285525778,0.7278989667049368,0.9057142857142857
oc_12_5000_2000_2_0_p019_0800_1,5.858156028368795,0.8317152830861527,0.9525625991037573,0.7564838229402531,0.7656965652026955,0.8416075650118203,0.7631296891747053,0.7969278829919908,0.7387706855791962,0.9164222873900293
oc_12_5000_2000_2_0_p019_0830_1,6.095940959409594,0.769531955193062,0.9347758537008147,0.6926138723634007,0.6903578094153391,0.8241082410824109,0.6614017769002961,0.7360510621068618,0.7195571955719557,0.8251057827926658
oc_12_5000_2000_2_0_p019_0870_1,6.572944297082228,0.8224640321018751,0.9507219439579685,0.7262857265790686,0.7369963412242393,0.8249336870026526,0.7257876312718786,0.7762065349721752,0.7122015915119363,0.9025210084033614
oc_12_5000_2000_2_0_p019_0880_1,6.742857142857143,0.8203623135534196,0.9516928659286593,0.7156913801460764,0.7346563790779698,0.7904761904761904,0.7496774193548387,0.7577849496525851,0.6965986394557823,0.8842832469775475
oc_12_5000_2000_2_0_p019_0900_1,7.172214182344429,0.8209592036362472,0.949573384097751,0.7249848985236671,0.7241161183049651,0.8263386396526773,0.6997549019607843,0.769821819925959,0.7279305354558611,0.8687392055267703
oc_12_5000_2000_2_0_p019_0920_1,8.019417475728156,0.8189903548687296,0.9517325977753858,0.6984177496616313,0.7056625066671641,0.7718446601941747,0.7087667161961367,0.7085480070388516,0.6440129449838188,0.8414376321353065
oc_12_5000_2500_2_6_p019_0710_1,5.7560975609756095,0.803957750752703,0.9496980230359292,0.6793780548394021,0.7526662951799855,0.743321718931475,0.8333333333333334,0.6957489190566591,0.5632984901277585,0.939922480620155
oc_12_5000_2500_2_6_p019_0770_1,6.0,0.8185348296210525,0.9520366828087167,0.7009236344448555,0.7426575449197105,0.7699757869249395,0.7881040892193308,0.7292964040014773,0.6162227602905569,0.9339449541284404
oc_12_5000_2500_2_6_p019_0800_1,6.171855541718555,0.7924290986239064,0.9440864212536899,0.6755836934633079,0.7068300408853299,0.7770859277708593,0.7222222222222222,0.7430986948434957,0.6562889165628891,0.9086206896551724
oc_12_5000_2500_2_6_p019_0830_1,6.4363636363636365,0.8184454599098336,0.9525379497031087,0.6823655502038366,0.7495013740187464,0.7545454545454545,0.810320781032078,0.7001190042749851,0.5532467532467532,0.9573033707865168
oc_12_5000_2500_2_6_p019_0870_1,6.912133891213389,0.8291228925749266,0.9550839767318879,0.6858031152158885,0.7527423330281285,0.7168758716875872,0.8509933774834437,0.6608674612497293,0.5076708507670851,0.9357326478149101
oc_12_5000_2500_2_6_p019_0880_1,7.130935251798562,0.817484220678128,0.9531041408600248,0.650451823189083,0.7289853445159545,0.702158273381295,0.8215488215488216,0.6556736997531101,0.4949640287769784,0.9424657534246575
oc_12_5000_2500_2_6_p019_0900_1,7.54337899543379,0.8156740837164371,0.949778175663638,0.651282085461977,0.6849988106161545,0.741248097412481,0.7047756874095513,0.7113248513572163,0.563165905631659,0.9585492227979274
oc_12_5000_2500_2_6_p019_0920_1,8.414261460101867,0.8496497749495442,0.9607183769161407,0.7022575657081287,0.7564611970895931,0.7436332767402377,0.8202247191011236,0.6663998411037588,0.499151103565365,0.9514563106796117
oc_12_5000_3000_3_1_p019_0710_1,6.96067415730337,0.8138594390988546,0.9511885850388144,0.6811999027845332,0.7256747932381942,0.7471910112359551,0.772133526850508,0.7131339843061345,0.6264044943820225,0.8796844181459567
oc_12_5000_3000_3_1_p019_0770_1,7.235036496350365,0.8410655456312411,0.9579112745967027,0.7435186912249488,0.7588213430936835,0.8248175182481752,0.7553475935828877,0.7883747836798988,0.7182481751824817,0.9144981412639405
oc_12_5000_3000_3_1_p019_0800_1,7.577981651376147,0.8441005241578243,0.959089376114082,0.7195185303181401,0.748290006214991,0.753822629969419,0.8003246753246753,0.6963040734368304,0.5749235474006116,0.9082125603864735
oc_12_5000_3000_3_1_p019_0830_1,7.904306220095694,0.8050297622749933,0.9487982267598065,0.6520315556734628,0.6835489669674684,0.748006379585327,0.6937869822485208,0.7336072978452541,0.6299840510366826,0.9101382488479263
oc_12_5000_3000_3_1_p019_0870_1,8.74074074074074,0.8312859366098647,0.955910917979359,0.654429524619475,0.6957472162551042,0.7107583774250441,0.7421731123388582,0.6771264205151277,0.5291005291005291,0.9259259259259259
oc_12_5000_3000_3_1_p019_0880_1,8.881720430107526,0.8650972409738164,0.9653835146898803,0.7210885929878849,0.7691933266719707,0.7419354838709677,0.8431771894093686,0.6908406188501004,0.5376344086021505,0.9433962264150944
oc_12_5000_3000_3_1_p019_0900_1,9.660818713450292,0.8750497226609765,0.9676110074968002,0.738536002965946,0.7660819633729167,0.7680311890838206,0.8073770491803278,0.6979838988576689,0.5536062378167641,0.9311475409836065
oc_12_5000_3000_3_1_p019_0920_1,10.964601769911505,0.8634959030741072,0.9659887389053254,0.6769718798496533,0.7333884429455227,0.7168141592920354,0.7941176470588235,0.6484624602309957,0.4823008849557522,0.923728813559322
oc_12_5000_3500_3_5_p019_0710_1,8.301507537688442,0.8186733925512417,0.9523438141545111,0.6421561887542938,0.6834815068399392,0.695142378559464,0.7384341637010676,0.6923984475814795,0.5862646566164154,0.8793969849246231
oc_12_5000_3500_3_5_p019_0770_1,8.694736842105263,0.8300997387559861,0.9556829533116178,0.6497446000110271,0.7063401146381213,0.6929824561403509,0.7790927021696252,0.6632563809595226,0.5298245614035088,0.893491124260355
oc_12_5000_3500_3_5_p019_0800_1,8.945848375451263,0.8332759481855112,0.9548984029038112,0.6704773249160932,0.7006540682978182,0.7382671480144405,0.7238938053097345,0.7030108256895596,0.5992779783393501,0.8806366047745358
oc_12_5000_3500_3_5_p019_0830_1,9.53076923076923,0.8131168189377598,0.9498012600438276,0.6255794260338958,0.6456360273402847,0.7153846153846154,0.6480836236933798,0.6743998860861191,0.5653846153846154,0.8621700879765396
oc_12_5000_3500_3_5_p019_0870_1,10.63519313304721,0.8591438107962782,0.9626056805606787,0.6719732073499798,0.6809607163587887,0.7060085836909872,0.7105831533477321,0.6950773240393743,0.5407725321888412,0.9402985074626866
oc_12_5000_3500_3_5_p019_0880_1,11.0625,0.8763617305446987,0.9669675610658771,0.7238029477136946,0.7318925204836304,0.7678571428571429,0.7413793103448276,0.7227911482066229,0.578125,0.9452554744525548
oc_12_5000_3500_3_5_p019_0900_1,12.206896551724139,0.8739933894972959,0.9676724356583365,0.679160594975278,0.6988964394713484,0.645320197044335,0.8012232415902141,0.5962548083604401,0.4064039408866995,0.9269662921348315
oc_12_5000_3500_3_5_p019_0920_1,14.576470588235294,0.8670358761112963,0.9649418806646526,0.6177831696960866,0.6093097232477788,0.6147058823529412,0.653125,0.5613847949699403,0.36470588235294116,0.9117647058823529
oc_12_5000_4000_4_0_p019_0710_1,9.698630136986301,0.8279907655789399,0.9562186208158039,0.6160818889731388,0.681111165359015,0.6790606653620352,0.7414529914529915,0.6977601599999232,0.5714285714285714,0.9040247678018576
oc_12_5000_4000_4_0_p019_0770_1,10.433684210526316,0.8774581304477879,0.9685401767630271,0.7584902342505525,0.7651658110285144,0.8,0.7723577235772358,0.7489660114058686,0.6652631578947369,0.8851540616246498
oc_12_5000_4000_4_0_p019_0800_1,10.916299559471366,0.8398430181807124,0.9564661552680221,0.6695573749424675,0.6649888809559633,0.751101321585903,0.6433962264150943,0.7487552019070725,0.6762114537444934,0.8696883852691218
oc_12_5000_4000_4_0_p019_0830_1,11.913461538461538,0.8767423209600925,0.9682034065524944,0.7116986869829645,0.711724353927137,0.7403846153846154,0.7281323877068558,0.7216503878202358,0.6057692307692307,0.9
oc_12_5000_4000_4_0_p019_0870_1,13.578082191780823,0.8726868472237425,0.9666205224581845,0.6865590245873542,0.686371004048207,0.7178082191780822,0.6986666666666667,0.7018594354807757,0.5917808219178082,0.8709677419354839
oc_12_5000_4000_4_0_p019_0880_1,14.200573065902578,0.8768255366602143,0.9691860697455231,0.6487492260529872,0.6749651925720581,0.6418338108882522,0.7516778523489933,0.6852971373452877,0.5128939828080229,0.9521276595744681
oc_12_5000_4000_4_0_p019_0900_1,16.249180327868853,0.8688208931072466,0.9660851549135145,0.623812288508103,0.614797794337601,0.6262295081967213,0.6474576271186441,0.5967019467394367,0.4491803278688525,0.8353658536585366
oc_12_5000_4000_4_0_p019_0920_1,19.824,0.9066101652231477,0.9772366500192086,0.6901160009891691,0.7055804790458509,0.652,0.7912621359223301,0.5701121808578734,0.388,0.8738738738738738
oc_12_5000_500_0_5_p019_0710_1,5.482300884955753,0.9326779543494332,0.984395819112628,0.9526178347942118,0.9291143462656747,0.9800884955752213,0.9022403258655805,0.9559532422519343,0.9723451327433629,0.9533622559652929
oc_12_5000_500_0_5_p019_0770_1,5.690011481056257,0.9671954382927084,0.9940109147073966,0.9738451304806481,0.9711183859208489,0.9804822043628014,0.9704545454545455,0.971507411584243,0.9678530424799081,0.9836639439906651
oc_12_5000_500_0_5_p019_0800_1,5.858156028368795,0.9277865120125995,0.9836103929679421,0.9445983504436051,0.9244109065241685,0.9763593380614657,0.8968512486427795,0.9432545629265302,0.9633569739952719,0.9400230680507498
oc_12_5000_500_0_5_p019_0830_1,6.095940959409594,0.8927094255130145,0.9735508580343214,0.940996342554833,0.87942930282176,0.976629766297663,0.8245067497403946,0.9386403414418278,0.9704797047970479,0.9249706916764361
oc_12_5000_500_0_5_p019_0870_1,6.572944297082228,0.9435940961980159,0.9869348861646234,0.9543855068584945,0.9307704700988102,0.9774535809018567,0.9042944785276074,0.9551132171358041,0.9655172413793104,0.9566360052562418
oc_12_5000_500_0_5_p019_0880_1,6.742857142857143,0.9220392997159542,0.9803060622034792,0.967437489144761,0.8948009150966575,0.9850340136054422,0.8389339513325609,0.954995004413941,0.9809523809523809,0.9412532637075718
oc_12_5000_500_0_5_p019_0900_1,7.172214182344429,0.9529795164843008,0.9905683725872144,0.9589878950705621,0.9497253050626348,0.9710564399421129,0.94109396914446,0.9471069008416685,0.9507959479015919,0.9563318777292577
oc_12_5000_500_0_5_p019_0920_1,8.019417475728156,0.9060476886601755,0.9765285970577682,0.9245907805703428,0.8681762299503589,0.9676375404530745,0.8070175438596491,0.9170592161007266,0.9530744336569579,0.900611620795107
oc_12_500_1000_1_0_p019_0710_1,55.06666666666667,0.9259031718237076,0.9857560443915973,0.3344876890313363,0.4804124617012302,0.35555555555555557,0.6666666666666666,0.4985574714849578,0.34444444444444444,0.7380952380952381
oc_12_500_1000_1_0_p019_0770_1,56.96551724137931,0.8972568706693828,0.9747383303589133,0.662231226185133,0.43847906698738165,0.6551724137931034,0.3114754098360656,0.45713497329376485,0.5402298850574713,0.4051724137931034
oc_12_500_1000_1_0_p019_0800_1,59.0,0.8091635830289418,0.9466280952380952,0.6605186351307548,0.34544443817163245,0.7976190476190477,0.16708229426433915,0.45691843793874637,0.7023809523809523,0.31382978723404253
oc_12_500_1000_1_0_p019_0830_1,61.18518518518518,0.8842449433647981,0.9697091721262656,0.4570994496591564,0.3251277453915244,0.5432098765432098,0.2146341463414634,0.4665661164282641,0.4691358024691358,0.4810126582278481
oc_12_500_1000_1_0_p019_0870_1,66.08,0.6216465178759366,0.8949099383820314,0.11723043089257568,0.034505783733793496,0.21333333333333335,0.026143790849673203,0.05267265009685619,0.17333333333333334,0.03880597014925373
oc_12_500_1000_1_0_p019_0880_1,67.89041095890411,0.831499311592933,0.963964346788626,0.007146138531044732,-0.018648821572841725,0.0,0.0,-0.01702041379775781,0.0,0.0
oc_12_500_1000_1_0_p019_0900_1,71.82608695652173,0.9260105719124261,0.9827925373134329,0.6586749754819421,0.4339657712303413,0.5652173913043478,0.3482142857142857,0.384016333866236,0.36231884057971014,0.423728813559322
oc_12_500_1000_1_0_p019_0920_1,79.93548387096774,0.660179736260522,0.8923542646472699,0.09652502297661802,0.051066924728536404,0.3225806451612903,0.02544529262086514,0.06831402613466978,0.12903225806451613,0.05673758865248227
oc_12_500_1500_1_5_p019_0710_1,55.06666666666667,0.8749946552250574,0.9659469480776853,0.5247996669441477,0.3449547355268412,0.6,0.21951219512195122,0.47103059961618726,0.4666666666666667,0.49411764705882355
oc_12_500_1500_1_5_p019_0770_1,56.96551724137931,0.8662842485551572,0.9621174102716636,0.5921272843041412,0.3556552865425941,0.6896551724137931,0.20270270270270271,0.4496083682308872,0.4827586206896552,0.4375
oc_12_500_1500_1_5_p019_0800_1,59.0,0.9293441442500132,0.9866547619047619,0.2570114329691767,0.4578987940277869,0.2857142857142857,0.75,0.4578987940277869,0.2857142857142857,0.75
oc_12_500_1500_1_5_p019_0830_1,61.18518518518518,0.8839253180069817,0.9706869168155648,0.4145681217821007,0.26452515976307484,0.4074074074074074,0.19411764705882353,0.3361415612488315,0.3333333333333333,0.36
oc_12_500_1500_1_5_p019_0870_1,66.08,0.5494569666753237,0.8841934009143312,0.05454270634570768,-0.04620512247697531,0.0,0.0,-0.035062619317200845,0.0,0.0
oc_12_500_1500_1_5_p019_0880_1,67.89041095890411,0.6034442561912527,0.9158878504672897,0.2707926968967711,0.1736900328428211,0.4794520547945205,0.08333333333333333,0.1736900328428211,0.4794520547945205,0.08333333333333333
oc_12_500_1500_1_5_p019_0900_1,71.82608695652173,0.818194142686609,0.9513883184079602,0.018118777162909994,0.019754389280872312,0.08695652173913043,0.023715415019762844,0.013400717415398345,0.028985507246376812,0.02631578947368421
oc_12_500_1500_1_5_p019_0920_1,79.93548387096774,0.8600846987865922,0.9683719011558389,0.003194337925281565,-0.005326905881113119,0.016129032258064516,0.008547008547008548,0.0003465665904322736,0.016129032258064516,0.012658227848101266
oc_12_500_2000_2_0_p019_0710_1,55.06666666666667,0.7264364263239578,0.9171050535077289,0.16521649960807916,0.0925772290828076,0.3333333333333333,0.05190311418685121,0.167108177230661,0.2222222222222222,0.15384615384615385
oc_12_500_2000_2_0_p019_0770_1,56.96551724137931,0.7599310499986269,0.9263384295062462,0.08216794041102848,0.03462524102434507,0.1724137931034483,0.03112033195020747,0.08566633758066107,0.10344827586206896,0.1
oc_12_500_2000_2_0_p019_0800_1,59.0,0.511537433222127,0.8776773809523809,0.04664690686847628,-0.04499721785612959,0.011904761904761904,0.0015625,-0.034043514913084286,0.011904761904761904,0.00234192037470726
oc_12_500_2000_2_0_p019_0830_1,61.18518518518518,0.6344900763059245,0.8979847925352392,0.01660470504571776,-0.017051677691105844,0.07407407407407407,0.010186757215619695,0.012562871686910249,0.07407407407407407,0.022813688212927757
oc_12_500_2000_2_0_p019_0870_1,66.08,0.4830342364333805,0.8896839594514013,0.08140913232526326,0.08126009675070596,0.30666666666666664,0.043726235741444866,0.08126009675070596,0.30666666666666664,0.043726235741444866
oc_12_500_2000_2_0_p019_0880_1,67.89041095890411,0.7504344950763184,0.9301907933982899,0.09704898753187341,0.06136368918284644,0.2191780821917808,0.0392156862745098,0.07993933701896176,0.1506849315068493,0.06626506024096386
oc_12_500_2000_2_0_p019_0900_1,71.82608695652173,0.7359044060550881,0.9276955820895523,0.2076562454359394,0.13197250704293287,0.4057971014492754,0.06306306306306306,0.14023732608361494,0.2898550724637681,0.08928571428571429
oc_12_500_2000_2_0_p019_0920_1,79.93548387096774,0.8026592865647998,0.9566927859705062,0.009581671550274007,-0.02107185234580473,0.0,0.0,-0.01894843366756164,0.0,0.0
oc_12_500_2500_2_6_p019_0710_1,57.627906976744185,0.7789378182465531,0.9404204680682269,0.22833644355490323,0.1611198342914799,0.3488372093023256,0.1,0.25524419802093473,0.19767441860465115,0.3541666666666667
oc_12_500_2500_2_6_p019_0770_1,60.4390243902439,0.6004863501315185,0.9152441445017865,0.4719452555222209,0.265241514937323,0.6829268292682927,0.12253829321663019,0.265241514937323,0.6829268292682927,0.12253829321663019
oc_12_500_2500_2_6_p019_0800_1,61.18518518518518,0.8217217598844755,0.951110244192972,0.24553776294756136,0.15317382174455643,0.345679012345679,0.09210526315789473,0.19018414972423106,0.2345679012345679,0.1792452830188679
oc_12_500_2500_2_6_p019_0830_1,63.53846153846154,0.31053001235893307,0.7975262018275725,0.09166208404591969,-0.04236822987503326,0.10256410256410256,0.006394884092725819,-0.011469749380563752,0.08974358974358974,0.011647254575707155
oc_12_500_2500_2_6_p019_0870_1,68.83333333333333,0.7136831285999825,0.9348531424025457,0.018419473993040114,-0.029435790868292008,0.0,0.0,-0.0262692337007607,0.0,0.0
oc_12_500_2500_2_6_p019_0880_1,69.80281690140845,0.5968345755823847,0.9033127511438234,0.0247442920879265,-0.0326990580025643,0.014084507042253521,0.0021231422505307855,-0.026936422752344324,0.014084507042253521,0.0027472527472527475
oc_12_500_2500_2_6_p019_0900_1,75.0909090909091,0.6366919088324767,0.8970256670649144,0.027232620263512253,-0.00636443401476676,0.10606060606060606,0.011217948717948718,0.02558774443627939,0.10606060606060606,0.025179856115107913
oc_12_500_2500_2_6_p019_0920_1,84.0,0.8410972749909256,0.960006779661017,0.05172232058279147,0.03525197928226097,0.1016949152542373,0.030612244897959183,0.04978395682682415,0.0847457627118644,0.049019607843137254
oc_12_500_3000_3_1_p019_0710_1,69.80281690140845,0.8810073671552702,0.9721255022876467,0.22889285430965345,0.19034937222804166,0.28169014084507044,0.15037593984962405,0.25075385696948166,0.28169014084507044,0.24390243902439024
oc_12_500_3000_3_1_p019_0770_1,73.97014925373135,0.7889738092194218,0.949851483177384,0.014436830574656168,-0.02517867602229733,0.0,0.0,-0.020399483724950828,0.0,0.0
oc_12_500_3000_3_1_p019_0800_1,75.0909090909091,0.7509901685872459,0.9281013142174432,0.10236085896918745,0.05122053828658277,0.21212121212121213,0.032036613272311214,0.06182425866185423,0.13636363636363635,0.04945054945054945
oc_12_500_3000_3_1_p019_0830_1,77.4375,0.7994887629096467,0.9502959163346614,0.024385795831595503,-0.025183570167714865,0.0,0.0,-0.018009922411910025,0.0,0.0
oc_12_500_3000_3_1_p019_0870_1,86.94736842105263,0.882915768084061,0.9756878316377419,0.0036237994212074964,-0.012762198456385179,0.0,0.0,-0.01160283045879039,0.0,0.0
oc_12_500_3000_3_1_p019_0880_1,85.44827586206897,0.8069229757503289,0.9459037295572398,0.04151485536868116,-0.021306228938542216,0.017241379310344827,0.0030120481927710845,0.006514285516530621,0.017241379310344827,0.01818181818181818
oc_12_500_3000_3_1_p019_0900_1,97.17647058823529,0.5604477488553087,0.9065308568004793,0.2955919019362958,0.15128019617761518,0.5294117647058824,0.05732484076433121,0.15128019617761518,0.5294117647058824,0.05732484076433121
oc_12_500_3000_3_1_p019_0920_1,110.13333333333334,0.8124701612101534,0.957403799240152,0.004857135300857407,-0.007700019070871273,0.022222222222222223,0.005319148936170213,-0.004145133067997279,0.022222222222222223,0.006756756756756757
oc_12_500_3500_3_5_p019_0710_1,82.6,0.8522355672224464,0.9636017942583732,0.12880178511415052,0.1049580671472279,0.21666666666666667,0.07027027027027027,0.09496502792209645,0.13333333333333333,0.08791208791208792
oc_12_500_3500_3_5_p019_0770_1,85.44827586206897,0.7504744584850649,0.9243448145193458,0.13133047376233664,0.041986908066163016,0.22413793103448276,0.024667931688804556,0.12256452728442564,0.1724137931034483,0.10638297872340426
oc_12_500_3500_3_5_p019_0800_1,90.10909090909091,0.6108075884017509,0.8839286170425065,0.11395886650279585,0.031120899985058816,0.2545454545454545,0.01871657754010695,0.05720134645602466,0.18181818181818182,0.0353356890459364
oc_12_500_3500_3_5_p019_0830_1,95.3076923076923,0.25432960812357763,0.8022606829073482,0.11263580978208432,-0.05516675676685267,0.0,0.0,-0.042955928594273364,0.0,0.0
oc_12_500_3500_3_5_p019_0870_1,105.44680851063829,0.743159873755478,0.9375000799520288,0.02608854499579727,-0.025071739855579332,0.0,0.0,-0.020333278462742046,0.0,0.0
oc_12_500_3500_3_5_p019_0880_1,112.63636363636364,0.7837696020507025,0.93519354,0.04590291208497077,-0.028976072204799794,0.0,0.0,-0.010813686859437009,0.0,0.0
oc_12_500_3500_3_5_p019_0900_1,123.9,0.887989079500564,0.9766766413130504,0.004210791705549721,-0.011605228528255365,0.0,0.0,-0.010786744793265812,0.0,0.0
oc_12_500_3500_3_5_p019_0920_1,137.66666666666666,0.28169077099290585,0.8065256209935897,0.06827241467539036,-0.04007836650173944,0.027777777777777776,0.0008952551477170994,-0.028732882227973346,0.027777777777777776,0.0013605442176870747
oc_12_500_4000_4_0_p019_0710_1,97.17647058823529,0.45016249424150134,0.8207803874575594,0.09155461683108324,-0.026938492790454675,0.13725490196078433,0.005533596837944664,0.021264881896207802,0.11764705882352941,0.0182370820668693
oc_12_500_4000_4_0_p019_0770_1,103.25,0.7883665939411891,0.9377416067146283,0.11795173369563361,0.03190988596448201,0.16666666666666666,0.020202020202020204,0.07414993726001068,0.14583333333333334,0.05384615384615385
oc_12_500_4000_4_0_p019_0800_1,112.63636363636364,0.5681176619041433,0.9082,0.6205221201577423,0.23571782488978912,0.8409090909090909,0.07566462167689161,0.23571782488978912,0.8409090909090909,0.07566462167689161
oc_12_500_4000_4_0_p019_0830_1,118.0,0.6304436439375938,0.9118616046418567,0.029702146241260108,-0.02909830967060323,0.0,0.0,-0.024988846753850446,0.0,0.0
oc_12_500_4000_4_0_p019_0870_1,130.42105263157896,0.8522186454935372,0.9655142370845013,4.855382693547128e-05,0.009472240075417325,0.05263157894736842,0.012048192771084338,0.01950386511252086,0.05263157894736842,0.019230769230769232
oc_12_500_4000_4_0_p019_0880_1,145.76470588235293,0.6934309082861103,0.9354709418837676,0.025809424054281327,0.03052792944593178,0.14705882352941177,0.016778523489932886,0.03052792944593178,0.14705882352941177,0.016778523489932886
oc_12_500_4000_4_0_p019_0900_1,159.8709677419355,0.4072878232353474,0.8314015841187087,0.12204911447473299,-0.04091779346319454,0.0,0.0,-0.02704205663140616,0.0,0.0
oc_12_500_4000_4_0_p019_0920_1,198.24,0.8476523608075941,0.9596972495482835,0.02598574599858594,-0.0156981062113899,0.0,0.0,-0.010269257226881948,0.0,0.0
oc_12_500_500_0_5_p019_0710_1,55.06666666666667,0.9194497441179785,0.9798320650019817,0.7295706839245533,0.5409402685474772,0.7888888888888889,0.3858695652173913,0.6794076280551319,0.7333333333333333,0.6407766990291263
oc_12_500_500_0_5_p019_0770_1,56.96551724137931,0.8555282460185778,0.958391354352568,0.7533829729743853,0.39907641557706836,0.8275862068965517,0.20930232558139536,0.5835816602627747,0.7701149425287356,0.4557823129251701
oc_12_500_500_0_5_p019_0800_1,59.0,0.8787180194023466,0.9660902380952381,0.7960420615741347,0.4512527302793118,0.8571428571428571,0.25263157894736843,0.6243804956374014,0.8333333333333334,0.4794520547945205
oc_12_500_500_0_5_p019_0830_1,61.18518518518518,0.7957634338287012,0.9366403017669248,0.7247777457900291,0.2963086154456441,0.8148148148148148,0.125,0.5869611771111467,0.7654320987654321,0.4626865671641791
oc_12_500_500_0_5_p019_0870_1,66.08,0.887407067545254,0.96759936394355,0.8204095352839111,0.43351872846817324,0.8666666666666667,0.23049645390070922,0.6338021065231719,0.84,0.4883720930232558
oc_12_500_500_0_5_p019_0880_1,67.89041095890411,0.9657524906159364,0.9941250944521773,0.8566756781681121,0.790714445747969,0.8767123287671232,0.7191011235955056,0.8458411833446982,0.8767123287671232,0.8205128205128205
oc_12_500_500_0_5_p019_0900_1,71.82608695652173,0.8260456930130187,0.9472822686567164,0.7958339233530747,0.3171377266422602,0.855072463768116,0.13169642857142858,0.6020256599731787,0.8260869565217391,0.44881889763779526
oc_12_500_500_0_5_p019_0920_1,79.93548387096774,0.9016690898907648,0.9735311677959346,0.8629480924092499,0.4478740162322753,0.8870967741935484,0.23706896551724138,0.73669276790589,0.8870967741935484,0.6179775280898876
