Name,CI,LSR,BSL,HMS,MCC_5,TPR_5,PPV_5,MCC_9,TPR_9,PPV_9
oc_12_1000_1000_1_0_p019_0870_1,32.82119205298013,0.8665096325216117,0.9683233209320541,0.587257288317867,0.5505419205012293,0.5695364238410596,0.5584415584415584,0.40584837446630523,0.1986754966887417,0.8571428571428571
oc_12_500_500_0_5_p019_0870_1,66.08,0.8844491591643132,0.9734595905386603,0.7121627887306472,0.45739119274279283,0.6133333333333333,0.35658914728682173,0.5501872411303841,0.4,0.7692307692307693
oc_12_10000_500_0_5_p019_0800_1,2.9290780141843973,0.9347384407966942,0.9867718411552346,0.9709565505420429,0.9707569908739192,0.9929078014184397,0.963855421686747,0.9713597537458001,0.9692671394799054,0.9879518072289156
oc_12_5000_2000_2_0_p019_0880_1,6.742857142857143,0.7608195284690844,0.9336007028641715,0.5748371735728204,0.6288731740449053,0.6748299319727891,0.6785225718194254,0.6009766718118853,0.4530612244897959,0.888
oc_12_5000_3000_3_1_p019_0710_1,6.96067415730337,0.7570502464877462,0.9337501764290755,0.5991652330898318,0.6367575110312154,0.7148876404494382,0.6550836550836551,0.6495108406296133,0.5182584269662921,0.8934624697336562
oc_12_500_3000_3_1_p019_0830_1,77.4375,0.868033489908822,0.9694030278884462,0.11663371990928828,0.07024445173330221,0.109375,0.06666666666666667,0.0,0.0,0.0
oc_12_5000_3000_3_1_p019_0870_1,8.74074074074074,0.75568826710119,0.931755350353069,0.540147646694602,0.5780486515644246,0.6754850088183422,0.5776772247360482,0.5386544358200593,0.35978835978835977,0.8869565217391304
oc_12_10000_1500_1_5_p019_0710_1,2.742667404537908,0.7666069558351445,0.9357284045541919,0.7711959979029486,0.8063630246658815,0.9103486441615938,0.8135509396636993,0.8060307750410166,0.7869396790260099,0.9245773732119635
oc_12_1000_2500_2_6_p019_0870_1,34.179310344827584,0.8394211315935016,0.9615319349147227,0.2729285556387827,0.25611777894967874,0.2413793103448276,0.3125,0.1157854904464803,0.013793103448275862,1.0
oc_12_2500_500_0_5_p019_0800_1,11.71631205673759,0.9083218467148348,0.9812280349507343,0.947186836281884,0.8912023097197644,0.9787234042553191,0.828,0.9338787967499436,0.9267139479905437,0.9514563106796117
oc_12_500_500_0_5_p019_0830_1,61.18518518518518,0.8661854669089679,0.9662719872940242,0.7352220837334604,0.47889455083599203,0.8148148148148148,0.29596412556053814,0.5662309516226516,0.4444444444444444,0.7346938775510204
oc_12_2500_2000_2_0_p019_0880_1,13.467391304347826,0.7941799222936012,0.9457442524417731,0.4672525212492574,0.5285964992201533,0.5271739130434783,0.5932721712538226,0.4079279359519432,0.22554347826086957,0.8058252427184466
oc_12_1000_3000_3_1_p019_0870_1,43.095652173913045,0.8530191517151715,0.9642579372904753,0.2807374966899979,0.19070066603064884,0.2,0.2169811320754717,0.24533690278351497,0.06956521739130435,0.8888888888888888
oc_12_500_4000_4_0_p019_0920_1,198.24,0.8777698011978189,0.9729149969885565,0.03138134022465511,-0.008661906839894767,0.0,0.0,0.0,0.0,0.0
oc_12_1000_3000_3_1_p019_0920_1,55.68539325842696,0.8544724788359433,0.9645117145688801,0.14631902001714403,0.10635031797609398,0.1348314606741573,0.11320754716981132,0.0,0.0,0.0
oc_12_500_1500_1_5_p019_0880_1,67.89041095890411,0.869668241319097,0.9701679061443627,0.09936453089647201,0.045549446151447896,0.0547945205479452,0.0625,0.0,0.0,0.0
oc_12_10000_2500_2_6_p019_0870_1,3.4852320675105486,0.702324069436578,0.9138057071182188,0.6030312650032894,0.6711524795848267,0.7433192686357243,0.7454160789844851,0.6560260184551895,0.5421940928270043,0.9289156626506024
oc_12_500_2000_2_0_p019_0920_1,79.93548387096774,0.8600924225035437,0.9669726584296533,0.07381365593607103,0.05597954424015297,0.0967741935483871,0.05309734513274336,0.029788809824153585,0.016129032258064516,0.07692307692307693
oc_12_10000_2500_2_6_p019_0830_1,3.205692108667529,0.6887237821192493,0.9114106428791141,0.6213923392902183,0.6905338275253694,0.7865459249676585,0.7460122699386503,0.6838529641076815,0.6034928848641656,0.9111328125
oc_12_5000_1000_1_0_p019_0870_1,6.572944297082228,0.8363044179110202,0.9593639229422066,0.8274891407230478,0.8203772702985938,0.9098143236074271,0.7857961053837342,0.8020791184236986,0.7785145888594165,0.8774289985052317
oc_12_2500_500_0_5_p019_0830_1,12.176904176904177,0.8880654332262417,0.9744417676673504,0.9524457345179633,0.8505885332206883,0.9901719901719902,0.7518656716417911,0.9176038077332238,0.9508599508599509,0.8979118329466357
oc_12_10000_2000_2_0_p019_0800_1,2.9290780141843973,0.7164196103448435,0.9199590854392299,0.6830549089816659,0.7480763964955828,0.851063829787234,0.7800650054171181,0.709563730734361,0.66548463356974,0.8936507936507937
oc_12_1000_1500_1_5_p019_0920_1,39.96774193548387,0.8360016646817998,0.9574006299212598,0.2375618581146648,0.08925696515134528,0.12096774193548387,0.1056338028169014,0.0791867877247349,0.03225806451612903,0.23529411764705882
oc_12_5000_1000_1_0_p019_0800_1,5.858156028368795,0.8349004524632326,0.9588751465012064,0.8421425267632922,0.8298670102124759,0.9290780141843972,0.7891566265060241,0.8174652459995932,0.7919621749408984,0.8957219251336899
oc_12_5000_500_0_5_p019_0710_1,5.482300884955753,0.9032096391464526,0.9780103754266212,0.9697860542094354,0.9327045655558697,0.9966814159292036,0.8929633300297324,0.9581835883387252,0.9657079646017699,0.9635761589403974
oc_12_5000_3000_3_1_p019_0800_1,7.577981651376147,0.7508368085489425,0.9306889126559714,0.5600959172014705,0.6018511625678156,0.6850152905198776,0.6179310344827587,0.6171442472587506,0.4740061162079511,0.8831908831908832
oc_12_10000_3500_3_5_p019_0900_1,6.126081582200247,0.733329358205618,0.9260755594102341,0.5661580223387378,0.6155791806295143,0.688504326328801,0.653755868544601,0.6058096986057525,0.46971569839307786,0.8796296296296297
oc_12_1000_3500_3_5_p019_0830_1,48.116504854368934,0.8485666939414791,0.9632442775252026,0.1672871422375367,0.16459814324899671,0.17475728155339806,0.1875,0.09753435672758358,0.009708737864077669,1.0
oc_12_1000_2500_2_6_p019_0710_1,28.982456140350877,0.8253866944926056,0.9546030037058709,0.23937136703811213,0.23461092948835677,0.27485380116959063,0.24867724867724866,0.3300668036942828,0.1286549707602339,0.88
oc_12_500_4000_4_0_p019_0900_1,159.8709677419355,0.8903744986877233,0.9760426709444556,0.06551320546286366,0.01607678494062979,0.03225806451612903,0.01818181818181818,0.0,0.0,0.0
oc_12_10000_1000_1_0_p019_0830_1,3.047970479704797,0.8425322170666422,0.9606966879367973,0.8828134703668093,0.8855741954553437,0.9723247232472325,0.8611111111111112,0.8819911375823904,0.9003690036900369,0.921334172435494
oc_12_10000_3000_3_1_p019_0800_1,3.777439024390244,0.7111601863756865,0.9188610082961072,0.6266688010963806,0.6814343589435157,0.7728658536585366,0.7279253409906676,0.6838602984632963,0.5952743902439024,0.9060324825986079
oc_12_2500_2000_2_0_p019_0770_1,11.36697247706422,0.8013781487904506,0.9451163204747774,0.5569401476282267,0.5825824904671043,0.6376146788990825,0.5978494623655914,0.5167262091644712,0.3463302752293578,0.8388888888888889
oc_12_5000_1000_1_0_p019_0900_1,7.172214182344429,0.8385146603807704,0.9592667256950593,0.8437019744727642,0.8193350760670969,0.9261939218523878,0.7673860911270983,0.8181010617772302,0.7973950795947902,0.8830128205128205
oc_12_500_2500_2_6_p019_0900_1,75.0909090909091,0.865776371176602,0.9675163679808841,0.11057472738600072,0.09536026103848025,0.15151515151515152,0.08196721311475409,-0.0023034005074511654,0.0,0.0
oc_12_10000_3500_3_5_p019_0710_1,4.147280334728033,0.7611106471260045,0.9343903755486913,0.6791588681473462,0.7397492392229842,0.7899581589958159,0.7906197654941374,0.7553756872824053,0.6677824267782427,0.9421487603305785
oc_12_500_2000_2_0_p019_0880_1,67.89041095890411,0.8710168335210299,0.9707949890634321,0.09224602287512773,0.024843105680459467,0.0273972602739726,0.046511627906976744,-0.001711583718938101,0.0,0.0
oc_12_5000_3500_3_5_p019_0920_1,14.576470588235294,0.7748767968422992,0.937441087613293,0.3732649820275765,0.3866817069779692,0.43823529411764706,0.41620111731843573,0.38028221815234076,0.17352941176470588,0.8939393939393939
oc_12_500_1500_1_5_p019_0870_1,66.08,0.8807936679863928,0.9737445438282648,0.2003706255154033,0.13239558044442312,0.13333333333333333,0.15625,0.0,0.0,0.0
oc_12_2500_500_0_5_p019_0710_1,10.964601769911505,0.8892849251499789,0.9742174556213018,0.9540424938393055,0.8670975583924103,0.9800884955752213,0.7882562277580071,0.9348175448370438,0.9402654867256637,0.9402654867256637
oc_12_1000_2500_2_6_p019_0770_1,29.5,0.8422107989861531,0.9601055425448868,0.28284217847717574,0.24015994337272134,0.23809523809523808,0.2898550724637681,0.22824542619741175,0.05952380952380952,0.9090909090909091
oc_12_1000_3000_3_1_p019_0900_1,47.2,0.8470860935958997,0.9642587630902983,0.10791919605952538,0.08703037946026665,0.08571428571428572,0.1232876712328767,0.19322108574651342,0.0380952380952381,1.0
oc_12_2500_3500_3_5_p019_0710_1,16.630872483221477,0.8220507836155361,0.9537632280167492,0.5834974338978278,0.58846303203914,0.6610738255033557,0.569364161849711,0.5993513941396004,0.40604026845637586,0.9236641221374046
oc_12_2500_3500_3_5_p019_0830_1,19.06153846153846,0.8173429384866313,0.9523947852760736,0.43977404624196126,0.4290721769395977,0.45,0.4642857142857143,0.42259270875377264,0.2153846153846154,0.875
oc_12_10000_500_0_5_p019_0880_1,3.3714285714285714,0.9324684738268827,0.9875236850295673,0.9724652251516023,0.9722187696913912,0.992517006802721,0.96494708994709,0.9573967521103727,0.9455782312925171,0.9886201991465149
oc_12_1000_1500_1_5_p019_0710_1,27.38121546961326,0.8328495691681883,0.9587989877360327,0.42507492647950496,0.41739589939796845,0.4861878453038674,0.39819004524886875,0.49255991180981346,0.3259668508287293,0.7763157894736842
oc_12_10000_2500_2_6_p019_0710_1,2.898245614035088,0.6754169564071302,0.9069165316531653,0.6200624976550921,0.6911722240729445,0.7912280701754386,0.7537604456824513,0.7090149507706414,0.6473684210526316,0.9133663366336634
oc_12_5000_2500_2_6_p019_0920_1,8.414261460101867,0.7274728059130176,0.920590946798918,0.43327823011351896,0.4888413742387694,0.5704584040747029,0.5217391304347826,0.4700387634693906,0.266553480475382,0.9181286549707602
oc_12_5000_1500_1_5_p019_0800_1,5.858156028368795,0.8077082845042942,0.9476748707342296,0.7190592758759069,0.7388911594066758,0.7978723404255319,0.7584269662921348,0.7203916852091732,0.624113475177305,0.9072164948453608
oc_12_500_1000_1_0_p019_0800_1,59.0,0.8683287825807634,0.9683180952380952,0.437937566250273,0.3298211369849969,0.5,0.23863636363636365,0.4578987940277869,0.2857142857142857,0.75
oc_12_2500_4000_4_0_p019_0830_1,23.826923076923077,0.8235899742422123,0.9536910921766073,0.3857887373344836,0.341375998968808,0.39903846153846156,0.34297520661157027,0.34332371815148527,0.15865384615384615,0.7857142857142857
oc_12_500_3500_3_5_p019_0880_1,112.63636363636364,0.8906974998017536,0.97666144,0.08512687417316478,0.06828394975271064,0.09090909090909091,0.06666666666666667,0.085141888796488,0.022727272727272728,0.3333333333333333
oc_12_1000_500_0_5_p019_0900_1,35.65467625899281,0.9001905317529768,0.9788686947988223,0.8841563992371017,0.746678972220143,0.920863309352518,0.6183574879227053,0.7798116460815897,0.7266187050359713,0.8487394957983193
oc_12_1000_2500_2_6_p019_0880_1,35.148936170212764,0.8448307921369971,0.9624836570531685,0.279720441689876,0.31356308350093215,0.3120567375886525,0.352,0.2523608517308099,0.07801418439716312,0.8461538461538461
oc_12_500_1000_1_0_p019_0880_1,67.89041095890411,0.8907692522008461,0.9758813282958839,0.2695002373716118,0.08951439133767156,0.0821917808219178,0.12244897959183673,0.0,0.0,0.0
oc_12_500_4000_4_0_p019_0710_1,97.17647058823529,0.8772798107377818,0.9691928899540643,0.34765648126975524,0.155339403074225,0.29411764705882354,0.09803921568627451,0.28395646776746497,0.09803921568627451,0.8333333333333334
oc_12_5000_2500_2_6_p019_0830_1,6.4363636363636365,0.7263140835071222,0.923456793573175,0.5433606723220039,0.6008916027008931,0.6623376623376623,0.6480304955527318,0.6003993150539225,0.4753246753246753,0.8551401869158879
oc_12_5000_2500_2_6_p019_0870_1,6.912133891213389,0.7471056347570821,0.9294042658205535,0.5527568735773385,0.6149040146756515,0.6610878661087866,0.6657303370786517,0.5558210739982588,0.398884239888424,0.8719512195121951
oc_12_5000_4000_4_0_p019_0870_1,13.578082191780823,0.8051508952798863,0.9490775418154482,0.5520866542771249,0.5830291423914582,0.6246575342465753,0.6,0.4671422888455491,0.3041095890410959,0.7816901408450704
oc_12_500_3000_3_1_p019_0920_1,110.13333333333334,0.8699686472561978,0.9685131773645271,0.07769053919591873,0.030081659264254528,0.06666666666666667,0.02830188679245283,0.0,0.0,0.0
oc_12_500_500_0_5_p019_0920_1,79.93548387096774,0.8836430119051416,0.9722659226783579,0.6540945851193902,0.3943187525807823,0.6129032258064516,0.2676056338028169,0.3995191895384255,0.16129032258064516,1.0
oc_12_5000_500_0_5_p019_0900_1,7.172214182344429,0.9159570095136536,0.9826147689038427,0.9679433731884981,0.9349107146030046,0.9884225759768451,0.8998682476943346,0.959482663382112,0.9609261939218524,0.967930029154519
oc_12_5000_2500_2_6_p019_0900_1,7.54337899543379,0.7321404700893839,0.9234137894174238,0.490885303188622,0.5332970540580432,0.6057838660578386,0.5734870317002881,0.5014365737186931,0.3378995433789954,0.844106463878327
oc_12_10000_1000_1_0_p019_0920_1,4.009708737864078,0.8259097392545864,0.9571922480620155,0.8620529848404339,0.8614080719661551,0.9555016181229773,0.8299367533380183,0.8531750208917352,0.860032362459547,0.9039115646258503
oc_12_500_2500_2_6_p019_0830_1,63.53846153846154,0.8577668994599097,0.9664403655145014,0.05640282046473144,0.03635065499472279,0.05128205128205128,0.05128205128205128,0.0,0.0,0.0
oc_12_2500_2500_2_6_p019_0880_1,14.11965811965812,0.7880173830747967,0.9463109101187112,0.43582060232535613,0.5240042012231433,0.49572649572649574,0.6148409893992933,0.4320814743565816,0.25925925925925924,0.7844827586206896
oc_12_500_500_0_5_p019_0900_1,71.82608695652173,0.8935763665350407,0.9751075024875622,0.8276648435606622,0.5458496529090697,0.8115942028985508,0.3783783783783784,0.44917944898154577,0.3188405797101449,0.6470588235294118
oc_12_5000_4000_4_0_p019_0770_1,10.433684210526316,0.8133324644649931,0.9515919720125208,0.6228623294769129,0.66505007778363,0.6905263157894737,0.6978723404255319,0.6475684966937422,0.4884210526315789,0.9133858267716536
oc_12_2500_1500_1_5_p019_0770_1,11.36697247706422,0.8288874983702201,0.9549994065281899,0.6781104459525282,0.6804402075868994,0.7431192660550459,0.6735966735966736,0.6015998305012256,0.45871559633027525,0.847457627118644
oc_12_10000_1000_1_0_p019_0710_1,2.742667404537908,0.8400065518227017,0.9602581103060772,0.8853786701552786,0.896459929412628,0.96956281128943,0.8826196473551637,0.8915297745549908,0.8948533480907581,0.9450613676212741
oc_12_1000_2000_2_0_p019_0920_1,39.96774193548387,0.8255794152052015,0.9553026771653543,0.1449655751262141,0.12174116819097419,0.14516129032258066,0.14173228346456693,0.0619218991349262,0.024193548387096774,0.2
oc_12_1000_2000_2_0_p019_0800_1,29.152941176470588,0.8416591682417018,0.958451190011705,0.3618002319653084,0.27336875376410263,0.3058823529411765,0.2905027932960894,0.2905232198477374,0.11176470588235295,0.7916666666666666
oc_12_500_4000_4_0_p019_0770_1,103.25,0.8803744606752193,0.9729685051958433,0.22406849659575356,0.1707335540441971,0.25,0.13186813186813187,0.25804754487841525,0.125,0.5454545454545454
oc_12_2500_2500_2_6_p019_0710_1,11.552447552447552,0.757308328914036,0.9316967873723305,0.42668303025380827,0.4493835921069703,0.5337995337995338,0.46169354838709675,0.4849065931236231,0.3146853146853147,0.8181818181818182
oc_12_1000_3500_3_5_p019_0880_1,55.68539325842696,0.8649353631015672,0.9692698513379584,0.14099074149381507,0.1291398758602271,0.12359550561797752,0.16417910447761194,0.0,0.0,0.0
oc_12_1000_3500_3_5_p019_0710_1,40.95867768595041,0.8599020344098511,0.9654432144967501,0.43607788848621176,0.3718970920296884,0.45454545454545453,0.3333333333333333,0.45346945526412236,0.2644628099173554,0.8
oc_12_2500_3500_3_5_p019_0900_1,24.17560975609756,0.8051156172245748,0.9493093586514242,0.29213889230166445,0.2903962096980759,0.32195121951219513,0.3157894736842105,0.3242594263151001,0.16585365853658537,0.68
oc_12_5000_3500_3_5_p019_0710_1,8.301507537688442,0.7837600946472272,0.9421297316765712,0.6078459554702264,0.6356223657935417,0.7035175879396985,0.6501547987616099,0.6543495720325286,0.509212730318258,0.9074626865671642
oc_12_1000_3000_3_1_p019_0800_1,37.54545454545455,0.8618312704085873,0.96645,0.3870675878084736,0.3449201825998292,0.3787878787878788,0.3472222222222222,0.33160808154783883,0.14393939393939395,0.7916666666666666
oc_12_1000_3500_3_5_p019_0870_1,53.869565217391305,0.8608536611580625,0.9675733755942948,0.27233799391614566,0.23339175856016792,0.22826086956521738,0.26582278481012656,0.2750802255692514,0.08695652173913043,0.8888888888888888
oc_12_1000_1000_1_0_p019_0880_1,33.714285714285715,0.8782138163247505,0.970155281207133,0.685916683267408,0.5600177460844106,0.6870748299319728,0.48095238095238096,0.5237115618274372,0.35374149659863946,0.8
oc_12_500_1500_1_5_p019_0710_1,55.06666666666667,0.8636996503415141,0.9666565200158541,0.37479206840493984,0.2809412539701929,0.4111111111111111,0.21637426900584794,0.46684409878704486,0.3111111111111111,0.717948717948718
oc_12_1000_1500_1_5_p019_0770_1,28.32,0.865707029592953,0.9675447281231728,0.5827543035261826,0.5227545894797386,0.5714285714285714,0.5102040816326531,0.5608166197081761,0.38285714285714284,0.8481012658227848
oc_12_10000_1500_1_5_p019_0880_1,3.3714285714285714,0.7697329536489229,0.9380429505135387,0.736696817406752,0.7940197993815594,0.8462585034013606,0.8365837256220578,0.7360974991233973,0.680952380952381,0.9083484573502723
oc_12_5000_1000_1_0_p019_0830_1,6.095940959409594,0.8248410564258706,0.9543682440630958,0.8562099194593716,0.819468706747199,0.955719557195572,0.7507246376811594,0.8298370733126729,0.8302583025830258,0.8766233766233766
oc_12_2500_3000_3_1_p019_0770_1,14.619469026548673,0.804304049732742,0.9492408687440982,0.5281725493244319,0.5309715737349998,0.5486725663716814,0.5723076923076923,0.5269919771816806,0.35103244837758113,0.8439716312056738
oc_12_5000_2000_2_0_p019_0900_1,7.172214182344429,0.7574174605777253,0.9287559412077209,0.5779080888033553,0.5939307408384875,0.6874095513748191,0.6081946222791293,0.5339427406291174,0.38060781476121563,0.8483870967741935
oc_12_2500_1500_1_5_p019_0920_1,15.987096774193548,0.814680710512121,0.9495486517280668,0.5587139250691511,0.5192996866204911,0.6161290322580645,0.49226804123711343,0.4506360328717521,0.2838709677419355,0.7719298245614035
oc_12_2500_4000_4_0_p019_0880_1,28.813953488372093,0.8517850686359048,0.9624686427457099,0.4324382392886337,0.4202862329926087,0.4476744186046512,0.43258426966292135,0.4036748222462645,0.20348837209302326,0.8333333333333334
oc_12_5000_500_0_5_p019_0830_1,6.095940959409594,0.9201739687288155,0.9830475992373028,0.9612059382841062,0.9412060905752053,0.985239852398524,0.9154285714285715,0.9487948822735698,0.9458794587945879,0.9660804020100503
oc_12_5000_1500_1_5_p019_0710_1,5.482300884955753,0.7921245899437652,0.9427107167235494,0.7161602532481228,0.7354695698176544,0.8219026548672567,0.7371031746031746,0.7280562935017414,0.6371681415929203,0.909952606635071
oc_12_5000_3500_3_5_p019_0870_1,10.63519313304721,0.7773935413125521,0.9390618959793434,0.5304094386277886,0.5571458122174334,0.6373390557939914,0.560377358490566,0.48648877340048485,0.30686695278969955,0.8461538461538461
oc_12_2500_2500_2_6_p019_0870_1,14.0,0.7892927418511398,0.9440418832391714,0.4238365193262503,0.4744193637689065,0.4745762711864407,0.5419354838709678,0.38560098043920993,0.1694915254237288,0.9375
oc_12_1000_1500_1_5_p019_0880_1,33.714285714285715,0.8569742154680788,0.9653198510679992,0.36134978936223916,0.3180490045295291,0.2925170068027211,0.38392857142857145,-0.0024111420179824634,0.0,0.0
oc_12_1000_1500_1_5_p019_0870_1,32.82119205298013,0.8462018121296044,0.9632974348932837,0.28098711927911335,0.2736261478639439,0.2185430463576159,0.38372093023255816,0.10542192783137802,0.019867549668874173,0.6
oc_12_1000_1000_1_0_p019_0770_1,28.32,0.874228375013784,0.9698030013642565,0.6612024001222712,0.5923052475588421,0.6457142857142857,0.5707070707070707,0.5695377369486313,0.38857142857142857,0.8607594936708861
oc_12_2500_1500_1_5_p019_0880_1,13.467391304347826,0.8183962781546348,0.9528595041322314,0.5609483609487687,0.6118754090515991,0.625,0.6515580736543909,0.5426050332160678,0.36141304347826086,0.869281045751634
oc_12_2500_2000_2_0_p019_0900_1,14.323699421965317,0.79951474809272,0.9443440211241041,0.46277641426708493,0.46099924610123805,0.5,0.4928774928774929,0.4152011275905871,0.22254335260115607,0.8369565217391305
oc_12_2500_1500_1_5_p019_0800_1,11.71631205673759,0.8193379101060119,0.9514479271240007,0.6515155033072979,0.6252352058476005,0.7210401891252955,0.5992141453831041,0.6133456692801316,0.4728132387706856,0.851063829787234
oc_12_5000_3500_3_5_p019_0830_1,9.53076923076923,0.7490302676026541,0.9283304601899196,0.46625284075237916,0.5062308418676226,0.5923076923076923,0.5220338983050847,0.5310960266074203,0.3403846153846154,0.9030612244897959
oc_12_5000_2000_2_0_p019_0870_1,6.572944297082228,0.7609147099561524,0.932476357267951,0.6125361308046944,0.6521097159620807,0.7294429708222812,0.6715506715506715,0.6037856960022646,0.4562334217506631,0.8911917098445595
oc_12_500_4000_4_0_p019_0800_1,112.63636363636364,0.8870716498815494,0.97379744,0.16102468268586223,0.1069451387681778,0.18181818181818182,0.07766990291262135,0.04980716819424115,0.022727272727272728,0.125
oc_12_5000_500_0_5_p019_0870_1,6.572944297082228,0.9187100177667482,0.9842185639229422,0.9667505080151406,0.9513041882496641,0.9854111405835544,0.931077694235589,0.9627235514535479,0.9721485411140584,0.9632063074901446
oc_12_10000_3000_3_1_p019_0920_1,5.518930957683741,0.7185509885115542,0.918457396651862,0.5437059229643213,0.6054501834719623,0.7026726057906458,0.6367305751765893,0.6068751995324364,0.44766146993318484,0.9262672811059908
oc_12_1000_500_0_5_p019_0770_1,28.32,0.8946213212057432,0.9772307932176963,0.8107395496162471,0.7559825183394602,0.84,0.6966824644549763,0.7663225063923464,0.6342857142857142,0.940677966101695
oc_12_5000_3500_3_5_p019_0880_1,11.0625,0.7884244565879218,0.9415976313841599,0.48103904292596933,0.5076317269852595,0.5491071428571429,0.5478841870824054,0.5149743807514695,0.3080357142857143,0.9261744966442953
oc_12_5000_3500_3_5_p019_0770_1,8.694736842105263,0.7872038281386917,0.9432402461093015,0.6201879929180818,0.6599916323046349,0.724561403508772,0.6693679092382496,0.6595026420804871,0.5070175438596491,0.9203821656050956
oc_12_2500_3500_3_5_p019_0800_1,18.087591240875913,0.8174665902680841,0.9509573996175908,0.5773285409668232,0.5266008513117626,0.6751824817518248,0.45792079207920794,0.5149810732338326,0.33211678832116787,0.8425925925925926
oc_12_2500_1000_1_0_p019_0770_1,11.36697247706422,0.8733804924472454,0.9675715133531158,0.8244921559449395,0.7658449544756922,0.8577981651376146,0.720616570327553,0.7266724878552561,0.6032110091743119,0.9163763066202091
oc_12_2500_2000_2_0_p019_0920_1,15.987096774193548,0.7835727395704141,0.9401075579187239,0.36382974846129723,0.375064094630718,0.4096774193548387,0.41368078175895767,0.31382550346354404,0.14838709677419354,0.7301587301587301
oc_12_500_1500_1_5_p019_0900_1,71.82608695652173,0.8731154866743291,0.9702263084577114,0.1389447499330254,0.06578574921669986,0.08695652173913043,0.07317073170731707,0.0,0.0,0.0
oc_12_500_1000_1_0_p019_0900_1,71.82608695652173,0.8801162469273034,0.9727665671641791,0.29313207254360696,0.1763365922284218,0.21739130434782608,0.16483516483516483,0.06712396772357145,0.014492753623188406,0.3333333333333333
oc_12_1000_2000_2_0_p019_0880_1,33.714285714285715,0.8433076170442508,0.9592098765432099,0.280124984324973,0.1546190292126174,0.19047619047619047,0.17073170731707318,0.0,0.0,0.0
oc_12_2500_2000_2_0_p019_0710_1,10.964601769911505,0.7813015503807018,0.9384298816568047,0.5662629353411905,0.5640120828450244,0.6769911504424779,0.5396825396825397,0.6341817114711251,0.4778761061946903,0.8962655601659751
oc_12_5000_1000_1_0_p019_0710_1,5.482300884955753,0.8461897506245539,0.9617646416382253,0.8603255282841892,0.848376141115786,0.9391592920353983,0.8116634799235182,0.8419729378310341,0.8086283185840708,0.9241466498103666
oc_12_5000_2000_2_0_p019_0800_1,5.858156028368795,0.7506135184837697,0.9313320923819373,0.6331348086459012,0.6677082187225952,0.7600472813238771,0.6797040169133193,0.6450613167068084,0.5378250591016549,0.8683206106870229
oc_12_10000_3000_3_1_p019_0710_1,3.480337078651685,0.7230268781410834,0.9210731034482759,0.6537045836705941,0.7130519559632226,0.7963483146067416,0.7610738255033557,0.729290593020604,0.6495786516853933,0.9296482412060302
oc_12_500_3000_3_1_p019_0870_1,86.94736842105263,0.882305568587053,0.97324236983842,0.28060508668061535,0.18443885840949042,0.2631578947368421,0.14705882352941177,0.1512425745624241,0.03508771929824561,0.6666666666666666
oc_12_2500_1500_1_5_p019_0870_1,13.145888594164456,0.8217837573871749,0.9537476092255766,0.6430986268472217,0.6191034968457632,0.6976127320954907,0.6018306636155606,0.5393294539104703,0.38461538461538464,0.8146067415730337
oc_12_1000_3000_3_1_p019_0710_1,35.148936170212764,0.8412617177018733,0.9606934275063763,0.337022610037504,0.31559817273175134,0.3971631205673759,0.28717948717948716,0.3560697452015569,0.1702127659574468,0.7741935483870968
oc_12_5000_1500_1_5_p019_0830_1,6.095940959409594,0.7756408968787729,0.9388702374761657,0.7025188176970589,0.7243843366776019,0.8179581795817958,0.7165948275862069,0.7077651600501066,0.6408364083640836,0.8597359735973598
oc_12_5000_2000_2_0_p019_0830_1,6.095940959409594,0.7364141297715984,0.9276502686774137,0.6345710634026676,0.660093719247033,0.7699876998769988,0.657563025210084,0.65315629148684,0.5694956949569495,0.8402903811252269
oc_12_1000_2500_2_6_p019_0920_1,42.724137931034484,0.8331422653408246,0.9590425867507887,0.1405476733826344,0.144304381264399,0.1724137931034483,0.15748031496062992,0.13664947310543693,0.02586206896551724,0.75
oc_12_10000_2000_2_0_p019_0710_1,2.742667404537908,0.7254250966041491,0.9198649120212923,0.6873618899508829,0.7341701283294259,0.8384061981184283,0.7781201848998459,0.74403489607321,0.6812396236856668,0.9382621951219512
oc_12_2500_500_0_5_p019_0920_1,15.987096774193548,0.8956522245535701,0.9772305355108242,0.8973182349361696,0.8600281744049773,0.932258064516129,0.8095238095238095,0.8677279750015497,0.8225806451612904,0.9306569343065694
oc_12_2500_3500_3_5_p019_0870_1,21.17948717948718,0.8238472655436457,0.9553797302504817,0.48743910912314115,0.48999696947813914,0.5299145299145299,0.4979919678714859,0.4592686428490936,0.24358974358974358,0.9047619047619048
oc_12_1000_500_0_5_p019_0800_1,29.152941176470588,0.8993134061880725,0.9775491221225127,0.9006991734453071,0.7687101961059919,0.9294117647058824,0.6502057613168725,0.8473630343476259,0.8294117647058824,0.8757763975155279
oc_12_500_1000_1_0_p019_0770_1,56.96551724137931,0.8778239258150476,0.9713925837794963,0.35169999097134985,0.3020739021024834,0.3103448275862069,0.3176470588235294,0.39273582232907384,0.22988505747126436,0.6896551724137931
oc_12_2500_3000_3_1_p019_0710_1,13.805013927576601,0.788143441508189,0.940335202257761,0.5070621557858258,0.4951080589734907,0.6100278551532033,0.4669509594882729,0.5295616378704898,0.3565459610027855,0.8421052631578947
oc_12_10000_2500_2_6_p019_0880_1,3.552688172043011,0.6945968748738053,0.9133881278538812,0.5903301551608648,0.6719466822834796,0.7211469534050179,0.7632776934749621,0.6313518528797811,0.5197132616487455,0.9096612296110415
oc_12_10000_3500_3_5_p019_0880_1,5.53125,0.7491690128151515,0.9310742310321257,0.6038171797545018,0.6705102253331181,0.7131696428571429,0.7277904328018223,0.6468534792955551,0.5200892857142857,0.9013539651837524
oc_12_10000_2000_2_0_p019_0830_1,3.047970479704797,0.7229605010114679,0.920837192342753,0.6815308497325251,0.7384419029347918,0.8382533825338253,0.7739920499716071,0.7158157481337655,0.6623616236162362,0.9035234899328859
oc_12_500_2000_2_0_p019_0800_1,59.0,0.8610822430299252,0.9664844444444445,0.13699351336803223,0.047327991188843295,0.07142857142857142,0.058823529411764705,0.0,0.0,0.0
oc_12_5000_1000_1_0_p019_0770_1,5.690011481056257,0.8333129461086797,0.9575240775699331,0.8608943984728907,0.8330147578353726,0.9552238805970149,0.773953488372093,0.8297179419264152,0.8231917336394948,0.8862793572311496
oc_12_500_1500_1_5_p019_0920_1,79.93548387096774,0.8567762650132871,0.9658994021522519,0.0348170611614157,0.0313752944887526,0.06451612903225806,0.03508771929824561,-0.00273561738212437,0.0,0.0
oc_12_10000_2000_2_0_p019_0900_1,3.591304347826087,0.7041090803106473,0.9154393939393939,0.656264999025072,0.6992758952445861,0.8340579710144927,0.7100555212831585,0.6983475197115716,0.6442028985507247,0.8793273986152325
oc_12_10000_3000_3_1_p019_0880_1,4.489130434782608,0.7210690649990272,0.9214320792079208,0.5950225414670678,0.6769108502166415,0.7182971014492754,0.7509469696969697,0.6399123513434667,0.5090579710144928,0.9198036006546645
oc_12_500_3000_3_1_p019_0710_1,69.80281690140845,0.8568847441615407,0.9645759299781181,0.16524200490399288,0.11987454625725485,0.2112676056338028,0.09090909090909091,0.13115382285028035,0.04225352112676056,0.42857142857142855
oc_12_2500_3000_3_1_p019_0870_1,17.512367491166078,0.8067337474478524,0.9505359037984348,0.4412234078885632,0.49770662188930104,0.47703180212014135,0.5720338983050848,0.39487708031475843,0.1872791519434629,0.8833333333333333
oc_12_1000_2000_2_0_p019_0710_1,27.38121546961326,0.8320223745496989,0.9579950944130815,0.3338252731698784,0.36789979009045326,0.3867403314917127,0.39325842696629215,0.4387939081240326,0.23756906077348067,0.8431372549019608
oc_12_10000_1500_1_5_p019_0920_1,4.009708737864078,0.7334248564025481,0.9267568475452196,0.7267983054385379,0.7540968018530579,0.8932038834951457,0.729676140118969,0.7243970446767666,0.7087378640776699,0.8455598455598455
oc_12_2500_2500_2_6_p019_0920_1,16.5752508361204,0.7880886851655428,0.9394852901998098,0.30086698258480493,0.2682261844784477,0.3110367892976589,0.3089700996677741,0.308113492686544,0.10367892976588629,0.96875
oc_12_2500_500_0_5_p019_0870_1,13.145888594164456,0.9074233148232311,0.9812029251828239,0.9360584524148363,0.8971357393999372,0.9549071618037135,0.8571428571428571,0.8991840518367762,0.8779840848806366,0.9350282485875706
oc_12_10000_1500_1_5_p019_0800_1,2.9290780141843973,0.7912446777597509,0.943554512635379,0.7801721689675302,0.8259041939840085,0.8959810874704491,0.8474007825600894,0.7967701653184543,0.7606382978723404,0.9326086956521739
oc_12_500_3000_3_1_p019_0880_1,85.44827586206897,0.8748685163474298,0.9722929397686478,0.08698528354104307,0.088267490521702,0.10344827586206896,0.09523809523809523,0.13055779293265354,0.017241379310344827,1.0
oc_12_500_2500_2_6_p019_0800_1,61.18518518518518,0.872307120809769,0.9692239031169347,0.18087651721502906,0.09669358670981867,0.13580246913580246,0.09565217391304348,-0.001801498894159851,0.0,0.0
oc_12_5000_3000_3_1_p019_0830_1,7.904306220095694,0.7269265801421809,0.9240901307540749,0.4847757165323827,0.553728199491242,0.5980861244019139,0.6087662337662337,0.5087534648416621,0.3508771929824561,0.8333333333333334
oc_12_1000_500_0_5_p019_0920_1,39.96774193548387,0.8964041871510875,0.977115905511811,0.9103103807057924,0.7299868050850581,0.9274193548387096,0.5867346938775511,0.769155991126688,0.6774193548387096,0.8842105263157894
oc_12_5000_500_0_5_p019_0880_1,6.742857142857143,0.9200179763349338,0.9841838692672641,0.9732825142844161,0.9448021711228417,0.9945578231292517,0.9114713216957606,0.9602325980011978,0.9673469387755103,0.9634146341463414
oc_12_10000_3000_3_1_p019_0900_1,4.8116504854368936,0.7038316680002417,0.9145109254928165,0.5399307426444888,0.61050794738575,0.6854368932038835,0.6711026615969582,0.6034269452762683,0.46601941747572817,0.900562851782364
oc_12_5000_2500_2_6_p019_0880_1,7.130935251798562,0.7497410972546361,0.9304086356397098,0.5317059300252759,0.596357769080137,0.6287769784172662,0.6611195158850227,0.5068985311636726,0.33237410071942447,0.875
oc_12_500_1500_1_5_p019_0800_1,59.0,0.8761603188877033,0.9713755555555555,0.2317867836664208,0.23185711274155357,0.27380952380952384,0.22115384615384615,0.14133104192495674,0.047619047619047616,0.4444444444444444
oc_12_5000_1500_1_5_p019_0880_1,6.742857142857143,0.7841551457467126,0.9423105956773854,0.6966393641896486,0.7198358654690272,0.8,0.717948717948718,0.6491101237548594,0.5496598639455782,0.8505263157894737
oc_12_10000_4000_4_0_p019_0770_1,5.211356466876971,0.8003364281271257,0.9463215845606907,0.728750425763679,0.7597033643808146,0.8286014721345951,0.77179236043095,0.7550952607090384,0.6414300736067298,0.9606299212598425
oc_12_500_2000_2_0_p019_0710_1,55.06666666666667,0.8622115511414593,0.966160602457392,0.20953052639160585,0.14199048927889754,0.2,0.12949640287769784,-0.004649603963600852,0.0,0.0
oc_12_2500_2500_2_6_p019_0830_1,12.973821989528796,0.7726306482798555,0.9381458224053952,0.4197911784762346,0.45306322902044044,0.4816753926701571,0.5013623978201635,0.36930176387667346,0.18586387434554974,0.8068181818181818
oc_12_10000_1500_1_5_p019_0830_1,3.047970479704797,0.7653951095595348,0.9361781829231237,0.7774875414393654,0.8065823422556928,0.923739237392374,0.7955508474576272,0.7770973369075553,0.7595325953259533,0.9001457725947521
oc_12_2500_2000_2_0_p019_0800_1,11.71631205673759,0.7790325214985823,0.9416242424242424,0.5198599921947418,0.555645721372385,0.5957446808510638,0.586046511627907,0.5025803616226637,0.3617021276595745,0.7688442211055276
oc_12_2500_4000_4_0_p019_0920_1,39.648,0.8378782179120905,0.9605142294823854,0.21652429123700012,0.24314510604252867,0.264,0.25984251968503935,0.33122363595196935,0.12,0.9375
oc_12_2500_1500_1_5_p019_0710_1,10.964601769911505,0.8154562005656188,0.9476526627218935,0.6599639896493061,0.6176329122193907,0.7610619469026548,0.5620915032679739,0.6735744454995556,0.5398230088495575,0.8905109489051095
oc_12_5000_1500_1_5_p019_0900_1,7.172214182344429,0.7819766497944503,0.9402268106959447,0.6777094687100766,0.6699682754611785,0.7901591895803184,0.6453900709219859,0.6373802001836197,0.5354558610709117,0.8409090909090909
oc_12_10000_1000_1_0_p019_0880_1,3.3714285714285714,0.8495172396304137,0.9633045751633987,0.8776466752905131,0.8831724570776937,0.9571428571428572,0.866913123844732,0.8801934763790848,0.8843537414965986,0.9298998569384835
oc_12_10000_3500_3_5_p019_0920_1,7.193033381712627,0.7563407973583974,0.9304375553587245,0.5820886385045916,0.6082381039016064,0.7082728592162555,0.6138364779874214,0.6106374662678092,0.43686502177068215,0.9347826086956522
oc_12_2500_3000_3_1_p019_0880_1,17.7,0.8035117759568369,0.9489176470588235,0.34274970226654855,0.4017238070979889,0.38571428571428573,0.48,0.32038390256382904,0.125,0.875
oc_12_1000_4000_4_0_p019_0880_1,71.82608695652173,0.8724582656355311,0.9704017512437811,0.22748884825591453,0.20716181269501394,0.2608695652173913,0.18556701030927836,0.29302733197118985,0.08695652173913043,1.0
oc_12_10000_3000_3_1_p019_0870_1,4.3321678321678325,0.706344545462959,0.9173641967213114,0.6139158779518659,0.6811539129119666,0.7788461538461539,0.7099601593625497,0.6434661574721542,0.5463286713286714,0.8790436005625879
oc_12_2500_1000_1_0_p019_0870_1,13.145888594164456,0.842743292560951,0.9615675979748735,0.7622736069938688,0.7245389057310198,0.8355437665782494,0.6659619450317125,0.6704285363927759,0.5676392572944297,0.8359375
oc_12_5000_1000_1_0_p019_0880_1,6.742857142857143,0.855494171731061,0.9650805833772623,0.8623652789315118,0.8469581200677151,0.9360544217687075,0.8046783625730994,0.8192990337230824,0.7877551020408163,0.8976744186046511
oc_12_500_500_0_5_p019_0800_1,59.0,0.8961839010024484,0.9756152380952381,0.5886317732246914,0.40483042619464144,0.5,0.34710743801652894,0.6619797037284382,0.47619047619047616,0.9302325581395349
oc_12_2500_1500_1_5_p019_0830_1,12.176904176904177,0.808360600262508,0.9480013425321648,0.6183986648559302,0.6050612598755029,0.7100737100737101,0.5734126984126984,0.5950827218842485,0.44963144963144963,0.8433179723502304
oc_12_10000_1500_1_5_p019_0870_1,3.286472148541114,0.7591707196172459,0.9350457920792079,0.7644431091664037,0.7929182854845562,0.9078249336870027,0.7849770642201835,0.7734122038419732,0.7599469496021221,0.8883720930232558
oc_12_5000_4000_4_0_p019_0710_1,9.698630136986301,0.772984351744053,0.9379058350100604,0.618273842936445,0.6122849157481409,0.7318982387475538,0.5816485225505443,0.6521519908830429,0.5264187866927593,0.867741935483871
oc_12_5000_4000_4_0_p019_0880_1,14.200573065902578,0.8028394508592728,0.9454706126295948,0.5542224174143993,0.5378917213301263,0.670487106017192,0.4895397489539749,0.5859537838198725,0.4183381088825215,0.8690476190476191
oc_12_1000_2500_2_6_p019_0800_1,30.782608695652176,0.8297754903057274,0.9553732264999023,0.32856496871898067,0.26357096739664726,0.33540372670807456,0.25116279069767444,0.1383851603674657,0.062111801242236024,0.35714285714285715
oc_12_2500_4000_4_0_p019_0710_1,19.284046692607003,0.8271273271078623,0.9561898331095339,0.5433031696256387,0.5552194717944321,0.5875486381322957,0.5676691729323309,0.5411126347558111,0.38910505836575876,0.7936507936507936
oc_12_1000_1000_1_0_p019_0710_1,27.38121546961326,0.8525233278610027,0.9631940821491143,0.5859010115866007,0.5222429708773911,0.6353591160220995,0.46184738955823296,0.552492355637808,0.39226519337016574,0.8068181818181818
oc_12_10000_500_0_5_p019_0830_1,3.047970479704797,0.918820768362023,0.9812363415375266,0.9678148233948939,0.9500728259532104,0.9932349323493235,0.9329867128827267,0.9737972189026273,0.97539975399754,0.9850931677018634
oc_12_500_2000_2_0_p019_0830_1,61.18518518518518,0.8489776847208147,0.9623890410958904,0.12399553161567922,0.09611647541495237,0.13580246913580246,0.09482758620689655,-0.005980836925645856,0.0,0.0
oc_12_1000_1000_1_0_p019_0830_1,30.404907975460123,0.8691682876794632,0.9685594842742723,0.6365864940537045,0.5247387101284594,0.6073619631901841,0.48292682926829267,0.4703337467228298,0.2883435582822086,0.7966101694915254
oc_12_500_4000_4_0_p019_0880_1,145.76470588235293,0.897168337611692,0.9778491382765531,0.26671159972937464,0.13842390871595148,0.17647058823529413,0.12,0.0,0.0,0.0
oc_12_500_3500_3_5_p019_0800_1,90.10909090909091,0.8857483320074102,0.9745242067451606,0.16353524154049637,0.05624802144835026,0.07272727272727272,0.0625,0.0,0.0,0.0
oc_12_2500_500_0_5_p019_0880_1,13.467391304347826,0.9066643679366385,0.9803720510894065,0.9341883264388174,0.8930956003058369,0.9646739130434783,0.8412322274881516,0.9147360296163846,0.9130434782608695,0.9281767955801105
oc_12_10000_2000_2_0_p019_0770_1,2.8450057405281286,0.7283379543482831,0.922185965959988,0.7052306684820412,0.7492887837839499,0.8673938002296211,0.7713118938233793,0.7536772777146624,0.7129735935706085,0.9166051660516605
oc_12_1000_2000_2_0_p019_0870_1,32.82119205298013,0.8433396151683663,0.9629665948697865,0.22820704188597674,0.25886493388937015,0.11920529801324503,0.6,0.0,0.0,0.0
oc_12_10000_3500_3_5_p019_0870_1,5.294871794871795,0.7339205460929372,0.9254088255261371,0.6211457040836452,0.6772452877917637,0.7670940170940171,0.6964112512124151,0.6604681599477059,0.561965811965812,0.8752079866888519
oc_12_10000_4000_4_0_p019_0920_1,10.012121212121212,0.7576950573306145,0.932546688680976,0.5096788312278397,0.5298558837113144,0.6222222222222222,0.532871972318339,0.5374678368033349,0.37777777777777777,0.8385650224215246
oc_12_10000_500_0_5_p019_0920_1,4.009708737864078,0.9275401421779307,0.9852521963824289,0.9657480987669871,0.9612003111602164,0.9838187702265372,0.9544740973312402,0.964910089795388,0.9587378640776699,0.9850374064837906
oc_12_500_500_0_5_p019_0710_1,55.06666666666667,0.8871874757567517,0.9728760998810939,0.8115452667604846,0.5084889076993938,0.7777777777777778,0.3482587064676617,0.641598407819735,0.4666666666666667,0.8936170212765957
oc_12_2500_1500_1_5_p019_0900_1,14.323699421965317,0.8237318782633488,0.9516599019238023,0.55556830764294,0.5191085964231332,0.5895953757225434,0.5177664974619289,0.5007469835372798,0.315028901734104,0.8515625
oc_12_500_3500_3_5_p019_0710_1,82.6,0.8689388043720646,0.968866028708134,0.17817686413666667,0.14928806562236366,0.23333333333333334,0.11475409836065574,0.13866565938928793,0.06666666666666667,0.3076923076923077
oc_12_1000_3500_3_5_p019_0900_1,60.4390243902439,0.856862653102965,0.9667277491067884,0.1385402654932788,0.08484202201256102,0.12195121951219512,0.08620689655172414,0.0,0.0,0.0
oc_12_5000_3000_3_1_p019_0920_1,10.964601769911505,0.7696931050053826,0.9348204142011834,0.43937722537801926,0.46237175242530876,0.5265486725663717,0.49173553719008267,0.48695462621468577,0.2721238938053097,0.9389312977099237
oc_12_10000_3000_3_1_p019_0770_1,3.6201607012417822,0.7311517185975924,0.9242538498023716,0.6549596294455637,0.7116621176023199,0.7888970051132214,0.7616361071932299,0.7246453992038491,0.6442658875091307,0.9245283018867925
oc_12_500_3500_3_5_p019_0920_1,137.66666666666666,0.8803373507928121,0.9737858974358975,0.07755886645156618,-0.00857273172569813,0.0,0.0,0.0,0.0,0.0
oc_12_1000_1000_1_0_p019_0800_1,29.152941176470588,0.8573587549282803,0.9648252828716348,0.623432391434938,0.5183609683104521,0.6529411764705882,0.44223107569721115,0.4607814941413032,0.3176470588235294,0.7012987012987013
oc_12_5000_3000_3_1_p019_0880_1,8.881720430107526,0.7430941343788997,0.9300927094668118,0.48455693525317345,0.5557638603203291,0.5913978494623656,0.6088560885608856,0.5232339049066027,0.35842293906810035,0.847457627118644
oc_12_2500_3500_3_5_p019_0880_1,22.425339366515836,0.832072727076675,0.9585801815723392,0.3520523146197033,0.4059030123480349,0.3936651583710407,0.46774193548387094,0.45029453989119783,0.2398190045248869,0.8833333333333333
oc_12_10000_3000_3_1_p019_0830_1,3.9584664536741214,0.6996339467705515,0.9171672680412372,0.595648428464149,0.6889050753184353,0.7204472843450479,0.7789291882556131,0.6506262105015977,0.5511182108626198,0.8949416342412452
oc_12_5000_1500_1_5_p019_0870_1,6.572944297082228,0.7743845803306942,0.9393459894921191,0.6855405977221933,0.7065559409771686,0.8023872679045093,0.6970046082949308,0.6654159930552203,0.5848806366047745,0.84
oc_12_5000_1000_1_0_p019_0920_1,8.019417475728156,0.819025644885703,0.9537070685324722,0.81735865933317,0.7661423342149227,0.9207119741100324,0.6863691194209891,0.7722889999947044,0.7394822006472492,0.8558052434456929
oc_12_10000_2000_2_0_p019_0880_1,3.3714285714285714,0.7237490818944222,0.9203132275132275,0.6447519004839533,0.7129714158833478,0.7843537414965986,0.7738255033557047,0.6829957628889203,0.6081632653061224,0.8993963782696177
oc_12_2500_1000_1_0_p019_0920_1,15.987096774193548,0.825411546322908,0.9551456133687809,0.7744295929125113,0.666500757448497,0.864516129032258,0.5503080082135524,0.6495669086870811,0.5935483870967742,0.7510204081632653
oc_12_5000_3500_3_5_p019_0900_1,12.206896551724139,0.7786123260790493,0.9386270794479672,0.4615679204620726,0.4699283207240165,0.5320197044334976,0.4920273348519362,0.47412562420999305,0.270935960591133,0.8943089430894309
oc_12_1000_4000_4_0_p019_0830_1,58.305882352941175,0.8622092096670881,0.9668002380480063,0.155297547363075,0.10841296111080723,0.11764705882352941,0.1282051282051282,-0.0026090754158991465,0.0,0.0
oc_12_500_2500_2_6_p019_0880_1,69.80281690140845,0.8740226999187498,0.9728958026656057,0.11951545768286653,0.1516391866984282,0.1267605633802817,0.20454545454545456,0.0,0.0,0.0
oc_12_1000_2000_2_0_p019_0770_1,28.32,0.8605304825384437,0.9663653868641591,0.4782273141609188,0.4639752803568838,0.4342857142857143,0.5314685314685315,0.3958695598095056,0.18285714285714286,0.8888888888888888
oc_12_5000_1500_1_5_p019_0770_1,5.690011481056257,0.7995537708562515,0.9468452376866312,0.7541128338412493,0.7670822917574834,0.8610792192881745,0.7507507507507507,0.7475225654531251,0.6854190585533869,0.8870728083209509
oc_12_500_3000_3_1_p019_0770_1,73.97014925373135,0.8716116440896804,0.9720320127413896,0.12031166588424824,0.1455490848758672,0.14925373134328357,0.16393442622950818,0.0,0.0,0.0
oc_12_10000_2500_2_6_p019_0920_1,4.2107051826678,0.6691641811724399,0.9019990216859612,0.5226533151780595,0.5966277849013862,0.6966864910790145,0.6565252201761409,0.5810068863787928,0.44774851316907394,0.8932203389830509
oc_12_10000_500_0_5_p019_0710_1,2.742667404537908,0.9320809632631727,0.9855690078367588,0.9762206167248215,0.967986842508609,0.9972329828444937,0.9564755838641189,0.9750138670886205,0.9750968456004427,0.9882220975883342
oc_12_5000_4000_4_0_p019_0900_1,16.249180327868853,0.8189174664179599,0.9519723246531078,0.5377755024000594,0.5496979966969993,0.6,0.5545454545454546,0.5277280778596645,0.3344262295081967,0.8793103448275862
oc_12_500_1500_1_5_p019_0830_1,61.18518518518518,0.8641465128974601,0.966382846932698,0.3220648261816892,0.24621632512261324,0.345679012345679,0.19858156028368795,0.14314605151303286,0.06172839506172839,0.35714285714285715
oc_12_5000_500_0_5_p019_0770_1,5.690011481056257,0.9100357536142376,0.9812198386819976,0.9631875704934465,0.946611059046748,0.9908151549942594,0.920042643923241,0.9441458919312903,0.939150401836969,0.9657615112160567
oc_12_5000_2000_2_0_p019_0920_1,8.019417475728156,0.7436109388391792,0.9290787226408325,0.5589907998971974,0.5906026136567551,0.6844660194174758,0.5966149506346967,0.5389490652310278,0.39967637540453077,0.8178807947019867
oc_12_500_3000_3_1_p019_0900_1,97.17647058823529,0.8710971765386742,0.9705746355102856,0.09435513104240656,0.06664863454793661,0.11764705882352941,0.05504587155963303,0.0,0.0,0.0
oc_12_2500_1000_1_0_p019_0710_1,10.964601769911505,0.8280746100843747,0.9540133136094675,0.7577013893939019,0.7052026077601456,0.8628318584070797,0.6230031948881789,0.7274454476815743,0.6592920353982301,0.8465909090909091
oc_12_10000_3500_3_5_p019_0830_1,4.760806916426513,0.7267454526789174,0.9227976654994163,0.611684489786795,0.6665248043935905,0.7473583093179635,0.7053490480507706,0.6757887983045712,0.5677233429394812,0.906441717791411
oc_12_2500_3000_3_1_p019_0900_1,19.284046692607003,0.8042360342450031,0.9490212929215424,0.34627864238409234,0.3732392682249954,0.3735408560311284,0.43243243243243246,0.34170696325206396,0.14396887159533073,0.8604651162790697
oc_12_1000_1500_1_5_p019_0800_1,29.152941176470588,0.8466728499114197,0.9616927038626609,0.47563501359560756,0.42243903519873177,0.5411764705882353,0.3665338645418327,0.3985613269666313,0.2235294117647059,0.7450980392156863
oc_12_500_2000_2_0_p019_0900_1,71.82608695652173,0.8702852929438918,0.970563184079602,0.12166387881077567,0.032811789439783585,0.043478260869565216,0.047619047619047616,0.0,0.0,0.0
oc_12_500_1500_1_5_p019_0770_1,56.96551724137931,0.882013170109458,0.9733996430696015,0.37998048777154714,0.31190253406601676,0.3218390804597701,0.32558139534883723,0.26356711000156013,0.10344827586206896,0.6923076923076923
oc_12_1000_2000_2_0_p019_0830_1,30.404907975460123,0.8299426985890999,0.9569125219769486,0.37692159320650165,0.3522839799252675,0.4110429447852761,0.34183673469387754,0.2634338703816865,0.12269938650306748,0.6060606060606061
oc_12_1000_3500_3_5_p019_0800_1,44.25,0.8596453631595595,0.9661518547750592,0.3561369277458182,0.3111766679481095,0.35714285714285715,0.3007518796992481,0.2959416220344582,0.14285714285714285,0.64
oc_12_500_2500_2_6_p019_0920_1,84.0,0.8536246135337818,0.963799481555334,0.0033512226349177165,-0.017444596717055488,0.0,0.0,0.0,0.0,0.0
oc_12_1000_500_0_5_p019_0710_1,27.38121546961326,0.894681041043481,0.9765715398092272,0.8986597042620933,0.7443871078193551,0.9337016574585635,0.6101083032490975,0.8612543103211967,0.8011049723756906,0.9354838709677419
oc_12_1000_4000_4_0_p019_0920_1,99.12,0.8547998163139463,0.9653753096284459,0.13790691273165256,0.08083752855323698,0.16,0.05755395683453238,0.31480181061106877,0.1,1.0
oc_12_1000_1000_1_0_p019_0920_1,39.96774193548387,0.8674947961659069,0.9660516535433071,0.5198086612349879,0.40462243166141,0.5241935483870968,0.3403141361256545,0.2949731379529103,0.0967741935483871,0.9230769230769231
oc_12_1000_3500_3_5_p019_0770_1,43.473684210526315,0.8622587321426796,0.9679024852071005,0.4376974448330476,0.4335512678951445,0.47368421052631576,0.421875,0.4147591783266026,0.21929824561403508,0.8064516129032258
oc_12_10000_1000_1_0_p019_0900_1,3.591304347826087,0.8481180859121563,0.9612815656565656,0.8700760210852876,0.8689080445638034,0.9543478260869566,0.846401028277635,0.8647628053884542,0.8557971014492753,0.9313880126182965
oc_12_10000_2000_2_0_p019_0920_1,4.009708737864078,0.7070362733467859,0.9153002583979328,0.6187007506272141,0.6576092740161494,0.7855987055016181,0.6794961511546536,0.623834542551958,0.5275080906148867,0.8728246318607764
oc_12_1000_3000_3_1_p019_0880_1,44.648648648648646,0.8610899255842536,0.9682920860469706,0.15041790851963388,0.14552210251607056,0.09009009009009009,0.2702702702702703,0.0,0.0,0.0
oc_12_10000_2000_2_0_p019_0870_1,3.286472148541114,0.7267019661605476,0.920184405940594,0.6606579474768357,0.7092072622465923,0.8282493368700266,0.7360047142015321,0.6863706469829673,0.6114058355437666,0.903921568627451
oc_12_5000_4000_4_0_p019_0830_1,11.913461538461538,0.7927516147766166,0.9457197319434103,0.546857699662783,0.576448293253435,0.6394230769230769,0.5833333333333334,0.5419292933187916,0.3798076923076923,0.8359788359788359
oc_12_10000_4000_4_0_p019_0830_1,5.9,0.7611873972893124,0.9344968944099379,0.6387511635035668,0.691467631134215,0.75,0.7241379310344828,0.686323747047369,0.569047619047619,0.9104761904761904
oc_12_500_2500_2_6_p019_0870_1,68.83333333333333,0.8793540594344988,0.9732801909307875,0.16848197307944546,-0.009019752336033946,0.0,0.0,0.0,0.0,0.0
oc_12_2500_3500_3_5_p019_0920_1,28.982456140350877,0.8272784348139106,0.9553260776282426,0.31629318840914766,0.3066589729440619,0.3567251461988304,0.30808080808080807,0.3498276252425896,0.15204678362573099,0.8387096774193549
oc_12_2500_2500_2_6_p019_0900_1,15.249230769230769,0.7964277733652014,0.9462071577352774,0.437271880956846,0.46841965924378604,0.48615384615384616,0.5146579804560261,0.39338417893369004,0.18461538461538463,0.8955223880597015
oc_12_1000_500_0_5_p019_0880_1,33.714285714285715,0.8921507692892107,0.9760495394865765,0.9149785551731544,0.7238721359180629,0.9523809523809523,0.5645161290322581,0.8479450332613009,0.8435374149659864,0.8611111111111112
oc_12_5000_500_0_5_p019_0800_1,5.858156028368795,0.9239688669765614,0.9844674250258532,0.9634914984797028,0.9486784543429118,0.9858156028368794,0.9276974416017798,0.9574814001896157,0.9527186761229315,0.9746070133010882
oc_12_2500_1000_1_0_p019_0900_1,14.323699421965317,0.8531193613303607,0.9628212749905696,0.7441187352362275,0.6954980303823323,0.8034682080924855,0.6405529953917051,0.6662758543579027,0.5520231213872833,0.8451327433628318
oc_12_1000_1500_1_5_p019_0830_1,30.404907975460123,0.8443167695842331,0.9623613987106857,0.46001805416703967,0.4391289904321895,0.49079754601226994,0.42780748663101603,0.4723894917236199,0.3067484662576687,0.7575757575757576
oc_12_2500_500_0_5_p019_0900_1,14.323699421965317,0.8981262233276696,0.9783456808751414,0.9327544784824751,0.8703510773200186,0.9595375722543352,0.8058252427184466,0.9142182907571448,0.9104046242774566,0.9292035398230089
oc_12_500_2500_2_6_p019_0770_1,60.4390243902439,0.8608059560069239,0.9674937673680032,0.10888097592476453,0.0741650205401667,0.08536585365853659,0.09210526315789473,0.0,0.0,0.0
oc_12_10000_4000_4_0_p019_0870_1,6.752043596730245,0.7409349222085023,0.9306272056239016,0.621678793399937,0.6567827383456851,0.7643051771117166,0.6493055555555556,0.6486116751990385,0.555858310626703,0.8412371134020619
oc_12_1000_4000_4_0_p019_0770_1,52.16842105263158,0.8815902673750388,0.9746128687388635,0.4702955280609964,0.5062321936976046,0.43157894736842106,0.6119402985074627,0.3670668752461255,0.17894736842105263,0.7727272727272727
oc_12_500_500_0_5_p019_0880_1,67.89041095890411,0.9009223923994469,0.9780301451580831,0.7626074776254738,0.6099167204277843,0.7808219178082192,0.48717948717948717,0.4916056582410453,0.3013698630136986,0.8148148148148148
oc_12_1000_4000_4_0_p019_0800_1,54.46153846153846,0.8758383255698199,0.9716229046958589,0.30905208387270844,0.19740183982456308,0.1978021978021978,0.225,0.1850633195632784,0.04395604395604396,0.8
oc_12_500_1000_1_0_p019_0710_1,55.06666666666667,0.8691967542474683,0.9689480776852953,0.4405610633674205,0.3516040974415998,0.4888888888888889,0.275,0.4464685567528912,0.2777777777777778,0.7352941176470589
oc_12_2500_1000_1_0_p019_0800_1,11.71631205673759,0.8521544056187813,0.9630494887525562,0.80239569758521,0.7494507725834988,0.8463356973995272,0.7019607843137254,0.7297606317249371,0.6761229314420804,0.8289855072463768
oc_12_2500_1000_1_0_p019_0830_1,12.176904176904177,0.8353955568352224,0.9567283982845423,0.839814287800978,0.733658011697257,0.941031941031941,0.6089030206677265,0.712295974655523,0.6314496314496314,0.8453947368421053
oc_12_10000_3500_3_5_p019_0770_1,4.324607329842932,0.7637698859668158,0.9363909537856441,0.7020945621415453,0.7630070140285357,0.8019197207678883,0.812555260831123,0.7175912853139352,0.6239092495636999,0.9225806451612903
oc_12_1000_1500_1_5_p019_0900_1,35.65467625899281,0.8484617954986182,0.9619768400392542,0.32268307461815526,0.29711773261247026,0.34532374100719426,0.2926829268292683,0.24438670341695556,0.07913669064748201,0.7857142857142857
oc_12_10000_500_0_5_p019_0900_1,3.591304347826087,0.9288111177398755,0.9857803030303031,0.973965532752273,0.966056674176877,0.9927536231884058,0.9547038327526133,0.9646070712190544,0.9608695652173913,0.983679525222552
oc_12_2500_4000_4_0_p019_0800_1,21.736842105263158,0.8320015077936446,0.9556623456790123,0.5619821295929591,0.4967276965835559,0.6447368421052632,0.42485549132947975,0.5401736246560441,0.38596491228070173,0.7927927927927928
oc_12_2500_500_0_5_p019_0770_1,11.36697247706422,0.9092588705482227,0.981059940652819,0.9418231206458669,0.9067410324497177,0.9655963302752294,0.8662551440329218,0.9275305217457835,0.908256880733945,0.9588377723970944
oc_12_2500_4000_4_0_p019_0900_1,32.18181818181818,0.8377544217496362,0.9577114677103719,0.38038819514295674,0.34803965350299254,0.44805194805194803,0.3080357142857143,0.24464937300298797,0.09740259740259741,0.6521739130434783
oc_12_500_1000_1_0_p019_0870_1,66.08,0.8757540734821023,0.9718147485589346,0.22693860287044076,0.1797444535423973,0.2,0.18518518518518517,0.0,0.0,0.0
oc_12_5000_4000_4_0_p019_0800_1,10.916299559471366,0.8023726404996008,0.948228022181146,0.625162704192128,0.6362483661038205,0.7092511013215859,0.6301369863013698,0.643196856038154,0.5176211453744494,0.8545454545454545
oc_12_500_1000_1_0_p019_0920_1,79.93548387096774,0.8679017859172369,0.9683287365484257,0.1834141236317981,0.12938973069827894,0.20967741935483872,0.1,-0.00273561738212437,0.0,0.0
oc_12_1000_500_0_5_p019_0830_1,30.404907975460123,0.8810859774049014,0.9714056651689783,0.9048561588079704,0.6793869713682247,0.9447852760736196,0.506578947368421,0.8385548275764263,0.7730061349693251,0.9197080291970803
oc_12_1000_500_0_5_p019_0870_1,32.82119205298013,0.8903248319050806,0.9770326218915214,0.8984676123583997,0.7614028220130067,0.9072847682119205,0.6523809523809524,0.7546223597942452,0.6754966887417219,0.8571428571428571
oc_12_2500_2000_2_0_p019_0830_1,12.176904176904177,0.7823943717462014,0.9402367331717323,0.543243276849892,0.5126832621570512,0.6314496314496314,0.48674242424242425,0.45980323707770837,0.29975429975429974,0.7770700636942676
oc_12_1000_3000_3_1_p019_0830_1,39.648,0.8335110674394008,0.9583316669946861,0.20094050075528902,0.15878493565855586,0.168,0.1891891891891892,0.10552223675234591,0.024,0.5
oc_12_5000_2500_2_6_p019_0710_1,5.7560975609756095,0.711174004315587,0.9185716348633316,0.5590807146249506,0.6143634720808451,0.7061556329849012,0.6433862433862434,0.6365192073284326,0.5272938443670151,0.8664122137404581
oc_12_1000_4000_4_0_p019_0710_1,49.06930693069307,0.8488870462659294,0.9607039746885505,0.36994464366152047,0.2805612540443057,0.4158415841584158,0.21649484536082475,0.46315753210288546,0.22772277227722773,0.9583333333333334
oc_12_5000_500_0_5_p019_0920_1,8.019417475728156,0.9078913926887855,0.9806297811266594,0.9546535241061287,0.931273554477331,0.982200647249191,0.8979289940828402,0.9422076810577816,0.9385113268608414,0.9586776859504132
oc_12_5000_4000_4_0_p019_0920_1,19.824,0.8204479666874519,0.9532505570495582,0.4597859515935768,0.4506567547624051,0.488,0.4674329501915709,0.4763520833655785,0.244,0.9682539682539683
oc_12_10000_4000_4_0_p019_0900_1,7.955056179775281,0.7625020216142266,0.9334171715361176,0.5774345481936469,0.5974469121875998,0.695024077046549,0.5997229916897507,0.6377115277437837,0.5168539325842697,0.8609625668449198
oc_12_5000_2500_2_6_p019_0800_1,6.171855541718555,0.7181830794034828,0.9228146553221045,0.555320402280749,0.604593287514123,0.6936488169364882,0.6322360953461975,0.6009693100991893,0.48692403486924035,0.8426724137931034
oc_12_10000_1500_1_5_p019_0770_1,2.8450057405281286,0.7692982993256918,0.9379712152881458,0.780042252014851,0.8152881919814223,0.9138920780711826,0.819773429454171,0.7913923238895371,0.7807118254879449,0.9060626249167222
oc_12_500_2000_2_0_p019_0870_1,66.08,0.8704583471491554,0.9707251838600676,0.042410419888267104,-0.009527899836896754,0.0,0.0,0.0,0.0,0.0
oc_12_500_4000_4_0_p019_0870_1,130.42105263157896,0.8956090804811174,0.9785694833800561,0.2137440765940657,0.21362212753212712,0.21052631578947367,0.22857142857142856,0.18594361219229755,0.05263157894736842,0.6666666666666666
oc_12_10000_3500_3_5_p019_0800_1,4.493200362647325,0.7419070336964781,0.9298226109919129,0.6716213691501635,0.7259847565574817,0.8023572076155938,0.7531914893617021,0.7024263181477506,0.6056210335448776,0.9138166894664843
oc_12_5000_3000_3_1_p019_0770_1,7.235036496350365,0.763202107060026,0.9378785321751463,0.6183816989493709,0.6808900715724175,0.7124087591240876,0.7261904761904762,0.6692077119980488,0.5518248175182482,0.8852459016393442
oc_12_10000_4000_4_0_p019_0880_1,7.0,0.7707459052670476,0.9394813559322034,0.6335983872020312,0.6877058666523564,0.7245762711864406,0.7286931818181818,0.6453971302210448,0.5155367231638418,0.8880778588807786
oc_12_1000_2500_2_6_p019_0830_1,32.18181818181818,0.8377833803996015,0.9603087279843444,0.21376400113173033,0.15988433654252476,0.16233766233766234,0.20491803278688525,0.10431637582515874,0.01948051948051948,0.6
oc_12_2500_3500_3_5_p019_0770_1,17.389473684210525,0.822485409383915,0.953437282961267,0.4968837364860651,0.5160660165923696,0.5333333333333333,0.5507246376811594,0.5310833306506495,0.3368421052631579,0.8807339449541285
oc_12_10000_4000_4_0_p019_0800_1,5.518930957683741,0.7796997644751705,0.9396217287324906,0.693396266146229,0.7249483344490374,0.8062360801781737,0.7335359675785208,0.7271532454759517,0.6380846325167038,0.9066455696202531
oc_12_2500_3000_3_1_p019_0920_1,22.026666666666667,0.7903510232302428,0.9425510133178923,0.3020736794760669,0.30225961169636967,0.3688888888888889,0.30514705882352944,0.32083720073696825,0.14666666666666667,0.75
oc_12_5000_3500_3_5_p019_0800_1,8.945848375451263,0.7707977169182925,0.9366693284936479,0.5754223450491365,0.609659134199659,0.6787003610108303,0.6235489220563848,0.5997551916831514,0.44223826714801445,0.8844765342960289
oc_12_500_500_0_5_p019_0770_1,56.96551724137931,0.8898020267048684,0.9754079714455681,0.6025094892525569,0.5199102452143299,0.6551724137931034,0.42857142857142855,0.7181102016836269,0.5632183908045977,0.9245283018867925
oc_12_1000_3000_3_1_p019_0770_1,36.71111111111111,0.8557346488019937,0.9648606560597133,0.28882907515647294,0.30129638226433236,0.2814814814814815,0.3584905660377358,0.24813351480457219,0.08148148148148149,0.7857142857142857
oc_12_500_2500_2_6_p019_0710_1,57.627906976744185,0.8571352894902196,0.965763109877033,0.14585892202153738,0.15769890835851463,0.19767441860465115,0.15315315315315314,0.15949947071361814,0.03488372093023256,0.75
oc_12_1000_2000_2_0_p019_0900_1,35.65467625899281,0.8481153256730479,0.9633372325809617,0.25151739982690746,0.20234295388873322,0.19424460431654678,0.2523364485981308,0.14493546846457306,0.02158273381294964,1.0
oc_12_500_3500_3_5_p019_0870_1,105.44680851063829,0.8770498788106034,0.9745096941834899,0.011052947428990434,-0.007173398809163486,0.0,0.0,0.0,0.0,0.0
oc_12_10000_2500_2_6_p019_0800_1,3.089775561097257,0.67406979282291,0.9065036585365853,0.600726754821876,0.6704947402721143,0.766209476309227,0.7390258568851473,0.6760274167233329,0.6091022443890274,0.8946886446886447
oc_12_500_3500_3_5_p019_0830_1,95.3076923076923,0.8610871498939208,0.9683185303514377,0.02911313762932266,-0.012967915129201814,0.0,0.0,0.0,0.0,0.0
oc_12_500_4000_4_0_p019_0830_1,118.0,0.8692046820865291,0.9681056422569028,0.23978998529356,0.145633787545458,0.2857142857142857,0.08759124087591241,0.2744189626409417,0.09523809523809523,0.8
oc_12_1000_4000_4_0_p019_0870_1,67.89041095890411,0.8701376195816249,0.9697457148538476,0.33388549057636785,0.2254969909075346,0.2191780821917808,0.25396825396825395,0.20130455595750035,0.0410958904109589,1.0
oc_12_5000_2000_2_0_p019_0770_1,5.690011481056257,0.7522564673693726,0.9305322121160117,0.6407714374205142,0.6819696196435127,0.7795637198622273,0.6879432624113475,0.6526385629712965,0.5419058553386912,0.8805970149253731
oc_12_5000_1500_1_5_p019_0920_1,8.019417475728156,0.7857497478129409,0.940378614998206,0.683992128398112,0.666866677669087,0.7977346278317152,0.6280254777070063,0.5851861547807273,0.4546925566343042,0.8363095238095238
oc_12_500_3000_3_1_p019_0800_1,75.0909090909091,0.8854995366566519,0.9754555157307846,0.2118342979555906,0.20833489961859786,0.22727272727272727,0.2112676056338028,0.0,0.0,0.0
oc_12_10000_500_0_5_p019_0870_1,3.286472148541114,0.9321349186423884,0.9873262376237624,0.9736219686735015,0.9752405684259954,0.9927055702917772,0.969559585492228,0.9691663166240724,0.96684350132626,0.9858012170385395
oc_12_2500_2500_2_6_p019_0770_1,11.85645933014354,0.772665934561109,0.9391830294008188,0.45959116508908027,0.4813775538282778,0.5454545454545454,0.5022026431718062,0.501025849063274,0.33253588516746413,0.8224852071005917
oc_12_5000_2000_2_0_p019_0710_1,5.482300884955753,0.7402735860722128,0.9272769965870307,0.6105240159381546,0.6460334085026151,0.7212389380530974,0.6834381551362684,0.6627298341549939,0.5597345132743363,0.88
oc_12_5000_2500_2_6_p019_0770_1,6.0,0.7414609581298053,0.9295283292978208,0.5770834103570894,0.6547442788268525,0.6888619854721549,0.7175283732660782,0.6216592402898617,0.4939467312348668,0.8793103448275862
oc_12_10000_1500_1_5_p019_0900_1,3.591304347826087,0.777097869310586,0.9387532828282829,0.764342266019703,0.7952846905642842,0.9028985507246376,0.7861198738170347,0.7535206233803945,0.7144927536231884,0.8963636363636364
oc_12_2500_4000_4_0_p019_0770_1,21.27038626609442,0.8445721176108312,0.9621846213143187,0.532601614971643,0.5835444393640099,0.5708154506437768,0.6333333333333333,0.5851899958918474,0.38626609442060084,0.9183673469387755
oc_12_10000_1000_1_0_p019_0870_1,3.286472148541114,0.8432553737412336,0.9616368811881189,0.8828335764708448,0.8907772427087433,0.9655172413793104,0.8713345302214243,0.8783232798000802,0.886604774535809,0.9259002770083102
oc_12_1000_3500_3_5_p019_0920_1,72.88235294117646,0.8533245164548808,0.9629859872611465,0.11607766078230597,0.0779649830232454,0.14705882352941177,0.06369426751592357,0.0,0.0,0.0
oc_12_2500_3000_3_1_p019_0830_1,15.634069400630915,0.786925764095002,0.9427604779063152,0.3886068563459327,0.4142679336360589,0.4479495268138801,0.4507936507936508,0.4241634210334312,0.23974763406940064,0.8085106382978723
oc_12_500_2000_2_0_p019_0770_1,56.96551724137931,0.879144279660206,0.9727105294467578,0.21262247606812945,0.17522787832714462,0.13793103448275862,0.25,0.0,0.0,0.0
oc_12_2500_3000_3_1_p019_0800_1,15.018181818181818,0.8024906913184182,0.9475913734392736,0.48669134349091836,0.48130609421826376,0.5606060606060606,0.4755784061696658,0.49752280842704555,0.30303030303030304,0.8695652173913043
oc_12_10000_2500_2_6_p019_0770_1,2.996372430471584,0.7027144602206826,0.9150109531013616,0.641008237728856,0.7068709702949897,0.7950423216444982,0.768107476635514,0.7100028379586881,0.6330108827085853,0.9281914893617021
oc_12_1000_2500_2_6_p019_0900_1,37.54545454545455,0.8317340988463874,0.9576053459119497,0.12708817917078752,0.12505037847952438,0.1590909090909091,0.14,0.0,0.0,0.0
oc_12_500_3500_3_5_p019_0770_1,85.44827586206897,0.8857719544220028,0.9753869964100519,0.19601778908275147,0.17371102201723515,0.20689655172413793,0.1643835616438356,0.19513112763805368,0.05172413793103448,0.75
oc_12_10000_500_0_5_p019_0770_1,2.8450057405281286,0.93045900464847,0.9863211704986563,0.9695535260678515,0.9727248612039577,0.9896670493685419,0.9701744513224536,0.9688525647444228,0.9661308840413318,0.9876760563380281
oc_12_500_1000_1_0_p019_0830_1,61.18518518518518,0.8736075666255088,0.970669525511217,0.41317603528624014,0.30334391779929964,0.37037037037037035,0.2702702702702703,0.35319335319810924,0.2222222222222222,0.5806451612903226
oc_12_1000_4000_4_0_p019_0900_1,79.93548387096774,0.8806482160215862,0.9723147070546034,0.21048427122609248,0.17127735577754227,0.1935483870967742,0.17142857142857143,0.0,0.0,0.0
oc_12_2500_4000_4_0_p019_0870_1,27.23076923076923,0.8487561826162969,0.9624395484624367,0.4170215314414062,0.4017891728348762,0.3901098901098901,0.4551282051282051,0.30317294873529255,0.12637362637362637,0.7666666666666667
oc_12_10000_2500_2_6_p019_0900_1,3.786096256684492,0.7012546742352708,0.9129625538707102,0.5653460230749838,0.6518644898045981,0.6890756302521008,0.7548117154811715,0.6286298098452979,0.494270435446906,0.9336219336219336
oc_12_2500_2500_2_6_p019_0800_1,12.359102244389028,0.7830860458429654,0.9424585402277394,0.49648687121882984,0.5096851697484605,0.5536159600997507,0.5401459854014599,0.5099114648283902,0.3690773067331671,0.7708333333333334
oc_12_10000_1000_1_0_p019_0770_1,2.8450057405281286,0.8515543457176299,0.9624601970737534,0.8942189700698154,0.8995796809569999,0.9822043628013777,0.8742973939703628,0.8970423001081149,0.9064293915040184,0.9404407385348421
oc_12_2500_2000_2_0_p019_0870_1,13.145888594164456,0.7832990138898279,0.940089855615976,0.5053437397466817,0.5138901273155161,0.583554376657825,0.5188679245283019,0.37451580674360946,0.1883289124668435,0.8160919540229885
oc_12_10000_1000_1_0_p019_0800_1,2.9290780141843973,0.849423097256934,0.9631829121540313,0.8900270786065694,0.8964373546149799,0.9739952718676123,0.8761297182349814,0.8965173196552223,0.9089834515366431,0.9360925136944613
oc_12_5000_3000_3_1_p019_0900_1,9.660818713450292,0.7594254651323985,0.9357598098372646,0.47606197281674933,0.557740329395968,0.5692007797270955,0.6266094420600858,0.49299925183922855,0.30994152046783624,0.8641304347826086
oc_12_500_3500_3_5_p019_0900_1,123.9,0.8704739079726613,0.9704739791833467,0.010681643645216177,0.004880403872739288,0.025,0.011235955056179775,0.0,0.0,0.0
oc_12_2500_1000_1_0_p019_0880_1,13.467391304347826,0.8423068460977002,0.9606903080390684,0.7513715772517718,0.7086249720044383,0.8179347826086957,0.6529284164859002,0.7078016616363589,0.6277173913043478,0.8369565217391305
oc_12_10000_4000_4_0_p019_0710_1,4.887573964497041,0.7614361735243919,0.935576013400335,0.7019975260976398,0.7290546253204728,0.8372781065088757,0.7231686541737649,0.753889517075095,0.6785009861932939,0.9161118508655126
oc_12_1000_1000_1_0_p019_0900_1,35.65467625899281,0.8584724978938827,0.9649585868498528,0.36234875405202416,0.3605597608524096,0.4028776978417266,0.35668789808917195,0.29011497301490313,0.11510791366906475,0.7619047619047619
