Name,CI,LSR,BSL,HMS,MCC_5,TPR_5,PPV_5,MCC_9,TPR_9,PPV_9
oc_12_1000_1000_1_0_p019_0870_1,32.82119205298013,0.8982499435251874,0.9761193655766595,0.5956804166229144,0.5457988262607926,0.5496688741721855,0.5684931506849316,0.40584837446630523,0.1986754966887417,0.8571428571428571
oc_12_500_500_0_5_p019_0870_1,66.08,0.9301613033394938,0.986302524349036,0.8316122984427773,0.6818684865960379,0.7733333333333333,0.6105263157894737,0.4848650683839983,0.29333333333333333,0.8148148148148148
oc_12_10000_500_0_5_p019_0800_1,2.9290780141843973,0.9408405406309545,0.9884077015643803,0.9622979182446545,0.9706907255488376,0.9793144208037825,0.9770047169811321,0.9326965426174361,0.9072104018912529,0.9922430510665805
oc_12_5000_2000_2_0_p019_0880_1,6.742857142857143,0.796818730461713,0.9452612194693375,0.602428650356028,0.6834927451369013,0.6258503401360545,0.8243727598566308,0.5472940600883822,0.3523809523809524,0.9452554744525548
oc_12_5000_3000_3_1_p019_0710_1,6.96067415730337,0.8026618330847394,0.9485290049400141,0.6176815504750692,0.7003188618990278,0.6629213483146067,0.8123924268502581,0.6216370837989256,0.449438202247191,0.9411764705882353
oc_12_500_3000_3_1_p019_0830_1,77.4375,0.8876127801284183,0.9748417529880478,0.10394844565048933,0.10858666803088192,0.125,0.11594202898550725,0.0,0.0,0.0
oc_12_5000_3000_3_1_p019_0870_1,8.74074074074074,0.7947128381790745,0.9442282817309433,0.5349871082844259,0.5880617020988161,0.5590828924162258,0.6997792494481236,0.49561291559312226,0.2927689594356261,0.9222222222222223
oc_12_10000_1500_1_5_p019_0710_1,2.742667404537908,0.8227893238164763,0.9513633594558628,0.794515106914912,0.8413500896993298,0.8550083010514665,0.9104301708898055,0.7564960227806022,0.677365799667958,0.963021243115657
oc_12_1000_2500_2_6_p019_0870_1,34.179310344827584,0.8644070863128145,0.9677964320721427,0.21098845540527356,0.09740031989995294,0.06206896551724138,0.2,0.0,0.0,0.0
oc_12_2500_500_0_5_p019_0800_1,11.71631205673759,0.9377185336784372,0.9879257854619817,0.9456112916068994,0.9199957665729906,0.9598108747044918,0.8942731277533039,0.8820634296904889,0.8156028368794326,0.971830985915493
oc_12_500_500_0_5_p019_0830_1,61.18518518518518,0.9094507978240075,0.9794442723843557,0.7192564025639199,0.5489998229643475,0.7283950617283951,0.427536231884058,0.5459953579098589,0.345679012345679,0.875
oc_12_2500_2000_2_0_p019_0880_1,13.467391304347826,0.831130146485661,0.9569779113448535,0.5039086463508916,0.5598473123780072,0.46195652173913043,0.7359307359307359,0.3385963678852241,0.13858695652173914,0.8947368421052632
oc_12_1000_3000_3_1_p019_0870_1,43.095652173913045,0.8820727079373865,0.972714494182607,0.2600024982238557,0.18866475776440766,0.1391304347826087,0.2909090909090909,0.10524454831261079,0.017391304347826087,0.6666666666666666
oc_12_500_4000_4_0_p019_0920_1,198.24,0.9091690260930613,0.9811812888978116,0.029019922008777788,-0.006857087523651141,0.0,0.0,-0.0010064441598567875,0.0,0.0
oc_12_1000_3000_3_1_p019_0920_1,55.68539325842696,0.8768938956170533,0.969655817641229,0.160543146710299,0.06435623867508086,0.0898876404494382,0.07547169811320754,0.10507105829637396,0.011235955056179775,1.0
oc_12_500_1500_1_5_p019_0880_1,67.89041095890411,0.9087647242313552,0.9806285146152317,0.2302011911132208,0.1522939574589918,0.1095890410958904,0.23529411764705882,0.0,0.0,0.0
oc_12_10000_2500_2_6_p019_0870_1,3.4852320675105486,0.7310640175270945,0.92579115710254,0.6249623390079209,0.7198918977678265,0.6919831223628692,0.8669603524229075,0.6177225616434345,0.4732770745428973,0.9505649717514124
oc_12_500_2000_2_0_p019_0920_1,79.93548387096774,0.8892459130473195,0.974619689119171,0.0997515406416013,0.10221991992149371,0.14516129032258066,0.09278350515463918,0.0,0.0,0.0
oc_12_10000_2500_2_6_p019_0830_1,3.205692108667529,0.7301744046527261,0.9253928022147031,0.6413738282642923,0.7294693363087186,0.7289780077619664,0.8524962178517398,0.6367319843926851,0.5,0.9578686493184635
oc_12_5000_1000_1_0_p019_0870_1,6.572944297082228,0.8795483417897756,0.9700116287215411,0.8458531244546581,0.8443685185247612,0.8713527851458885,0.8588235294117647,0.7476729293985284,0.6419098143236074,0.9325626204238922
oc_12_2500_500_0_5_p019_0830_1,12.176904176904177,0.9238924448834126,0.9830465038224874,0.9225016732949529,0.8700799948812038,0.9582309582309583,0.8091286307053942,0.8735851006070866,0.8181818181818182,0.9514285714285714
oc_12_10000_2000_2_0_p019_0800_1,2.9290780141843973,0.7655403587500795,0.9334498194945848,0.7001111839552223,0.7634671458106509,0.7801418439716312,0.8627450980392157,0.6733971363615321,0.5543735224586288,0.9620512820512821
oc_12_1000_1500_1_5_p019_0920_1,39.96774193548387,0.8688397890268187,0.9675861417322834,0.27302018282321794,0.08801205350469801,0.08870967741935484,0.12790697674418605,0.02366950057213825,0.008064516129032258,0.1111111111111111
oc_12_5000_1000_1_0_p019_0800_1,5.858156028368795,0.8820849534006627,0.9708701826956222,0.8486044613920871,0.8674176079954363,0.8888888888888888,0.8847058823529412,0.7850362410172986,0.6950354609929078,0.9453376205787781
oc_12_5000_500_0_5_p019_0710_1,5.482300884955753,0.9362631739311038,0.9873556313993174,0.9628561988902836,0.9612449655159319,0.9789823008849557,0.9557235421166307,0.937564123743892,0.9092920353982301,0.9856115107913669
oc_12_5000_3000_3_1_p019_0800_1,7.577981651376147,0.7947247584325402,0.9453079500891266,0.5920308682015976,0.6489988869171203,0.6070336391437309,0.7723735408560312,0.5503882567942837,0.3761467889908257,0.8945454545454545
oc_12_10000_3500_3_5_p019_0900_1,6.126081582200247,0.7789730039868105,0.9408346921075456,0.5980130932544199,0.6863467588913471,0.6316440049443758,0.8295454545454546,0.5776385455590998,0.38936959208899874,0.9545454545454546
oc_12_1000_3500_3_5_p019_0830_1,48.116504854368934,0.8720391807014118,0.970387191144495,0.15364079729781976,0.13287352579023093,0.1262135922330097,0.17333333333333334,0.0,0.0,0.0
oc_12_1000_2500_2_6_p019_0710_1,28.982456140350877,0.8555297673200587,0.9648929978544958,0.30449528524153735,0.2858447036715341,0.25146198830409355,0.3706896551724138,0.3653886572314302,0.16374269005847952,0.8484848484848485
oc_12_500_4000_4_0_p019_0900_1,159.8709677419355,0.9129388582958557,0.9824109083617405,0.009997714255652101,-0.00635577270837825,0.0,0.0,0.0,0.0,0.0
oc_12_10000_1000_1_0_p019_0830_1,3.047970479704797,0.8828824597272075,0.9695868732907931,0.8848113736430584,0.9000506925540338,0.9403444034440345,0.9101190476190476,0.8250400039285114,0.7804428044280443,0.9541353383458646
oc_12_10000_3000_3_1_p019_0800_1,3.777439024390244,0.766146466597855,0.9357858328015316,0.6733172933173885,0.7436139680591776,0.7355182926829268,0.8547387068201948,0.6489492697831774,0.5121951219512195,0.9491525423728814
oc_12_2500_2000_2_0_p019_0770_1,11.36697247706422,0.8374065748896102,0.9568958456973293,0.5931179174491956,0.6156258226870251,0.5848623853211009,0.7083333333333334,0.5164339464932365,0.3119266055045872,0.918918918918919
oc_12_5000_1000_1_0_p019_0900_1,7.172214182344429,0.8936154187241172,0.9740458296440588,0.8683013404774348,0.8573103900842369,0.8856729377713459,0.864406779661017,0.7481712899766524,0.6324167872648335,0.9418103448275862
oc_12_500_2500_2_6_p019_0900_1,75.0909090909091,0.8952729502614483,0.976578892871366,0.14407728548191046,0.0727346520172686,0.07575757575757576,0.09259259259259259,0.0,0.0,0.0
oc_12_10000_3500_3_5_p019_0710_1,4.147280334728033,0.7989946140871453,0.9459178670134938,0.7104304799580605,0.7821874773161369,0.7665271966527196,0.8799231508165226,0.7055083359616856,0.5815899581589958,0.9573002754820936
oc_12_500_2000_2_0_p019_0880_1,67.89041095890411,0.8974648415593984,0.9786699542652615,0.12419434850950994,0.0859768869194922,0.0547945205479452,0.16,0.0,0.0,0.0
oc_12_5000_3500_3_5_p019_0920_1,14.576470588235294,0.8161028297004135,0.950978247734139,0.43158969770828337,0.45422622222578285,0.4176470588235294,0.5612648221343873,0.35306008618852025,0.13529411764705881,0.9787234042553191
oc_12_500_1500_1_5_p019_0870_1,66.08,0.8955711477752022,0.977405366726297,0.1801178640962381,0.09159919855575292,0.06666666666666667,0.15151515151515152,0.0,0.0,0.0
oc_12_2500_500_0_5_p019_0710_1,10.964601769911505,0.9248342426940434,0.9838118343195267,0.9311427553804983,0.9217267723562041,0.9557522123893806,0.9018789144050104,0.8908237615256829,0.834070796460177,0.9691516709511568
oc_12_1000_2500_2_6_p019_0770_1,29.5,0.8530871992838596,0.9631665886026541,0.2831843287070772,0.22864377750521037,0.20833333333333334,0.29914529914529914,0.15181197251863898,0.023809523809523808,1.0
oc_12_1000_3000_3_1_p019_0900_1,47.2,0.8644113627820957,0.9694277020351709,0.07979951510045202,0.08247039284892412,0.06666666666666667,0.13725490196078433,-0.002046226676652972,0.0,0.0
oc_12_2500_3500_3_5_p019_0710_1,16.630872483221477,0.8502995766500859,0.961940768937952,0.582787968130046,0.5918880073333187,0.610738255033557,0.6190476190476191,0.5626043231810276,0.3624161073825503,0.9152542372881356
oc_12_2500_3500_3_5_p019_0830_1,19.06153846153846,0.8449487894419676,0.960877300613497,0.4790944318343534,0.4975669385679553,0.47307692307692306,0.5720930232558139,0.39842941412172267,0.18461538461538463,0.9056603773584906
oc_12_10000_500_0_5_p019_0880_1,3.3714285714285714,0.9496656490178954,0.9902187363834423,0.9659802046706718,0.9691434708590552,0.9768707482993197,0.9755434782608695,0.9279362683122174,0.898639455782313,0.9902548725637181
oc_12_1000_1500_1_5_p019_0710_1,27.38121546961326,0.8725844521156356,0.9700983453377457,0.470046922452664,0.5386607091155816,0.4861878453038674,0.6285714285714286,0.4748534519730527,0.27624309392265195,0.847457627118644
oc_12_10000_2500_2_6_p019_0710_1,2.898245614035088,0.7407455941240043,0.9274371437143715,0.6648062265882004,0.751890753961109,0.7456140350877193,0.8793103448275862,0.6617137744629475,0.5356725146198831,0.9662447257383966
oc_12_5000_2500_2_6_p019_0920_1,8.414261460101867,0.7836106475128705,0.9406398557258792,0.4907844752112491,0.5588991209528986,0.47198641765704585,0.7493261455525606,0.43580103563851585,0.21561969439728354,0.9694656488549618
oc_12_5000_1500_1_5_p019_0800_1,5.858156028368795,0.8380329153860855,0.9573432609445018,0.7333841195505655,0.7758013119045222,0.7458628841607565,0.8703448275862069,0.6732175156364824,0.5189125295508275,0.9564270152505446
oc_12_500_1000_1_0_p019_0800_1,59.0,0.9036318699589311,0.9779371428571428,0.4419014505009061,0.374455488005798,0.4642857142857143,0.32231404958677684,0.21474976500285636,0.07142857142857142,0.6666666666666666
oc_12_2500_4000_4_0_p019_0830_1,23.826923076923077,0.8545659239456417,0.9645239349341596,0.41327100064519495,0.42761256115987556,0.3701923076923077,0.5384615384615384,0.344604490314125,0.14903846153846154,0.8378378378378378
oc_12_500_3500_3_5_p019_0880_1,112.63636363636364,0.9117215946849317,0.981832,0.07794452974864996,0.01876668542045957,0.022727272727272728,0.030303030303030304,-0.0018848533305563092,0.0,0.0
oc_12_1000_500_0_5_p019_0900_1,35.65467625899281,0.9243220628123284,0.984883689892051,0.844195325476745,0.8218704750463727,0.8561151079136691,0.7986577181208053,0.6766169632699345,0.5467625899280576,0.8539325842696629
oc_12_1000_2500_2_6_p019_0880_1,35.148936170212764,0.8646764358556056,0.9693526388071415,0.24117069023334448,0.28753941917375875,0.20567375886524822,0.4393939393939394,0.14387563372615164,0.02127659574468085,1.0
oc_12_500_1000_1_0_p019_0880_1,67.89041095890411,0.9055988361554037,0.979349850864983,0.3597904822708884,0.31682060780545807,0.2876712328767123,0.3684210526315789,0.1145227089341025,0.0273972602739726,0.5
oc_12_500_4000_4_0_p019_0710_1,97.17647058823529,0.9028678225086331,0.9781275813860595,0.2063660190930081,0.1298448710296761,0.13725490196078433,0.14,0.16008511194425035,0.0392156862745098,0.6666666666666666
oc_12_5000_2500_2_6_p019_0830_1,6.4363636363636365,0.7772804898820396,0.9398647572476423,0.5742613881384775,0.6624357134747099,0.6077922077922078,0.8082901554404145,0.5604817592343719,0.37922077922077924,0.926984126984127
oc_12_5000_2500_2_6_p019_0870_1,6.912133891213389,0.7773958716726984,0.9403075621364357,0.5580484143711204,0.6466523870812331,0.5774058577405857,0.80859375,0.5090140431888225,0.3138075313807531,0.9259259259259259
oc_12_5000_4000_4_0_p019_0870_1,13.578082191780823,0.8281294756896025,0.9554231159556474,0.5282123266723322,0.5494239455206048,0.536986301369863,0.6222222222222222,0.4609169641635456,0.25205479452054796,0.9019607843137255
oc_12_500_3000_3_1_p019_0920_1,110.13333333333334,0.9032637910502574,0.9790121975604879,0.07582399302410858,-0.009575889965406209,0.0,0.0,0.0,0.0,0.0
oc_12_500_500_0_5_p019_0920_1,79.93548387096774,0.9205157577397532,0.98216946990833,0.6809924253061378,0.46298472922818573,0.6451612903225806,0.3448275862068966,0.3776629731082932,0.1935483870967742,0.75
oc_12_5000_500_0_5_p019_0900_1,7.172214182344429,0.9424378862418223,0.9898630777403932,0.9657847584031105,0.9642289750307141,0.9811866859623734,0.9562764456981664,0.9197782960421851,0.8798842257597684,0.9806451612903225
oc_12_5000_2500_2_6_p019_0900_1,7.54337899543379,0.7833449841808657,0.9415394263317299,0.5437098894708419,0.6257864665437904,0.5540334855403348,0.789587852494577,0.48059859745891814,0.2694063926940639,0.9516129032258065
oc_12_10000_1000_1_0_p019_0920_1,4.009708737864078,0.8722562013737277,0.967180361757106,0.864001498974245,0.8815991690687968,0.9223300970873787,0.8892355694227769,0.7751638487699367,0.6998381877022654,0.9422657952069716
oc_12_500_2500_2_6_p019_0830_1,63.53846153846154,0.8798315643891758,0.972524751688518,0.05044516565666768,-0.013306021469734345,0.0,0.0,-0.0025010728055367536,0.0,0.0
oc_12_2500_2500_2_6_p019_0880_1,14.11965811965812,0.8187358919282267,0.9547028452986621,0.4417573392401115,0.5411238613544544,0.46153846153846156,0.6923076923076923,0.4289468393664221,0.22507122507122507,0.8777777777777778
oc_12_500_500_0_5_p019_0900_1,71.82608695652173,0.9178421279703929,0.9830947661691543,0.8111038526082365,0.6675104671064164,0.8260869565217391,0.5480769230769231,0.5157043052676346,0.391304347826087,0.6923076923076923
oc_12_5000_4000_4_0_p019_0770_1,10.433684210526316,0.845059015097607,0.9605438409132756,0.6243465019603023,0.6700656006146288,0.6021052631578947,0.8011204481792717,0.6091437559097148,0.4063157894736842,0.9698492462311558
oc_12_2500_1500_1_5_p019_0770_1,11.36697247706422,0.8597595523453859,0.9636353115727003,0.6658868285857087,0.6968096375216927,0.6880733944954128,0.7537688442211056,0.6282235527279144,0.45871559633027525,0.91324200913242
oc_12_10000_1000_1_0_p019_0710_1,2.742667404537908,0.8833260560178529,0.9704048499186751,0.8884720078838759,0.9075789856384591,0.93912562257886,0.9258046917621385,0.8354903305575828,0.7880464858882125,0.9687074829931973
oc_12_1000_2000_2_0_p019_0920_1,39.96774193548387,0.8567576696804791,0.9655691338582677,0.15924870959683957,0.16226161838752998,0.16129032258064516,0.20202020202020202,0.11937513896592856,0.04838709677419355,0.3333333333333333
oc_12_1000_2000_2_0_p019_0800_1,29.152941176470588,0.8704005509120836,0.9679906359734686,0.37743563132346214,0.31588387829259534,0.2647058823529412,0.4205607476635514,0.19391812502351996,0.052941176470588235,0.75
oc_12_500_4000_4_0_p019_0770_1,103.25,0.9059156264392161,0.9802292565947243,0.19114793442032263,0.21013027936193499,0.22916666666666666,0.20754716981132076,0.0,0.0,0.0
oc_12_2500_2500_2_6_p019_0710_1,11.552447552447552,0.7952401503152324,0.9461074837511606,0.4504177082199198,0.5233013079061773,0.4965034965034965,0.624633431085044,0.4665041189997053,0.2494172494172494,0.9385964912280702
oc_12_1000_3500_3_5_p019_0880_1,55.68539325842696,0.8945405770074525,0.9770085232903866,0.1635184690598518,0.14963573588647697,0.10112359550561797,0.25,0.10507105829637396,0.011235955056179775,1.0
oc_12_1000_3500_3_5_p019_0710_1,40.95867768595041,0.8888875979963293,0.9741043923576915,0.38075439510152964,0.3528463265929674,0.34710743801652894,0.3888888888888889,0.45020543353447173,0.21487603305785125,0.9629629629629629
oc_12_2500_3500_3_5_p019_0900_1,24.17560975609756,0.8543715104867454,0.9649937608990505,0.34534881347544777,0.37931048415756163,0.2975609756097561,0.5304347826086957,0.21339990434672515,0.06341463414634146,0.7647058823529411
oc_12_5000_3500_3_5_p019_0710_1,8.301507537688442,0.8216868309701199,0.9527160093643076,0.6297748923332023,0.6751099617707699,0.6649916247906198,0.7533206831119544,0.6307539087418009,0.4472361809045226,0.956989247311828
oc_12_1000_3000_3_1_p019_0800_1,37.54545454545455,0.8760144010261245,0.9704581761006289,0.33076604697730294,0.3226750104700924,0.2878787878787879,0.3958333333333333,0.2116570394300015,0.07575757575757576,0.625
oc_12_1000_3500_3_5_p019_0870_1,53.869565217391305,0.887521892945883,0.9750614896988906,0.30293603668364777,0.17297886997012768,0.14130434782608695,0.24074074074074073,0.0,0.0,0.0
oc_12_1000_1000_1_0_p019_0880_1,33.714285714285715,0.9184630677324424,0.981337409367039,0.8250826185648905,0.6604272646205273,0.7278911564625851,0.6184971098265896,0.4620489186742589,0.23809523809523808,0.9210526315789473
oc_12_500_1500_1_5_p019_0710_1,55.06666666666667,0.8847490613689225,0.9736107808164883,0.3689104375549995,0.32107764393458454,0.4,0.28125,0.3776903945578929,0.15555555555555556,0.9333333333333333
oc_12_1000_1500_1_5_p019_0770_1,28.32,0.8862509850985315,0.9725034496199572,0.5759999038633764,0.5289242105538972,0.5085714285714286,0.5816993464052288,0.45450361392537425,0.2342857142857143,0.9111111111111111
oc_12_10000_1500_1_5_p019_0880_1,3.3714285714285714,0.8028163151813159,0.9473693121693122,0.7580266805653276,0.8100177768333215,0.8156462585034013,0.8888065233506302,0.699902840011217,0.5918367346938775,0.9497816593886463
oc_12_5000_1000_1_0_p019_0830_1,6.095940959409594,0.8898757630516165,0.9717699427977119,0.8657146062131463,0.8665209330708594,0.9126691266912669,0.8597914252607184,0.7848400442512282,0.6875768757687577,0.9522998296422487
oc_12_2500_3000_3_1_p019_0770_1,14.619469026548673,0.839875577717167,0.9590853257790368,0.5358078071887791,0.583626755820956,0.56047197640118,0.6597222222222222,0.4649578187806347,0.2743362831858407,0.8454545454545455
oc_12_5000_2000_2_0_p019_0900_1,7.172214182344429,0.8013806414999242,0.9452166460067293,0.6030636003842261,0.6427996125504597,0.5904486251808972,0.783109404990403,0.4764014403264201,0.276410998552822,0.9227053140096618
oc_12_2500_1500_1_5_p019_0920_1,15.987096774193548,0.852098958886989,0.96057668059248,0.5733751100997423,0.5497916747257237,0.5645161290322581,0.587248322147651,0.39631486487171114,0.19032258064516128,0.8805970149253731
oc_12_2500_4000_4_0_p019_0880_1,28.813953488372093,0.8769218967583495,0.9708065522620904,0.4861957286705433,0.4947161708852365,0.46511627906976744,0.5594405594405595,0.34876135934432484,0.1511627906976744,0.8387096774193549
oc_12_5000_500_0_5_p019_0830_1,6.095940959409594,0.9364089689997169,0.9865587796845208,0.939380479753923,0.9465747122804358,0.959409594095941,0.948905109489051,0.9112757706701043,0.8646986469864698,0.9845938375350141
oc_12_5000_1500_1_5_p019_0710_1,5.482300884955753,0.8342275874144724,0.9551008873720136,0.7214438409143935,0.7701197333079367,0.7610619469026548,0.8483353884093712,0.7186522215222446,0.5862831858407079,0.9584086799276673
oc_12_5000_3500_3_5_p019_0870_1,10.63519313304721,0.8087843481103251,0.9477792696421985,0.528100972072322,0.5631878661151279,0.5472103004291845,0.6521739130434783,0.4835955872502673,0.2575107296137339,0.975609756097561
oc_12_2500_2500_2_6_p019_0870_1,14.0,0.823854225734019,0.9551228625235405,0.4551997871528638,0.5312189264649951,0.4406779661016949,0.6995515695067265,0.3574931809278514,0.1553672316384181,0.8870967741935484
oc_12_1000_1500_1_5_p019_0880_1,33.714285714285715,0.8772591299987066,0.9706061532431903,0.3672879110051933,0.3093668346870204,0.2585034013605442,0.40860215053763443,0.16262768173551678,0.027210884353741496,1.0
oc_12_1000_1500_1_5_p019_0870_1,32.82119205298013,0.8704866744882525,0.9680614059134521,0.38236036584548894,0.21283038799099427,0.18543046357615894,0.28865979381443296,0.18100198723909747,0.039735099337748346,0.8571428571428571
oc_12_1000_1000_1_0_p019_0770_1,28.32,0.9009494119430541,0.9765977782108751,0.683492869849843,0.6535289674788926,0.6457142857142857,0.6848484848484848,0.519751994730208,0.3142857142857143,0.8870967741935484
oc_12_2500_1500_1_5_p019_0880_1,13.467391304347826,0.8519456002148442,0.9627651389932381,0.6026624259587146,0.6230512033483224,0.5733695652173914,0.7275862068965517,0.5329444353629543,0.33152173913043476,0.9104477611940298
oc_12_2500_2000_2_0_p019_0900_1,14.323699421965317,0.8311384535827766,0.9557860430026405,0.47796485469824934,0.4972068819287179,0.430635838150289,0.6367521367521367,0.36158899407303846,0.15606936416184972,0.9
oc_12_2500_1500_1_5_p019_0800_1,11.71631205673759,0.8592884606046981,0.963627440044618,0.6621230923012918,0.6990394738082115,0.7021276595744681,0.7425,0.5946288580290883,0.3900709219858156,0.9593023255813954
oc_12_5000_3500_3_5_p019_0830_1,9.53076923076923,0.7876585735086941,0.9439021183345507,0.5002235161095545,0.5690794189595779,0.5538461538461539,0.663594470046083,0.5149160905567287,0.31346153846153846,0.9209039548022598
oc_12_5000_2000_2_0_p019_0870_1,6.572944297082228,0.8033248492913898,0.9465877408056043,0.6350259029812655,0.6858624963409145,0.6618037135278515,0.7908082408874801,0.5522928996141167,0.3541114058355438,0.956989247311828
oc_12_500_4000_4_0_p019_0800_1,112.63636363636364,0.9096731471150062,0.97997472,0.10881007193401482,-0.00867225567786116,0.0,0.0,0.0,0.0,0.0
oc_12_5000_500_0_5_p019_0870_1,6.572944297082228,0.9452071242486878,0.9894470052539405,0.9584864732625114,0.9513616905763075,0.9761273209549072,0.9399744572158365,0.9314618921675237,0.8938992042440318,0.9882697947214076
oc_12_10000_3000_3_1_p019_0920_1,5.518930957683741,0.7641312994131537,0.9340132558934062,0.576698461343087,0.6568477549495182,0.623608017817372,0.7920792079207921,0.569789907394888,0.3830734966592428,0.9555555555555556
oc_12_1000_500_0_5_p019_0770_1,28.32,0.9235297715742464,0.9845768855973495,0.7848365245563063,0.8161922134160157,0.8057142857142857,0.8392857142857143,0.8023300347110561,0.6742857142857143,0.9672131147540983
oc_12_5000_3500_3_5_p019_0880_1,11.0625,0.8260488901669647,0.9541586972612879,0.5407982304172585,0.5962336197945641,0.5290178571428571,0.7360248447204969,0.4915798308218633,0.27232142857142855,0.953125
oc_12_5000_3500_3_5_p019_0770_1,8.694736842105263,0.8280557158957015,0.9561218964893232,0.62849994736513,0.6955436114711416,0.643859649122807,0.8119469026548672,0.5961466090667186,0.40350877192982454,0.9504132231404959
oc_12_2500_3500_3_5_p019_0800_1,18.087591240875913,0.8498993008004898,0.960823862332696,0.5329152974055305,0.5295362763778387,0.5583941605839416,0.5503597122302158,0.39578602595631945,0.17153284671532848,0.9591836734693877
oc_12_2500_1000_1_0_p019_0770_1,11.36697247706422,0.8883169951705386,0.97156646884273,0.7704360887402943,0.765430583226093,0.7889908256880734,0.780045351473923,0.7094687817424278,0.5527522935779816,0.9525691699604744
oc_12_2500_2000_2_0_p019_0920_1,15.987096774193548,0.8071813815217341,0.949849753133308,0.37161472751873925,0.404364429294735,0.3580645161290323,0.5235849056603774,0.29241874782509675,0.13548387096774195,0.7
oc_12_500_1500_1_5_p019_0900_1,71.82608695652173,0.8918507106328751,0.9756870049751244,0.14266056269313032,0.005693422235245136,0.014492753623188406,0.02040816326530612,0.0,0.0,0.0
oc_12_500_1000_1_0_p019_0900_1,71.82608695652173,0.9090820719519298,0.9809203582089552,0.32500128979738985,0.23933978598418987,0.15942028985507245,0.3793103448275862,0.0,0.0,0.0
oc_12_1000_2000_2_0_p019_0880_1,33.714285714285715,0.8778504064738101,0.9704120713305898,0.33022227642869995,0.24815065702616956,0.1564625850340136,0.4339622641509434,0.0,0.0,0.0
oc_12_2500_2000_2_0_p019_0710_1,10.964601769911505,0.8180577692884152,0.952257100591716,0.5672436505714034,0.6101636820657828,0.6106194690265486,0.6731707317073171,0.5973264538548798,0.4314159292035398,0.8863636363636364
oc_12_5000_1000_1_0_p019_0710_1,5.482300884955753,0.8859521328171269,0.9714645733788396,0.8585691691320749,0.8677761553033442,0.8871681415929203,0.8891352549889135,0.8040916127791288,0.7267699115044248,0.946685878962536
oc_12_5000_2000_2_0_p019_0800_1,5.858156028368795,0.7969014836952599,0.945053981385729,0.6438501477974655,0.7121950238706314,0.6867612293144209,0.8194640338504936,0.6082297672944552,0.42907801418439717,0.9577836411609498
oc_12_10000_3000_3_1_p019_0710_1,3.480337078651685,0.7706409480900334,0.9376408777429467,0.6891482039566719,0.7689703372040125,0.7633426966292135,0.8737942122186495,0.6845192938504051,0.5596910112359551,0.9602409638554217
oc_12_500_3000_3_1_p019_0870_1,86.94736842105263,0.8995961376620648,0.9784406941950927,0.24813315118145096,0.1513619188786487,0.17543859649122806,0.14925373134328357,0.0,0.0,0.0
oc_12_2500_1500_1_5_p019_0870_1,13.145888594164456,0.8602358096248965,0.9640784549034315,0.648079528021587,0.6602063216529548,0.6525198938992043,0.7151162790697675,0.5281054051595327,0.3209549071618037,0.9236641221374046
oc_12_1000_3000_3_1_p019_0710_1,35.148936170212764,0.8723323609540271,0.9684557975279576,0.3649938916741644,0.2733296011441061,0.24822695035460993,0.33980582524271846,0.3477409753501875,0.14893617021276595,0.84
oc_12_5000_1500_1_5_p019_0830_1,6.095940959409594,0.8252876219828476,0.9521569769457445,0.7162073122678674,0.7424773392418629,0.7527675276752768,0.8031496062992126,0.6739794190716322,0.5584255842558425,0.8972332015810277
oc_12_5000_2000_2_0_p019_0830_1,6.095940959409594,0.8034101783349389,0.9474016293985092,0.6668270066940003,0.7286711154712464,0.7146371463714637,0.8171589310829818,0.5853276808339586,0.4231242312423124,0.91005291005291
oc_12_1000_2500_2_6_p019_0920_1,42.724137931034484,0.8570527530821437,0.9654059936908518,0.1339091940211391,0.11822982035818366,0.12931034482758622,0.14563106796116504,0.0,0.0,0.0
oc_12_10000_2000_2_0_p019_0710_1,2.742667404537908,0.7866347727359143,0.9396558923554635,0.7297720874879876,0.791698019056794,0.7780852241283895,0.9118028534370947,0.7038246017221385,0.5915882678472607,0.9753649635036497
oc_12_2500_500_0_5_p019_0920_1,15.987096774193548,0.9251772489242964,0.9849938473224459,0.9380674110883687,0.8910047236046802,0.9483870967741935,0.8497109826589595,0.8552068011631329,0.7870967741935484,0.9457364341085271
oc_12_2500_3500_3_5_p019_0870_1,21.17948717948718,0.8559569030042202,0.9639552986512524,0.44181463353228434,0.45266128317260285,0.4230769230769231,0.532258064516129,0.3070452670828403,0.09829059829059829,1.0
oc_12_1000_500_0_5_p019_0800_1,29.152941176470588,0.9339826862149961,0.9866609442060086,0.912399956083498,0.8364306777476241,0.9294117647058824,0.7632850241545893,0.7619832323987101,0.6176470588235294,0.9545454545454546
oc_12_500_1000_1_0_p019_0770_1,56.96551724137931,0.9054942057099007,0.9793729129486417,0.44938513978250505,0.3196944782264624,0.27586206896551724,0.39344262295081966,0.36013190694307934,0.16091954022988506,0.8235294117647058
oc_12_2500_3000_3_1_p019_0710_1,13.805013927576601,0.8294776445240136,0.9558083913452493,0.5429635285392302,0.5593416869903215,0.5821727019498607,0.5954415954415955,0.5132736689094562,0.3203342618384401,0.8778625954198473
oc_12_10000_2500_2_6_p019_0880_1,3.552688172043011,0.724835060706728,0.9242878286883955,0.6166152818089501,0.7078565662481855,0.6616487455197133,0.8773764258555133,0.5982295660270596,0.4437275985663082,0.9537750385208013
oc_12_10000_3500_3_5_p019_0880_1,5.53125,0.785250003624852,0.942453041695147,0.6337197888215861,0.709186882598943,0.6674107142857143,0.8387096774193549,0.6090209813705799,0.43973214285714285,0.9448441247002398
oc_12_10000_2000_2_0_p019_0830_1,3.047970479704797,0.757854943269753,0.9337188696444849,0.6967437379036195,0.770005882575995,0.7915129151291513,0.8585723815877252,0.6726950593440472,0.5510455104551045,0.9613733905579399
oc_12_500_2000_2_0_p019_0800_1,59.0,0.8934953701682652,0.9747501587301587,0.2849256309950001,0.20235812507423956,0.21428571428571427,0.21686746987951808,0.0,0.0,0.0
oc_12_5000_1000_1_0_p019_0770_1,5.690011481056257,0.8882337925314223,0.9709970825467651,0.8643631146864044,0.8682601615071928,0.9024110218140069,0.8743047830923248,0.7645884118000683,0.6601607347876005,0.9504132231404959
oc_12_500_1500_1_5_p019_0920_1,79.93548387096774,0.8891231280059827,0.9756725388601036,0.019034214857386766,0.00503443068734928,0.016129032258064516,0.017543859649122806,-0.0022333995783881816,0.0,0.0
oc_12_10000_2000_2_0_p019_0900_1,3.591304347826087,0.7626883657833554,0.9349469696969697,0.6808330549133077,0.7542631182812934,0.7289855072463768,0.8824561403508772,0.6409550032122027,0.5065217391304347,0.945872801082544
oc_12_10000_3000_3_1_p019_0880_1,4.489130434782608,0.7652182584222984,0.9355390099009901,0.6322845693129489,0.7175743170376261,0.6711956521739131,0.8646441073512252,0.5974572928194766,0.42934782608695654,0.9537223340040242
oc_12_500_3000_3_1_p019_0710_1,69.80281690140845,0.8921358351211062,0.9767600556992242,0.17285107288318213,0.20321391690255533,0.2112676056338028,0.21739130434782608,0.23576801175401454,0.056338028169014086,1.0
oc_12_2500_3000_3_1_p019_0870_1,17.512367491166078,0.8336013389131038,0.9572187058598969,0.41725791638175314,0.44101642121437856,0.37809187279151946,0.5721925133689839,0.28564305865304274,0.10247349823321555,0.8529411764705882
oc_12_1000_2000_2_0_p019_0710_1,27.38121546961326,0.8597836479160403,0.9663785088573097,0.36056183733016955,0.4228475090039009,0.35911602209944754,0.5371900826446281,0.3832510955028082,0.19337016574585636,0.7954545454545454
oc_12_10000_1500_1_5_p019_0920_1,4.009708737864078,0.7977576863445298,0.9437307493540051,0.7273675168936888,0.7698102911442601,0.8171521035598706,0.8145161290322581,0.6659025456476517,0.5428802588996764,0.9345403899721448
oc_12_2500_2500_2_6_p019_0920_1,16.5752508361204,0.8124081177267002,0.952517297811608,0.3272464739905887,0.38553281530835315,0.3110367892976589,0.543859649122807,0.23921702804071138,0.07023411371237458,0.875
oc_12_2500_500_0_5_p019_0870_1,13.145888594164456,0.9355098585355095,0.986990586911682,0.9407092871674508,0.9157401874215703,0.9602122015915119,0.8850855745721271,0.8804473452679855,0.8090185676392573,0.9744408945686901
oc_12_10000_1500_1_5_p019_0800_1,2.9290780141843973,0.8131731640499162,0.9502209386281588,0.7851415077102701,0.8340337184219485,0.8404255319148937,0.9097888675623801,0.7431538216141035,0.6625295508274232,0.9524214103653356
oc_12_500_3000_3_1_p019_0880_1,85.44827586206897,0.9074080376026776,0.9809975269246111,0.10387895159700622,0.10652919726115756,0.08620689655172414,0.15151515151515152,0.18465501997363643,0.034482758620689655,1.0
oc_12_500_2500_2_6_p019_0800_1,61.18518518518518,0.885854005469612,0.9747103434584078,0.16524401209848028,0.1445724769166747,0.13580246913580246,0.18032786885245902,0.04134241987360547,0.012345679012345678,0.16666666666666666
oc_12_5000_3000_3_1_p019_0830_1,7.904306220095694,0.7874170496419874,0.9420563854558481,0.5447251604120209,0.5987895888581358,0.5757575757575758,0.7092337917485265,0.5286079055779739,0.32854864433811803,0.9363636363636364
oc_12_1000_500_0_5_p019_0920_1,39.96774193548387,0.9195413953444855,0.9839505511811024,0.8730345223199814,0.7673242396307295,0.9032258064516129,0.6627218934911243,0.7329982607927609,0.6290322580645161,0.8666666666666667
oc_12_5000_500_0_5_p019_0880_1,6.742857142857143,0.9460052392067667,0.9902802319451766,0.9707689414018786,0.9648637897906756,0.9877551020408163,0.9515072083879423,0.912674193129288,0.8666666666666667,0.9830246913580247
oc_12_10000_3000_3_1_p019_0900_1,4.8116504854368936,0.7447203738024646,0.928913598396258,0.5786476219182087,0.6674025991351449,0.6504854368932039,0.7938388625592417,0.5684937814137245,0.3912621359223301,0.9482352941176471
oc_12_5000_2500_2_6_p019_0880_1,7.130935251798562,0.7685881386179017,0.9386082463280835,0.5303712206193827,0.6253171035972839,0.5553956834532374,0.7909836065573771,0.5076398271296084,0.31366906474820144,0.919831223628692
oc_12_500_1500_1_5_p019_0800_1,59.0,0.8927977591458239,0.9754225396825397,0.315830372494584,0.3140292791196623,0.32142857142857145,0.32926829268292684,0.22870973511240703,0.09523809523809523,0.5714285714285714
oc_12_5000_1500_1_5_p019_0880_1,6.742857142857143,0.8264398655749821,0.9546675101036725,0.7049076978406614,0.7511823828993074,0.7387755102040816,0.8264840182648402,0.6295584304548435,0.46258503401360546,0.9392265193370166
oc_12_10000_4000_4_0_p019_0770_1,5.211356466876971,0.8379009819444038,0.9584717792449636,0.7453767333698759,0.8203777765579892,0.7823343848580442,0.916256157635468,0.6915792708916848,0.5331230283911672,0.9825581395348837
oc_12_500_2000_2_0_p019_0710_1,55.06666666666667,0.8852789358510942,0.9744434403487912,0.18359827303419995,0.23831436882020016,0.2,0.3103448275862069,0.05813963528960873,0.011111111111111112,0.3333333333333333
oc_12_2500_2500_2_6_p019_0830_1,12.973821989528796,0.8048423816363126,0.9483180217309853,0.42814841886818356,0.46736839916462725,0.41361256544502617,0.6007604562737643,0.3659387285016984,0.17277486910994763,0.8461538461538461
oc_12_10000_1500_1_5_p019_0830_1,3.047970479704797,0.8210057350265282,0.9495647523549073,0.7829164212192106,0.8172285790033866,0.8542435424354243,0.8697557921102066,0.7443575339492862,0.6562115621156211,0.958670260557053
oc_12_2500_2000_2_0_p019_0800_1,11.71631205673759,0.827426520552997,0.9537032162111917,0.5553616357982591,0.5759346814860578,0.557919621749409,0.659217877094972,0.470572448018052,0.2647754137115839,0.9032258064516129
oc_12_2500_4000_4_0_p019_0920_1,39.648,0.870865933270126,0.9698727022239717,0.24125565644822122,0.21703409425388107,0.192,0.2823529411764706,0.211287157257425,0.064,0.7272727272727273
oc_12_2500_1500_1_5_p019_0710_1,10.964601769911505,0.8567775739528063,0.9617011834319527,0.6708904170645271,0.6768805799484866,0.6924778761061947,0.7146118721461188,0.6363076102047575,0.46017699115044247,0.9327354260089686
oc_12_5000_1500_1_5_p019_0900_1,7.172214182344429,0.8438861808679087,0.9584065167345494,0.7215293653240176,0.7559667940062103,0.7250361794500724,0.8462837837837838,0.6153791763616435,0.44283646888567296,0.9357798165137615
oc_12_10000_1000_1_0_p019_0880_1,3.3714285714285714,0.8909378790605911,0.9728776844070962,0.894367693393969,0.907237393628651,0.9428571428571428,0.9148514851485149,0.8389563460525237,0.7877551020408163,0.9633943427620633
oc_12_10000_3500_3_5_p019_0920_1,7.193033381712627,0.804647986715474,0.9448177147918512,0.6019224130262391,0.6531001806819261,0.6298984034833092,0.7587412587412588,0.5761135209502717,0.37300435413642963,0.9734848484848485
oc_12_2500_3000_3_1_p019_0880_1,17.7,0.835917212455596,0.9581552330022918,0.3838586997742621,0.42031157962181687,0.31785714285714284,0.6137931034482759,0.2851271276811888,0.08928571428571429,0.9615384615384616
oc_12_1000_4000_4_0_p019_0880_1,71.82608695652173,0.9130564834980337,0.982276776119403,0.3210220135217753,0.32134568745294007,0.18840579710144928,0.5652173913043478,0.0,0.0,0.0
oc_12_10000_3000_3_1_p019_0870_1,4.3321678321678325,0.7726636381341321,0.9368918032786885,0.6480865859469369,0.7257690535178846,0.6966783216783217,0.8542336548767417,0.6256823658690336,0.46503496503496505,0.9602888086642599
oc_12_2500_1000_1_0_p019_0870_1,13.145888594164456,0.8812538035648841,0.970685167822989,0.7707455382763155,0.7710891993644693,0.8196286472148541,0.7573529411764706,0.6368756730318883,0.47745358090185674,0.8955223880597015
oc_12_5000_1000_1_0_p019_0880_1,6.742857142857143,0.8920221198969087,0.9736999472851872,0.8609484448240426,0.8619769618607224,0.8816326530612245,0.8780487804878049,0.775329888624545,0.6775510204081633,0.941398865784499
oc_12_500_500_0_5_p019_0800_1,59.0,0.91714666127992,0.9810520634920635,0.750376290188298,0.510177539435069,0.5833333333333334,0.46226415094339623,0.5863396799701837,0.38095238095238093,0.9142857142857143
oc_12_2500_1500_1_5_p019_0830_1,12.176904176904177,0.8327773888270499,0.9563578594070483,0.6314475005606166,0.6296853661974043,0.6535626535626535,0.6616915422885572,0.5798732098221195,0.4348894348894349,0.8309859154929577
oc_12_10000_1500_1_5_p019_0870_1,3.286472148541114,0.822563823122977,0.9507514851485148,0.7841342184929003,0.8239364274940381,0.8461538461538461,0.8824343015214384,0.7155284044345828,0.6147214854111406,0.9517453798767967
oc_12_5000_4000_4_0_p019_0710_1,9.698630136986301,0.8412727725039703,0.958949332357783,0.6782612790594731,0.6997094751032829,0.7240704500978473,0.7312252964426877,0.6634939061664487,0.48336594911937375,0.96484375
oc_12_5000_4000_4_0_p019_0880_1,14.200573065902578,0.8586101696377948,0.9641177756833176,0.6296208960440985,0.6138126541618322,0.5472779369627507,0.7374517374517374,0.5484720223597948,0.3495702005730659,0.9104477611940298
oc_12_1000_2500_2_6_p019_0800_1,30.782608695652176,0.8677813469552483,0.968399609145984,0.3343742262036301,0.34674180594753734,0.2608695652173913,0.5,0.11447020140061916,0.037267080745341616,0.4
oc_12_2500_4000_4_0_p019_0710_1,19.284046692607003,0.8615351440562019,0.9647656244005371,0.5794900203835475,0.5920124449623442,0.6108949416342413,0.61328125,0.5582630167694609,0.33073929961089493,0.9770114942528736
oc_12_1000_1000_1_0_p019_0710_1,27.38121546961326,0.8879713541701137,0.9720758419310882,0.591736105378371,0.5611234948437201,0.6022099447513812,0.5532994923857868,0.5506362399512604,0.3425414364640884,0.9117647058823529
oc_12_10000_500_0_5_p019_0830_1,3.047970479704797,0.9430704046746149,0.9891619568520207,0.9711103719044362,0.9760283112803749,0.9876998769987699,0.9762917933130699,0.9263854759648367,0.8997539975399754,0.9891818796484111
oc_12_500_2000_2_0_p019_0830_1,61.18518518518518,0.8798794158511055,0.9714194957315863,0.147982874553529,0.11000260492038726,0.12345679012345678,0.125,0.0,0.0,0.0
oc_12_1000_1000_1_0_p019_0830_1,30.404907975460123,0.8922307145992552,0.9747803867942958,0.6520062293791009,0.5310808736513218,0.5460122699386503,0.5460122699386503,0.4495564885590803,0.26380368098159507,0.7962962962962963
oc_12_500_4000_4_0_p019_0880_1,145.76470588235293,0.9247947828177085,0.9850715831663327,0.1521491166500727,0.11961162805719834,0.11764705882352941,0.13333333333333333,0.0,0.0,0.0
oc_12_500_3500_3_5_p019_0800_1,90.10909090909091,0.9070081571029799,0.9799241668329675,0.1339702916122646,0.013718011097148448,0.01818181818181818,0.027777777777777776,0.0,0.0,0.0
oc_12_2500_500_0_5_p019_0880_1,13.467391304347826,0.9416225615511523,0.9889899323816679,0.9451238006546643,0.9230303278609481,0.9619565217391305,0.8962025316455696,0.908162922703204,0.8695652173913043,0.960960960960961
oc_12_10000_2000_2_0_p019_0770_1,2.8450057405281286,0.7805525264971191,0.9382843833980292,0.7258938247504803,0.7930364030075634,0.8111366245694603,0.8792781580584941,0.7032072531136409,0.5993111366245695,0.9613259668508287
oc_12_1000_2000_2_0_p019_0870_1,32.82119205298013,0.8647642097614493,0.9665619737615039,0.28573356082822765,0.19363946556124975,0.16556291390728478,0.2717391304347826,0.0,0.0,0.0
oc_12_10000_3500_3_5_p019_0870_1,5.294871794871795,0.7830581714831385,0.939712695179905,0.6363617986180529,0.7002093144446454,0.7126068376068376,0.7801169590643274,0.6081183650619504,0.42735042735042733,0.9685230024213075
oc_12_10000_4000_4_0_p019_0920_1,10.012121212121212,0.8101805965101782,0.9484169510181618,0.5220483361791681,0.5825632639611188,0.5353535353535354,0.7066666666666667,0.509472137783703,0.2828282828282828,0.9859154929577465
oc_12_10000_500_0_5_p019_0920_1,4.009708737864078,0.9390277489643738,0.9877733850129199,0.9514412448730262,0.959354705467414,0.9587378640776699,0.9761120263591433,0.9039431626023426,0.8592233009708737,0.987906976744186
oc_12_500_500_0_5_p019_0710_1,55.06666666666667,0.9214730118852563,0.9835183511692429,0.8561009013058547,0.6500292011563887,0.7555555555555555,0.5714285714285714,0.6021366524322961,0.37777777777777777,0.9714285714285714
oc_12_2500_1500_1_5_p019_0900_1,14.323699421965317,0.8500897807396212,0.9616950584685025,0.5865936909141148,0.6157206311314706,0.5664739884393064,0.717948717948718,0.4134247787320197,0.2138728323699422,0.8604651162790697
oc_12_500_3500_3_5_p019_0710_1,82.6,0.8951223387011398,0.9754787878787878,0.2521661986970738,0.10391294068134607,0.13333333333333333,0.10126582278481013,-0.002691669611298756,0.0,0.0
oc_12_1000_3500_3_5_p019_0900_1,60.4390243902439,0.8866479631411217,0.9746429535529972,0.08202964361527276,-0.010284207813356927,0.0,0.0,0.0,0.0,0.0
oc_12_5000_3000_3_1_p019_0920_1,10.964601769911505,0.799028464690246,0.9462849112426035,0.46597328025334683,0.5215412455382351,0.5022123893805309,0.6185286103542235,0.4557780981642936,0.2345132743362832,0.954954954954955
oc_12_10000_3000_3_1_p019_0770_1,3.6201607012417822,0.7669891408205908,0.9372478735177865,0.681874177070827,0.7633345002862766,0.7297297297297297,0.8959641255605382,0.6688926406989019,0.5339663988312637,0.9618421052631579
oc_12_500_3500_3_5_p019_0920_1,137.66666666666666,0.9042844119627982,0.9786442307692308,0.025366770592027743,-0.009712705909271499,0.0,0.0,0.0,0.0,0.0
oc_12_1000_1000_1_0_p019_0800_1,29.152941176470588,0.8919321105086782,0.9739936012485368,0.5964020553219438,0.5590788263785583,0.5941176470588235,0.554945054945055,0.4998296329802387,0.29411764705882354,0.8771929824561403
oc_12_5000_3000_3_1_p019_0880_1,8.881720430107526,0.7971277533758869,0.946441494377947,0.5355041511240958,0.6122613090705814,0.5501792114695341,0.7561576354679803,0.515189410316082,0.3118279569892473,0.93048128342246
oc_12_2500_3500_3_5_p019_0880_1,22.425339366515836,0.8597287236877593,0.9655544137531389,0.3765232259609044,0.41107369268008226,0.3076923076923077,0.5964912280701754,0.3428844417119874,0.12217194570135746,1.0
oc_12_10000_3000_3_1_p019_0830_1,3.9584664536741214,0.7447999202724332,0.9302971649484536,0.6263031055452473,0.7183419144921611,0.7092651757188498,0.8361581920903954,0.6265490541921117,0.48003194888178913,0.9464566929133859
oc_12_5000_1500_1_5_p019_0870_1,6.572944297082228,0.8354845434946827,0.954293520140105,0.7239769806362124,0.7271252589775163,0.726790450928382,0.7976710334788938,0.6212437974714905,0.46021220159151194,0.9253333333333333
oc_12_5000_1000_1_0_p019_0920_1,8.019417475728156,0.8779011898734335,0.9682451381413707,0.8107976632080096,0.8105015644756696,0.8478964401294499,0.8161993769470405,0.6972587147807698,0.5744336569579288,0.907928388746803
oc_12_10000_2000_2_0_p019_0880_1,3.3714285714285714,0.7756682292219809,0.9375823218176159,0.7013607754486658,0.7648245770409635,0.7340136054421769,0.8991666666666667,0.6515679907308832,0.5183673469387755,0.9560853199498118
oc_12_2500_1000_1_0_p019_0920_1,15.987096774193548,0.8810514414013465,0.9697823015571592,0.7773662696602751,0.711569531919196,0.7774193548387097,0.6846590909090909,0.5354060838100182,0.3709677419354839,0.8214285714285714
oc_12_5000_3500_3_5_p019_0900_1,12.206896551724139,0.8149749614332689,0.9503325624766878,0.4781192386042723,0.514402901518738,0.4605911330049261,0.6448275862068965,0.40380217737208557,0.18719211822660098,0.9382716049382716
oc_12_1000_4000_4_0_p019_0830_1,58.305882352941175,0.8743765348813948,0.9716608609402896,0.16743710138280954,0.150379812942126,0.16470588235294117,0.16470588235294117,0.10755755413256846,0.011764705882352941,1.0
oc_12_500_2500_2_6_p019_0880_1,69.80281690140845,0.8959663616449568,0.9779593395663417,0.0951839979252842,0.07992105292258447,0.056338028169014086,0.13793103448275862,0.0,0.0,0.0
oc_12_1000_2000_2_0_p019_0770_1,28.32,0.8805528013187399,0.9713443773143636,0.492833582041988,0.49128417889039716,0.4057142857142857,0.6283185840707964,0.3940281132443301,0.1657142857142857,0.9666666666666667
oc_12_5000_1500_1_5_p019_0770_1,5.690011481056257,0.8378448583171847,0.9573318688862194,0.7567399453766951,0.7887691379160989,0.7944890929965557,0.8449328449328449,0.6951065281351393,0.5694603903559128,0.9305816135084428
oc_12_500_3000_3_1_p019_0770_1,73.97014925373135,0.8974231568140297,0.9777815648019113,0.15795122694771946,0.17298552058149477,0.16417910447761194,0.2037037037037037,0.18127980064327007,0.04477611940298507,0.75
oc_12_10000_2500_2_6_p019_0920_1,4.2107051826678,0.7355674798329029,0.9242758845589434,0.5780910164672177,0.645885855799624,0.6100254885301615,0.8112994350282486,0.5337704366217622,0.3389974511469839,0.9803439803439803
oc_12_10000_500_0_5_p019_0710_1,2.742667404537908,0.9493388848172478,0.9906446251663463,0.9740307633972773,0.981114162660214,0.9856115107913669,0.9867036011080332,0.9279761525626358,0.9031543995572773,0.9908925318761385
oc_12_5000_4000_4_0_p019_0900_1,16.249180327868853,0.8523882894141954,0.9634150161566242,0.554452153474235,0.5909228684545879,0.5508196721311476,0.680161943319838,0.4468291726794389,0.22295081967213115,0.9444444444444444
oc_12_500_1500_1_5_p019_0830_1,61.18518518518518,0.8955091632198604,0.974822791344054,0.3339913199830309,0.1793084663061093,0.19753086419753085,0.18823529411764706,0.23271056411486657,0.07407407407407407,0.75
oc_12_5000_500_0_5_p019_0770_1,5.690011481056257,0.9421536037239486,0.9886767118585893,0.9597992868896636,0.9631885495537161,0.9770378874856487,0.9604966139954854,0.919413001354143,0.8760045924225028,0.9883419689119171
oc_12_5000_2000_2_0_p019_0920_1,8.019417475728156,0.7934406191712271,0.9440978830283459,0.5875059541458219,0.6306361960938197,0.6343042071197411,0.7063063063063063,0.4707685472708155,0.27993527508090615,0.8871794871794871
oc_12_500_3000_3_1_p019_0900_1,97.17647058823529,0.9023542858952783,0.9795940083882564,0.09571801458041218,0.10908006700457296,0.09803921568627451,0.1388888888888889,-0.0028683634733366707,0.0,0.0
oc_12_2500_1000_1_0_p019_0710_1,10.964601769911505,0.8758761776260493,0.9695843195266273,0.7791673827075122,0.7843943611558246,0.8185840707964602,0.7872340425531915,0.7375792283228744,0.6261061946902655,0.909967845659164
oc_12_10000_3500_3_5_p019_0830_1,4.760806916426513,0.7728038511520432,0.9374588627647157,0.6340428004125676,0.7125688928647224,0.7002881844380403,0.8209459459459459,0.6370102430583872,0.47070124879923153,0.9683794466403162
oc_12_2500_3000_3_1_p019_0900_1,19.284046692607003,0.8530461409877018,0.9625698829848456,0.4566148164270202,0.4767456952984434,0.377431906614786,0.6510067114093959,0.3242203835978157,0.12840466926070038,0.868421052631579
oc_12_1000_1500_1_5_p019_0800_1,29.152941176470588,0.8809085805457597,0.9715617635583301,0.5087331481523434,0.4684345582519937,0.4411764705882353,0.5319148936170213,0.3368512412899337,0.14705882352941177,0.8064516129032258
oc_12_500_2000_2_0_p019_0900_1,71.82608695652173,0.896267069675132,0.9767418905472637,0.1762402709961356,-0.010832734474982366,0.0,0.0,0.0,0.0,0.0
oc_12_500_1500_1_5_p019_0770_1,56.96551724137931,0.8888420530423143,0.9739605790204243,0.2958639550170509,0.2498459588550743,0.26436781609195403,0.26136363636363635,0.2469690259755538,0.08045977011494253,0.7777777777777778
oc_12_1000_2000_2_0_p019_0830_1,30.404907975460123,0.8606753351948915,0.9655095135768705,0.3570750711101748,0.34515520343706824,0.37423312883435583,0.3588235294117647,0.22127488224910838,0.06134969325153374,0.8333333333333334
oc_12_1000_3500_3_5_p019_0800_1,44.25,0.8798316493331838,0.9723567482241515,0.24129388444660194,0.1993633953801815,0.16071428571428573,0.28125,0.2112524966056036,0.05357142857142857,0.8571428571428571
oc_12_500_2500_2_6_p019_0920_1,84.0,0.8800590865283563,0.9732441076769691,0.004163920558955647,-0.012006437175952057,0.0,0.0,-0.0015408777786805976,0.0,0.0
oc_12_1000_500_0_5_p019_0710_1,27.38121546961326,0.9261177942313003,0.9836564531827915,0.8993938497839402,0.7932004516913829,0.9226519337016574,0.6958333333333333,0.7893768847158421,0.6740331491712708,0.9384615384615385
oc_12_1000_4000_4_0_p019_0920_1,99.12,0.8943113673285737,0.9763103475829005,0.12021677690917854,0.03763497611553136,0.06,0.04054054054054054,-0.002840386928046451,0.0,0.0
oc_12_1000_1000_1_0_p019_0920_1,39.96774193548387,0.8996561438208069,0.97512,0.6071015519143981,0.4624877234148792,0.5080645161290323,0.44680851063829785,0.32215613200642756,0.12096774193548387,0.8823529411764706
oc_12_1000_3500_3_5_p019_0770_1,43.473684210526315,0.8950061207522384,0.9749330177514793,0.4628372021314284,0.39802027354426484,0.4298245614035088,0.3951612903225806,0.3771910680559309,0.17543859649122806,0.8333333333333334
oc_12_10000_1000_1_0_p019_0900_1,3.591304347826087,0.881065473869736,0.970370202020202,0.8779433016170736,0.8937359180439691,0.9144927536231884,0.9191551347414421,0.809275556766689,0.744927536231884,0.957169459962756
oc_12_10000_2000_2_0_p019_0920_1,4.009708737864078,0.7337524442815011,0.9265514211886305,0.6275224548442675,0.6939494379920047,0.7063106796116505,0.7987191216834401,0.5719656159186329,0.4344660194174757,0.8994974874371859
oc_12_1000_3000_3_1_p019_0880_1,44.648648648648646,0.8759701531349229,0.9712018946121965,0.1799426243433565,0.09971849889599849,0.09009009009009009,0.14705882352941177,0.0,0.0,0.0
oc_12_10000_2000_2_0_p019_0870_1,3.286472148541114,0.7604032115833526,0.9335383663366337,0.6913081099870931,0.7557539104527894,0.7639257294429708,0.8571428571428571,0.6347489063667544,0.506631299734748,0.9420468557336621
oc_12_5000_4000_4_0_p019_0830_1,11.913461538461538,0.8258152763937451,0.9545498138495905,0.5449323026667664,0.5877848584413939,0.5793269230769231,0.6584699453551912,0.5575969136562782,0.3557692307692308,0.9308176100628931
oc_12_10000_4000_4_0_p019_0830_1,5.9,0.7997411247311861,0.9462363008971705,0.6366066351011469,0.7134853575914748,0.6797619047619048,0.8287373004354136,0.6660445162006482,0.4988095238095238,0.9721577726218097
oc_12_500_2500_2_6_p019_0870_1,68.83333333333333,0.8935666257433027,0.9761368337311058,0.12210856446482321,0.06459332129397773,0.06944444444444445,0.0847457627118644,0.0,0.0,0.0
oc_12_2500_3500_3_5_p019_0920_1,28.982456140350877,0.8594941652985987,0.964958533255315,0.3543794764275645,0.3502898677123947,0.3567251461988304,0.3860759493670886,0.2925821131699085,0.09941520467836257,0.8947368421052632
oc_12_2500_2500_2_6_p019_0900_1,15.249230769230769,0.8232814841205449,0.9548712743798523,0.45010558840228254,0.4853100696076345,0.4430769230769231,0.5925925925925926,0.3538143549404368,0.13230769230769232,1.0
oc_12_1000_500_0_5_p019_0880_1,33.714285714285715,0.9341512082238322,0.9875643347050754,0.9255501981089402,0.8247608154561423,0.8979591836734694,0.7674418604651163,0.7667271598321646,0.6462585034013606,0.9223300970873787
oc_12_5000_500_0_5_p019_0800_1,5.858156028368795,0.9461963614397905,0.9903186487418132,0.9695329616205611,0.9668942546214343,0.975177304964539,0.9683098591549296,0.9252016976217362,0.8900709219858156,0.9830287206266318
oc_12_2500_1000_1_0_p019_0900_1,14.323699421965317,0.8970382128318946,0.9737753300641268,0.7518042271299967,0.7461872092528219,0.7398843930635838,0.7852760736196319,0.6032524373136432,0.42485549132947975,0.901840490797546
oc_12_1000_1500_1_5_p019_0830_1,30.404907975460123,0.8745096974664717,0.9683056847040438,0.49018186547507814,0.42190492345342323,0.44171779141104295,0.43902439024390244,0.3554412818382243,0.147239263803681,0.8888888888888888
oc_12_2500_500_0_5_p019_0900_1,14.323699421965317,0.9377448168960456,0.9883337608449642,0.9440837044371515,0.9376702820397049,0.9566473988439307,0.927170868347339,0.9156462664977325,0.8786127167630058,0.9650793650793651
oc_12_500_2500_2_6_p019_0770_1,60.4390243902439,0.8913021757182898,0.9760587534736006,0.1565291933597025,0.07446821579808562,0.06097560975609756,0.11904761904761904,0.0,0.0,0.0
oc_12_10000_4000_4_0_p019_0870_1,6.752043596730245,0.7958904978563228,0.9454968014059754,0.6293176913123169,0.6951837714479733,0.7016348773841962,0.7652303120356612,0.5920124224777423,0.42370572207084467,0.9174041297935103
oc_12_1000_4000_4_0_p019_0770_1,52.16842105263158,0.9033944801794576,0.979269055632548,0.40431513688516274,0.41430152402259374,0.3473684210526316,0.515625,0.3374309546007998,0.11578947368421053,1.0
oc_12_500_500_0_5_p019_0880_1,67.89041095890411,0.9289809745676769,0.9852398488765162,0.7427105664705842,0.6250362596010385,0.7123287671232876,0.5591397849462365,0.520647396186264,0.273972602739726,1.0
oc_12_1000_4000_4_0_p019_0800_1,54.46153846153846,0.880789722511153,0.9725146819893006,0.16521788338935284,0.15150402275706606,0.13186813186813187,0.2033898305084746,0.1850633195632784,0.04395604395604396,0.8
oc_12_500_1000_1_0_p019_0710_1,55.06666666666667,0.9016164636642451,0.9768139516448672,0.4963618058369318,0.3911730247359629,0.4111111111111111,0.39361702127659576,0.3743465642600981,0.2,0.72
oc_12_2500_1000_1_0_p019_0800_1,11.71631205673759,0.8935622416687178,0.973702175125488,0.8032048093792632,0.7847943286590806,0.8274231678486997,0.7777777777777778,0.7333170433587478,0.6028368794326241,0.9306569343065694
oc_12_2500_1000_1_0_p019_0830_1,12.176904176904177,0.8827468689081653,0.9701877307477158,0.8210819884895628,0.7501768860362215,0.8206388206388207,0.7229437229437229,0.6663702217953061,0.547911547911548,0.8576923076923076
oc_12_10000_3500_3_5_p019_0770_1,4.324607329842932,0.8095297795882374,0.9490079318256309,0.71657134928234,0.7883566832693453,0.7678883071553229,0.8862034239677744,0.69257671638514,0.5471204188481675,0.9766355140186916
oc_12_1000_1500_1_5_p019_0900_1,35.65467625899281,0.8759396623899756,0.9708972718351325,0.36034510539819864,0.3441213382414482,0.2949640287769784,0.43617021276595747,0.26191879096177956,0.09352517985611511,0.7647058823529411
oc_12_10000_500_0_5_p019_0900_1,3.591304347826087,0.9412771091317549,0.9885702020202021,0.9590779021334773,0.9697792010806603,0.9695652173913043,0.9831006612784717,0.9185173677038124,0.8826086956521739,0.9902439024390244
oc_12_2500_4000_4_0_p019_0800_1,21.736842105263158,0.8653645474261615,0.9672305555555556,0.5584246678474262,0.5777732934315863,0.5701754385964912,0.6220095693779905,0.4545897136091888,0.2675438596491228,0.8133333333333334
oc_12_2500_500_0_5_p019_0770_1,11.36697247706422,0.9385424673848751,0.9881293768545995,0.9360954684762008,0.939343487635109,0.9518348623853211,0.9367945823927766,0.8881759818398689,0.8211009174311926,0.9781420765027322
oc_12_2500_4000_4_0_p019_0900_1,32.18181818181818,0.8742604629429712,0.9690702152641879,0.3942733895462861,0.32317129224735225,0.2792207792207792,0.41346153846153844,0.24433286173477292,0.07792207792207792,0.8
oc_12_500_1000_1_0_p019_0870_1,66.08,0.8998713372391429,0.978181355595309,0.26934879934367595,0.17280370012231516,0.16,0.21052631578947367,0.0,0.0,0.0
oc_12_5000_4000_4_0_p019_0800_1,10.916299559471366,0.8348779387674478,0.9574890942698706,0.6241300027874838,0.6598854255974841,0.6585903083700441,0.7170263788968825,0.6208929144901473,0.43832599118942733,0.9342723004694836
oc_12_500_1000_1_0_p019_0920_1,79.93548387096774,0.8983547532821528,0.976909366281387,0.18687819245439852,0.0988671902006155,0.11290322580645161,0.1076923076923077,-0.0015790945890613883,0.0,0.0
oc_12_1000_500_0_5_p019_0830_1,30.404907975460123,0.9181684913653337,0.9811953897245556,0.8919872563494288,0.7770503263895112,0.9325153374233128,0.6608695652173913,0.7638485187466144,0.6380368098159509,0.9285714285714286
oc_12_1000_500_0_5_p019_0870_1,32.82119205298013,0.9207885697012754,0.9834771098492265,0.9062509760832078,0.8097091096750285,0.9271523178807947,0.717948717948718,0.7667371238384999,0.6622516556291391,0.9009009009009009
oc_12_2500_2000_2_0_p019_0830_1,12.176904176904177,0.819705009447128,0.9516724221517807,0.5428364297176671,0.554399896361176,0.5552825552825553,0.6191780821917808,0.4503977142300102,0.26044226044226043,0.848
oc_12_1000_3000_3_1_p019_0830_1,39.648,0.8564102393097742,0.9640155874827789,0.2191093777575771,0.1509738558114393,0.16,0.18181818181818182,0.04012722606767673,0.016,0.14285714285714285
oc_12_5000_2500_2_6_p019_0710_1,5.7560975609756095,0.7665305754826557,0.9365798177754856,0.586772559124846,0.6511678691102385,0.6329849012775842,0.768688293370945,0.596030921764525,0.41927990708478513,0.94750656167979
oc_12_1000_4000_4_0_p019_0710_1,49.06930693069307,0.8966313473505328,0.9752216729286138,0.44343614160432787,0.2841927568048735,0.32673267326732675,0.275,0.3300938925530595,0.12871287128712872,0.8666666666666667
oc_12_5000_500_0_5_p019_0920_1,8.019417475728156,0.9324029266372722,0.9862085396483674,0.941588637380043,0.9343984486222437,0.9644012944983819,0.9197530864197531,0.9255182762522662,0.8915857605177994,0.9769503546099291
oc_12_5000_4000_4_0_p019_0920_1,19.824,0.8453235529607106,0.9614832116788321,0.4461573471377219,0.4400742841388036,0.396,0.5409836065573771,0.45551787507134506,0.228,0.95
oc_12_10000_4000_4_0_p019_0900_1,7.955056179775281,0.811367848692051,0.9497773794586843,0.6202844866317088,0.6804186213886602,0.6629213483146067,0.7676579925650557,0.5949621228438525,0.420545746388443,0.9192982456140351
oc_12_5000_2500_2_6_p019_0800_1,6.171855541718555,0.7575404126592964,0.9353629449557215,0.5817507596482885,0.6596685515435123,0.6550435865504358,0.7557471264367817,0.5564471582878189,0.39227895392278955,0.8948863636363636
oc_12_10000_1500_1_5_p019_0770_1,2.8450057405281286,0.8208191843679805,0.9499138847417139,0.7873427620220159,0.8256638813169024,0.8507462686567164,0.8895558223289316,0.7566962680658381,0.6802525832376579,0.9571890145395799
oc_12_500_2000_2_0_p019_0870_1,66.08,0.8836646124062019,0.9748751341681574,0.034575686283588425,0.05304749979266216,0.05333333333333334,0.0784313725490196,0.0,0.0,0.0
oc_12_500_4000_4_0_p019_0870_1,130.42105263157896,0.917951452324441,0.9835399279134962,0.17490376924308526,0.049740959321298454,0.05263157894736842,0.06060606060606061,0.0,0.0,0.0
oc_12_10000_3500_3_5_p019_0800_1,4.493200362647325,0.7766240887473893,0.9404567090278924,0.6757430635870001,0.7443691083127284,0.7407071622846781,0.837948717948718,0.6465802808462748,0.5158658204895739,0.9237012987012987
oc_12_5000_3000_3_1_p019_0770_1,7.235036496350365,0.7965464563895344,0.9478483956745258,0.6200186588474685,0.7112506911300251,0.6875912408759124,0.8037542662116041,0.6276523061785686,0.46715328467153283,0.9221902017291066
oc_12_10000_4000_4_0_p019_0880_1,7.0,0.8181676902305487,0.9510576271186441,0.6514971618851496,0.7023169698878772,0.6878531073446328,0.7893030794165316,0.5989339891762726,0.4194915254237288,0.939873417721519
oc_12_1000_2500_2_6_p019_0830_1,32.18181818181818,0.8525743343347895,0.9648081409001957,0.23635968503502947,0.18151440587127277,0.15584415584415584,0.25806451612903225,0.11225219498391645,0.012987012987012988,1.0
oc_12_2500_3500_3_5_p019_0770_1,17.389473684210525,0.8566338608080284,0.9650659034535394,0.5234693825628205,0.570348254376024,0.5052631578947369,0.6889952153110048,0.4782748620951508,0.2631578947368421,0.9146341463414634
oc_12_10000_4000_4_0_p019_0800_1,5.518930957683741,0.8220966403738418,0.9517428083361804,0.7121684370331214,0.7514772288007521,0.7527839643652561,0.824390243902439,0.6769000237790898,0.5389755011135857,0.937984496124031
oc_12_2500_3000_3_1_p019_0920_1,22.026666666666667,0.8373358487321287,0.9603443350704497,0.3471712737955239,0.4100666452369653,0.3466666666666667,0.5342465753424658,0.32672943808277827,0.12,0.9310344827586207
oc_12_5000_3500_3_5_p019_0800_1,8.945848375451263,0.8150685803571485,0.9512949546279492,0.6072187513833449,0.6596767584510933,0.6227436823104693,0.7649667405764967,0.5674278278487652,0.3916967509025271,0.8966942148760331
oc_12_500_500_0_5_p019_0770_1,56.96551724137931,0.9315936176202921,0.9857614911758874,0.7207824149179208,0.6572769143680469,0.6436781609195402,0.6829268292682927,0.6125536465105702,0.3793103448275862,1.0
oc_12_1000_3000_3_1_p019_0770_1,36.71111111111111,0.8721012217897095,0.9703162443527794,0.27022206556907524,0.2849684697533623,0.21481481481481482,0.4142857142857143,0.26170133878054513,0.08888888888888889,0.8
oc_12_500_2500_2_6_p019_0710_1,57.627906976744185,0.8763937033025273,0.9717283617612059,0.14282945759662669,0.14722254564911014,0.16279069767441862,0.16091954022988506,0.0,0.0,0.0
oc_12_1000_2000_2_0_p019_0900_1,35.65467625899281,0.8678721185833355,0.9693833169774289,0.2482454273874546,0.18458285863689142,0.12949640287769784,0.3050847457627119,0.1564249105209098,0.03597122302158273,0.7142857142857143
oc_12_500_3500_3_5_p019_0870_1,105.44680851063829,0.9082245345401063,0.98209458325005,0.02506546649404151,-0.00568632402719434,0.0,0.0,0.0,0.0,0.0
oc_12_10000_2500_2_6_p019_0800_1,3.089775561097257,0.731764320655244,0.9269414634146341,0.659409085651441,0.7465079241187299,0.7425187032418953,0.8687089715536105,0.6249051734334495,0.4981296758104738,0.9411071849234394
oc_12_500_3500_3_5_p019_0830_1,95.3076923076923,0.8938925430283929,0.9771348242811502,0.005686407435430141,-0.011184158208683377,0.0,0.0,0.0,0.0,0.0
oc_12_500_4000_4_0_p019_0830_1,118.0,0.9071382944292526,0.97945706282513,0.3236445424150003,0.13824301975707937,0.19047619047619047,0.11428571428571428,0.0,0.0,0.0
oc_12_1000_4000_4_0_p019_0870_1,67.89041095890411,0.8947203565155515,0.9765189103201432,0.2529945997579496,0.1698257438961563,0.1232876712328767,0.2571428571428571,0.0,0.0,0.0
oc_12_5000_2000_2_0_p019_0770_1,5.690011481056257,0.8007313123568767,0.9446916766775356,0.6448845554016739,0.7017668876072376,0.6739380022962113,0.8164116828929068,0.607864949860888,0.4316877152698048,0.9543147208121827
oc_12_5000_1500_1_5_p019_0920_1,8.019417475728156,0.8307723746001516,0.9525143882310728,0.6768832737140744,0.6771904965696354,0.6731391585760518,0.7509025270758123,0.5141018414336005,0.3284789644012945,0.8942731277533039
oc_12_500_3000_3_1_p019_0800_1,75.0909090909091,0.8968229768523908,0.9770832337714058,0.20399292615632436,0.19471071198109347,0.19696969696969696,0.21311475409836064,0.2490869854179972,0.07575757575757576,0.8333333333333334
oc_12_10000_500_0_5_p019_0870_1,3.286472148541114,0.9454064573633769,0.9899264851485149,0.9658242443718902,0.9718603867379597,0.976790450928382,0.9800399201596807,0.9228285655122611,0.8905835543766578,0.9911439114391144
oc_12_2500_2500_2_6_p019_0770_1,11.85645933014354,0.8051053159043082,0.9501582433941198,0.4928813246717356,0.5522842498118263,0.5095693779904307,0.665625,0.44298121852312317,0.24880382775119617,0.859504132231405
oc_12_5000_2000_2_0_p019_0710_1,5.482300884955753,0.7786171028086799,0.939739795221843,0.6285233369683805,0.7007247546030159,0.6847345132743363,0.8059895833333334,0.625560052323756,0.46792035398230086,0.9358407079646017
oc_12_5000_2500_2_6_p019_0770_1,6.0,0.7692014426068073,0.9390751988931165,0.5963965686684338,0.6924866523608165,0.6561743341404358,0.8150375939849624,0.5889826563563201,0.43825665859564167,0.8938271604938272
oc_12_10000_1500_1_5_p019_0900_1,3.591304347826087,0.8277742781756439,0.9527497474747475,0.7756935424996598,0.8183259792325928,0.8130434782608695,0.9004815409309791,0.7032074463198217,0.5833333333333334,0.961768219832736
oc_12_2500_4000_4_0_p019_0770_1,21.27038626609442,0.8748287191339883,0.9698975525149355,0.5478567327960626,0.5904248930278311,0.5450643776824035,0.675531914893617,0.5657595332326107,0.34334763948497854,0.963855421686747
oc_12_10000_1000_1_0_p019_0870_1,3.286472148541114,0.8862272492098029,0.9716363861386139,0.8967808917269842,0.9098696232675899,0.9496021220159151,0.9132653061224489,0.8235789530440302,0.7692307692307693,0.9594706368899917
oc_12_1000_3500_3_5_p019_0920_1,72.88235294117646,0.8865727689170728,0.9730917197452229,0.10660007052247622,0.026733445481098624,0.04411764705882353,0.0379746835443038,-0.0016527502001300238,0.0,0.0
oc_12_2500_3000_3_1_p019_0830_1,15.634069400630915,0.83551990844799,0.9587738289398824,0.4829849516724265,0.4996355143050804,0.416403785488959,0.6567164179104478,0.37049938434530777,0.15772870662460567,0.9259259259259259
oc_12_500_2000_2_0_p019_0770_1,56.96551724137931,0.885118483871366,0.9732762244695617,0.2051763761852975,0.16936903861797187,0.16091954022988506,0.20588235294117646,-0.0045728149527269855,0.0,0.0
oc_12_2500_3000_3_1_p019_0800_1,15.018181818181818,0.8387022988907111,0.9586469920544836,0.541571271386448,0.542808515035292,0.5181818181818182,0.6240875912408759,0.42525036211759765,0.20909090909090908,0.92
oc_12_10000_2500_2_6_p019_0770_1,2.996372430471584,0.7481130181982261,0.9303973373676249,0.6764707054493058,0.7602004643182031,0.7418379685610641,0.8930131004366813,0.6604683332302526,0.5332527206771464,0.9639344262295082
oc_12_1000_2500_2_6_p019_0900_1,37.54545454545455,0.862160198292554,0.9690600628930818,0.15297080677818575,0.23647006451625932,0.1590909090909091,0.3888888888888889,0.14883114810511228,0.022727272727272728,1.0
oc_12_500_3500_3_5_p019_0770_1,85.44827586206897,0.8984722615751723,0.9787966493817312,0.18391917584501605,0.23563877272206873,0.20689655172413793,0.2857142857142857,0.22617785344764188,0.05172413793103448,1.0
oc_12_10000_500_0_5_p019_0770_1,2.8450057405281286,0.9467277222269175,0.9895362197670946,0.9664877790248971,0.9735799940474084,0.9776119402985075,0.983256351039261,0.9222141282046181,0.8892078071182549,0.9955012853470437
oc_12_500_1000_1_0_p019_0830_1,61.18518518518518,0.8974881498927917,0.975925987691086,0.4426287687993473,0.2750674000329144,0.35802469135802467,0.23387096774193547,0.2832894428784879,0.13580246913580246,0.6111111111111112
oc_12_1000_4000_4_0_p019_0900_1,79.93548387096774,0.8978995720191038,0.9777890793144679,0.20734726692128724,0.11197317795027122,0.11290322580645161,0.1320754716981132,-0.0015790945890613883,0.0,0.0
oc_12_2500_4000_4_0_p019_0870_1,27.23076923076923,0.8724932178118974,0.9685194239003503,0.4376655899239891,0.39888512434095125,0.34065934065934067,0.5081967213114754,0.26828264908045885,0.09340659340659341,0.8095238095238095
oc_12_10000_2500_2_6_p019_0900_1,3.786096256684492,0.734475779705269,0.9251044213886672,0.6024766175354226,0.691120038835648,0.6539343009931246,0.8517412935323383,0.5892519664074233,0.42780748663101603,0.9540034071550255
oc_12_2500_2500_2_6_p019_0800_1,12.359102244389028,0.8183980147187844,0.9538929998133283,0.5535650001323726,0.5914229127391596,0.5561097256857855,0.6882716049382716,0.42032237384341586,0.22443890274314215,0.8571428571428571
oc_12_10000_1000_1_0_p019_0770_1,2.8450057405281286,0.8936212364000842,0.973562018512989,0.9027159369459277,0.9195909414644351,0.9557979334098737,0.9260289210233593,0.8521103208353482,0.8128587830080367,0.9665529010238908
oc_12_2500_2000_2_0_p019_0870_1,13.145888594164456,0.8247052318626875,0.9545804612788299,0.5153767438324518,0.5719633616046328,0.5013262599469496,0.7105263157894737,0.3686011462599146,0.17506631299734748,0.8461538461538461
oc_12_10000_1000_1_0_p019_0800_1,2.9290780141843973,0.8839580109969685,0.9714760529482551,0.8915734346650906,0.9115011315163626,0.9385342789598109,0.9297423887587822,0.8387081310528677,0.7943262411347518,0.9634408602150538
oc_12_5000_3000_3_1_p019_0900_1,9.660818713450292,0.7882921403328331,0.9432557323093801,0.47743535377387525,0.5515620514813904,0.50682261208577,0.680628272251309,0.48945302713377886,0.2884990253411306,0.9079754601226994
oc_12_500_3500_3_5_p019_0900_1,123.9,0.9095243050269823,0.9807596477181746,0.042621272181704306,-0.00796869474775119,0.0,0.0,-0.001797856711358421,0.0,0.0
oc_12_2500_1000_1_0_p019_0880_1,13.467391304347826,0.9011117824016031,0.9759609316303531,0.8199625676722326,0.7670546088917727,0.779891304347826,0.7863013698630137,0.6731771974863289,0.5190217391304348,0.9138755980861244
oc_12_10000_4000_4_0_p019_0710_1,4.887573964497041,0.8182681828551794,0.9524920603015076,0.7285006274222485,0.7897360439099695,0.7840236686390533,0.8650707290533188,0.7210150735547267,0.5927021696252466,0.9616
oc_12_1000_1000_1_0_p019_0900_1,35.65467625899281,0.8933118620191394,0.9746477723258096,0.4623947709606514,0.4351176376213817,0.37410071942446044,0.5360824742268041,0.3037047453690399,0.1079136690647482,0.8823529411764706
