Name,CI,LSR,BSL,HMS,MCC_5,TPR_5,PPV_5,MCC_9,TPR_9,PPV_9
oc_12_10000_1000_1_0_p019_0710_1,2.742667404537908,0.9027361115142057,0.9767183942037557,0.9261669895983873,0.930593045421074,0.9723298284449363,0.9271767810026386,0.9370233230615059,0.9557277255118982,0.9520396912899669
oc_12_10000_1000_1_0_p019_0770_1,2.8450057405281286,0.8786287705059477,0.9711395341893102,0.9268170561192621,0.9163885735335382,0.9770378874856487,0.9019607843137255,0.9273560506124544,0.9626865671641791,0.9306326304106548
oc_12_10000_1000_1_0_p019_0800_1,2.9290780141843973,0.8833633771434993,0.9734594464500602,0.9224023802623351,0.9234073802088819,0.9716312056737588,0.9158774373259053,0.9270349661640265,0.9580378250591016,0.9337557603686636
oc_12_10000_1000_1_0_p019_0830_1,3.047970479704797,0.8885212433430281,0.9713623062898815,0.9253467898232612,0.9089600651998987,0.9772447724477245,0.889199776161164,0.9327951183790667,0.965559655596556,0.9339678762641285
oc_12_10000_1000_1_0_p019_0870_1,3.286472148541114,0.8923405337608293,0.9728084931930693,0.9261088863563304,0.9114211667810851,0.9774535809018567,0.8900966183574879,0.9333808221735831,0.9628647214854111,0.9355670103092784
oc_12_10000_1000_1_0_p019_0880_1,3.3714285714285714,0.894353137505575,0.9744289137877373,0.924685897257566,0.9182024397182129,0.9761904761904762,0.9002509410288582,0.9268009505080065,0.9571428571428572,0.9305555555555556
oc_12_10000_1000_1_0_p019_0900_1,3.591304347826087,0.886662946897055,0.9721003472222223,0.9209182802385658,0.9075403019845948,0.9746376811594203,0.8842866535174227,0.9266568151630933,0.9601449275362319,0.9259259259259259
oc_12_10000_1000_1_0_p019_0920_1,4.009708737864078,0.8474755310723258,0.9599541182170542,0.8981084981810077,0.8620833413668397,0.9652103559870551,0.8227586206896552,0.897869355956746,0.9425566343042071,0.8954650269023828
oc_12_10000_1500_1_5_p019_0710_1,2.742667404537908,0.8564036273768203,0.9602281236137808,0.8826972128425628,0.8815401858851997,0.9590481460985059,0.8717303822937625,0.9029098401165898,0.9214167127836193,0.9359190556492412
oc_12_10000_1500_1_5_p019_0770_1,2.8450057405281286,0.8238681709379025,0.9514413257688863,0.8678736734437905,0.8525265774951981,0.9483352468427095,0.8402848423194303,0.8862851904510466,0.9242250287026407,0.9080654258319233
oc_12_10000_1500_1_5_p019_0800_1,2.9290780141843973,0.8368815573949661,0.9532819795427196,0.8655653656246639,0.8483554155033534,0.950354609929078,0.8314374353671148,0.9016391745521151,0.9107565011820331,0.9419315403422983
oc_12_10000_1500_1_5_p019_0830_1,3.047970479704797,0.8358362936901885,0.95350677605591,0.8672900983881896,0.8528511178779644,0.9532595325953259,0.8328855454056958,0.8884380818059359,0.9200492004920049,0.9121951219512195
oc_12_10000_1500_1_5_p019_0870_1,3.286472148541114,0.8397840696360632,0.9551366955445545,0.8624905786704782,0.8484240390830569,0.9429708222811671,0.8315789473684211,0.8951524811200946,0.9025198938992043,0.9360385144429161
oc_12_10000_1500_1_5_p019_0880_1,3.3714285714285714,0.8499299507347997,0.9593873638344227,0.8464465467625583,0.8614381884410846,0.9224489795918367,0.8664536741214057,0.8743040060853274,0.8789115646258503,0.9261648745519713
oc_12_10000_1500_1_5_p019_0900_1,3.591304347826087,0.8342045403386656,0.9532998737373737,0.8514166363543627,0.8367395658432857,0.9311594202898551,0.8205619412515964,0.8758606169070429,0.9028985507246376,0.9028985507246376
oc_12_10000_1500_1_5_p019_0920_1,4.009708737864078,0.8240241553883273,0.9518472868217054,0.838984311810925,0.8274230885376668,0.9328478964401294,0.8001387925052047,0.8683060708779893,0.8867313915857605,0.9020576131687242
oc_12_10000_2000_2_0_p019_0710_1,2.742667404537908,0.8389432997870561,0.9549304746414313,0.8356062149980951,0.848066331259021,0.920863309352518,0.8599483204134367,0.8863513450369723,0.8544548976203652,0.9778340721975934
oc_12_10000_2000_2_0_p019_0770_1,2.8450057405281286,0.8367095183389054,0.954146342191699,0.8413727448333215,0.8503467545103428,0.93398392652124,0.8496083550913838,0.8862656515158792,0.8714121699196326,0.9589387239418825
oc_12_10000_2000_2_0_p019_0800_1,2.9290780141843973,0.8176925709999348,0.9482628910950662,0.8234099281484464,0.8272195265617597,0.9213947990543735,0.8274946921443737,0.880392493298446,0.8605200945626478,0.959789057350033
oc_12_10000_2000_2_0_p019_0830_1,3.047970479704797,0.8111021427641918,0.9478622607110301,0.7915104928828043,0.8229693762347025,0.8917589175891759,0.844496214327315,0.8463549723952426,0.8148831488314883,0.951867816091954
oc_12_10000_2000_2_0_p019_0870_1,3.286472148541114,0.8153987388269139,0.9463639542079207,0.8197589355326804,0.8046049324679413,0.9177718832891246,0.7926689576174112,0.8748608671061663,0.8388594164456233,0.9686064318529862
oc_12_10000_2000_2_0_p019_0880_1,3.3714285714285714,0.8459984340443416,0.9567355119825708,0.8270572269328734,0.8416891612747065,0.9074829931972789,0.8513082322910019,0.8771729760072969,0.8530612244897959,0.9565217391304348
oc_12_10000_2000_2_0_p019_0900_1,3.591304347826087,0.8022543823271091,0.9429380523989899,0.7766119284308431,0.7859669678165295,0.8804347826086957,0.7915309446254072,0.8359943685365367,0.8101449275362319,0.9316666666666666
oc_12_10000_2000_2_0_p019_0920_1,4.009708737864078,0.836731919871724,0.9525706718346253,0.7988203661748692,0.8068963529855796,0.8956310679611651,0.8015930485155685,0.8510430599798724,0.8114886731391586,0.9498106060606061
oc_12_10000_2500_2_6_p019_0710_1,2.898245614035088,0.8305294866124798,0.9538933243324332,0.8166304752924627,0.8392650575209972,0.9017543859649123,0.8614525139664805,0.8610952371353308,0.8111111111111111,0.9815994338287332
oc_12_10000_2500_2_6_p019_0770_1,2.996372430471584,0.8322215415688076,0.9536874886535552,0.810394971559443,0.8390563047591013,0.9020556227327691,0.8589522164651698,0.856854640312582,0.8137847642079806,0.9704397981254506
oc_12_10000_2500_2_6_p019_0800_1,3.089775561097257,0.7583117009728627,0.9303294512195122,0.7563733754899336,0.7535034159244249,0.8697007481296758,0.7677490368739681,0.8431282450743824,0.800498753117207,0.9610778443113772
oc_12_10000_2500_2_6_p019_0830_1,3.205692108667529,0.8250637203318258,0.9528441248846509,0.7948441804479222,0.8334552931548107,0.8809831824062095,0.8658614113159567,0.8306899308022968,0.7716688227684346,0.9699186991869919
oc_12_10000_2500_2_6_p019_0870_1,3.4852320675105486,0.8251182973535316,0.950955566008153,0.7979749259885367,0.8191543708853974,0.8938115330520394,0.8290932811480757,0.8428971593814703,0.7819971870604782,0.9745836985100789
oc_12_10000_2500_2_6_p019_0880_1,3.552688172043011,0.7934132423474187,0.9445291765076366,0.7429662233137786,0.7930879542657819,0.8451612903225807,0.8326271186440678,0.8054961453870874,0.7311827956989247,0.966824644549763
oc_12_10000_2500_2_6_p019_0900_1,3.786096256684492,0.8266735353831873,0.9510708858739026,0.7706639700737067,0.7939681784297451,0.8556149732620321,0.8205128205128205,0.8306637668969445,0.7547746371275783,0.9801587301587301
oc_12_10000_2500_2_6_p019_0920_1,4.2107051826678,0.8027924255937042,0.9431461927278657,0.7590603384096811,0.755850437322807,0.8717077315208156,0.7450980392156863,0.8203642091346447,0.7340696686491079,0.9807037457434733
oc_12_10000_3000_3_1_p019_0710_1,3.480337078651685,0.8474124871091968,0.958265485893417,0.8129629888050948,0.8390918477239098,0.8939606741573034,0.8578167115902965,0.8565531553246452,0.7970505617977528,0.9809853068280034
oc_12_10000_3000_3_1_p019_0770_1,3.6201607012417822,0.8405315771538344,0.9576422134387352,0.8013133761947898,0.8397553588673975,0.8787436084733382,0.8704775687409552,0.8356390250514589,0.7735573411249087,0.9697802197802198
oc_12_10000_3000_3_1_p019_0800_1,3.777439024390244,0.7954508520495159,0.9413817166560307,0.7714230849143412,0.7689794587277722,0.8757621951219512,0.768048128342246,0.839012613667178,0.7873475609756098,0.9582560296846011
oc_12_10000_3000_3_1_p019_0830_1,3.9584664536741214,0.8638134423558597,0.9634314432989691,0.8198502985501713,0.855417133105967,0.8753993610223643,0.8932355338223309,0.8179460695675221,0.7364217252396166,0.9766949152542372
oc_12_10000_3000_3_1_p019_0870_1,4.3321678321678325,0.825283944182359,0.951559655737705,0.772672112453455,0.7897591689448554,0.8575174825174825,0.8040983606557377,0.8393821774124932,0.763986013986014,0.9787234042553191
oc_12_10000_3000_3_1_p019_0880_1,4.489130434782608,0.8403019108325913,0.9566652805280528,0.7692053820085657,0.8114491423587596,0.8442028985507246,0.8472727272727273,0.8094849548876679,0.720108695652174,0.9742647058823529
oc_12_10000_3000_3_1_p019_0900_1,4.8116504854368936,0.8513976129460299,0.9609552789842967,0.7798498108845251,0.8268093320347465,0.8427184466019417,0.8697394789579158,0.7987898970664317,0.7048543689320388,0.9692923898531375
oc_12_10000_3000_3_1_p019_0920_1,5.518930957683741,0.8522825031151515,0.959906388793987,0.774327340571314,0.7896308071541868,0.8485523385300668,0.7979057591623037,0.8004185696883221,0.6926503340757239,0.9810725552050473
oc_12_10000_3500_3_5_p019_0710_1,4.147280334728033,0.8471710863476916,0.9591292960494229,0.7934924556552988,0.8322136293112391,0.8644351464435146,0.8651591289782244,0.8368844145321399,0.7682008368200837,0.9714285714285714
oc_12_10000_3500_3_5_p019_0770_1,4.324607329842932,0.8655644448524172,0.9639110127826942,0.8106018996663664,0.8509275577361385,0.8673647469458988,0.8898836168307968,0.8498324516593202,0.7835951134380453,0.9750271444082519
oc_12_10000_3500_3_5_p019_0800_1,4.493200362647325,0.8482738444316512,0.9589689222644001,0.7809549167750616,0.8168514033033241,0.8449682683590208,0.8550458715596331,0.8393948121449203,0.7642792384406165,0.9768250289687138
oc_12_10000_3500_3_5_p019_0830_1,4.760806916426513,0.8471041001123139,0.9590192262798066,0.7723659637688587,0.8178124226045006,0.8318924111431316,0.866,0.8057226085424696,0.7214217098943324,0.9628205128205128
oc_12_10000_3500_3_5_p019_0870_1,5.294871794871795,0.8329619349957552,0.9536106076035302,0.7368688793613748,0.7686755957999013,0.813034188034188,0.7985309548793285,0.8089674206255304,0.7254273504273504,0.9590395480225988
oc_12_10000_3500_3_5_p019_0880_1,5.53125,0.8668782301495752,0.9646285372522214,0.7828482376491449,0.8257538722997863,0.8270089285714286,0.8769230769230769,0.7983718353597463,0.6930803571428571,0.9764150943396226
oc_12_10000_3500_3_5_p019_0900_1,6.126081582200247,0.870966799455292,0.9666068863833478,0.7820829775944538,0.8219549377499279,0.799752781211372,0.893646408839779,0.7864785476436443,0.6761433868974042,0.9698581560283688
oc_12_10000_3500_3_5_p019_0920_1,7.193033381712627,0.8867210460385335,0.9703272276350753,0.7843336764676041,0.8160709820868413,0.7895500725689405,0.8874388254486134,0.7705852103907208,0.6342525399129173,0.9864559819413092
oc_12_10000_4000_4_0_p019_0710_1,4.887573964497041,0.8604376674339009,0.9632792629815745,0.7977286943535176,0.8314468485297093,0.8570019723865878,0.8629592850049652,0.8555685061916191,0.7899408284023669,0.9732685297691372
oc_12_10000_4000_4_0_p019_0770_1,5.211356466876971,0.8872198940159528,0.9715545793126799,0.8343024980023945,0.8705812582057418,0.8759200841219769,0.9064200217627857,0.8698629804066899,0.8159831756046267,0.9675810473815462
oc_12_10000_4000_4_0_p019_0800_1,5.518930957683741,0.8635128857986627,0.963553382302699,0.8079323238679709,0.8222468913801452,0.876391982182628,0.8249475890985325,0.8580899081764328,0.8095768374164811,0.9515706806282722
oc_12_10000_4000_4_0_p019_0830_1,5.9,0.8630417309093215,0.9647578502415459,0.7883340467522075,0.8300329189773679,0.8345238095238096,0.8740648379052369,0.8114314385844065,0.7440476190476191,0.9370314842578711
oc_12_10000_4000_4_0_p019_0870_1,6.752043596730245,0.8777123029487832,0.9678870123022847,0.7840101453342871,0.8075458887309246,0.8092643051771117,0.8546762589928057,0.810102294804825,0.7125340599455041,0.966728280961183
oc_12_10000_4000_4_0_p019_0880_1,7.0,0.8821959131493287,0.9698516596045198,0.7867823183729052,0.831689516671621,0.8206214689265536,0.8843226788432268,0.8207653644427667,0.7245762711864406,0.9715909090909091
oc_12_10000_4000_4_0_p019_0900_1,7.955056179775281,0.8720690322399184,0.9660317261157914,0.744005950560833,0.777240793568149,0.78330658105939,0.8201680672268907,0.7821250774307539,0.6565008025682183,0.9761336515513126
oc_12_10000_4000_4_0_p019_0920_1,10.012121212121212,0.8948273347759574,0.9725750687947166,0.7792967285912096,0.7873890027021077,0.7838383838383839,0.8290598290598291,0.7440277798087307,0.6121212121212121,0.946875
oc_12_10000_500_0_5_p019_0710_1,2.742667404537908,0.9607209290466949,0.9926793730592932,0.9743325298329509,0.9785072617306907,0.9861649142224682,0.9823594266813671,0.9795812619490291,0.9822910902047592,0.9877573734001113
oc_12_10000_500_0_5_p019_0770_1,2.8450057405281286,0.9378510171187394,0.9862578829501344,0.9636477520002519,0.9583595825609096,0.9845005740528129,0.9543683917640512,0.9651598195699347,0.9770378874856487,0.9714611872146118
oc_12_10000_500_0_5_p019_0800_1,2.9290780141843973,0.9214247660255865,0.9812555806257521,0.9562678407897439,0.9404682861851351,0.9840425531914894,0.9286112660345789,0.9566420417332672,0.9745862884160756,0.960955710955711
oc_12_10000_500_0_5_p019_0830_1,3.047970479704797,0.9591947499364986,0.9921412944393802,0.9722349404964558,0.9748162153405447,0.9870848708487084,0.9750911300121506,0.9742226408336402,0.9772447724477245,0.9839009287925696
oc_12_10000_500_0_5_p019_0870_1,3.286472148541114,0.9392456442210179,0.985751593440594,0.9620579122636097,0.9491441259847484,0.9860742705570292,0.9369880277252678,0.9667774150169771,0.9774535809018567,0.971654581410679
oc_12_10000_500_0_5_p019_0880_1,3.3714285714285714,0.9501601301948615,0.9898901805166511,0.9686231997275951,0.9659286287624753,0.9836734693877551,0.964,0.9722222366760704,0.9789115646258504,0.9782460910944936
oc_12_10000_500_0_5_p019_0900_1,3.591304347826087,0.9004289876350959,0.9739197443181818,0.955044367364679,0.9101350901330126,0.9847826086956522,0.8790426908150065,0.9567884550679695,0.9746376811594203,0.957977207977208
oc_12_10000_500_0_5_p019_0920_1,4.009708737864078,0.9427862667860107,0.9876991763565891,0.96034722830153,0.9546487032052244,0.9854368932038835,0.9427244582043344,0.9617452038434507,0.9741100323624595,0.9647435897435898
oc_12_1000_1000_1_0_p019_0710_1,27.38121546961326,0.8317705159198489,0.9535402764259295,0.6656487020818379,0.47925715551395376,0.7679558011049724,0.3317422434367542,0.6420939539544565,0.6906077348066298,0.6218905472636815
oc_12_1000_1000_1_0_p019_0770_1,28.32,0.9144795107044117,0.9794284155135451,0.8567273184209983,0.7175433149372179,0.9085714285714286,0.5845588235294118,0.7867309814383722,0.8514285714285714,0.7412935323383084
oc_12_1000_1000_1_0_p019_0800_1,29.152941176470588,0.8594300646889527,0.9627105540382365,0.7463604714524327,0.5403071975485718,0.8294117647058824,0.3790322580645161,0.6875040274331459,0.7823529411764706,0.6244131455399061
oc_12_1000_1000_1_0_p019_0830_1,30.404907975460123,0.9484847476751735,0.9893541512014066,0.8689092802551546,0.8100319372921995,0.8650306748466258,0.7704918032786885,0.7843808510250289,0.7484662576687117,0.8356164383561644
oc_12_1000_1000_1_0_p019_0870_1,32.82119205298013,0.8435114345541262,0.9551084981398081,0.6576017580403173,0.4540384076505139,0.7880794701986755,0.2895377128953771,0.6029625458538381,0.5827814569536424,0.6470588235294118
oc_12_1000_1000_1_0_p019_0880_1,33.714285714285715,0.8829203834451788,0.9687620615324319,0.7058911461560882,0.54168195474069,0.7891156462585034,0.39590443686006827,0.6521122532049767,0.673469387755102,0.6513157894736842
oc_12_1000_1000_1_0_p019_0900_1,35.65467625899281,0.921441808980141,0.9825957212953876,0.7760835318341377,0.6616999168730099,0.762589928057554,0.5921787709497207,0.6632724502279236,0.6474820143884892,0.6976744186046512
oc_12_1000_1000_1_0_p019_0920_1,39.96774193548387,0.8219415907610419,0.9504096259842519,0.6818117228633346,0.4062649396781938,0.782258064516129,0.2354368932038835,0.553250470370332,0.717741935483871,0.4472361809045226
oc_12_1000_1500_1_5_p019_0710_1,27.38121546961326,0.6840274235378614,0.9014558302511193,0.39183239272676806,0.22941136950071075,0.574585635359116,0.1366622864651774,0.4261153191046891,0.47513812154696133,0.4215686274509804
oc_12_1000_1500_1_5_p019_0770_1,28.32,0.9036846190916914,0.9762087507308517,0.7508841279685184,0.6262817865453555,0.76,0.540650406504065,0.6795780310962631,0.6742857142857143,0.7065868263473054
oc_12_1000_1500_1_5_p019_0800_1,29.152941176470588,0.9027468821047309,0.9746828716348029,0.7216721087523291,0.5778052433975162,0.7058823529411765,0.5,0.6221102376456593,0.5705882352941176,0.7028985507246377
oc_12_1000_1500_1_5_p019_0830_1,30.404907975460123,0.8966891862699389,0.9748810119163899,0.6826307171817918,0.5795289105664927,0.6748466257668712,0.5238095238095238,0.562389390230935,0.50920245398773,0.6484375
oc_12_1000_1500_1_5_p019_0870_1,32.82119205298013,0.7591312726808925,0.9236566477383983,0.5346889845432039,0.31433984964405826,0.7350993377483444,0.167420814479638,0.4564997884134417,0.4900662251655629,0.4567901234567901
oc_12_1000_1500_1_5_p019_0880_1,33.714285714285715,0.8861564859234214,0.970393062904174,0.5979387037326998,0.5052385462286111,0.6666666666666666,0.4100418410041841,0.5712188434898763,0.5102040816326531,0.6637168141592921
oc_12_1000_1500_1_5_p019_0900_1,35.65467625899281,0.833259796947827,0.9513282433758586,0.59450447891283,0.4060916947841708,0.7410071942446043,0.25060827250608275,0.49119358536911584,0.5179856115107914,0.4931506849315068
oc_12_1000_1500_1_5_p019_0920_1,39.96774193548387,0.8783369308259816,0.9701060826771654,0.5430314249980266,0.4097464062333899,0.5403225806451613,0.3383838383838384,0.454424744200578,0.46774193548387094,0.46774193548387094
oc_12_1000_2000_2_0_p019_0710_1,27.38121546961326,0.7935538089614365,0.9367089351761728,0.504118778170596,0.36000757223032026,0.6795580110497238,0.22990654205607478,0.4657327395159098,0.43646408839779005,0.5337837837837838
oc_12_1000_2000_2_0_p019_0770_1,28.32,0.8313845835019047,0.9548455076983045,0.45816472373041517,0.3926914055359953,0.5714285714285714,0.30864197530864196,0.5058077066138565,0.45714285714285713,0.5925925925925926
oc_12_1000_2000_2_0_p019_0800_1,29.152941176470588,0.9149172091304687,0.9787953570035115,0.6971938849525379,0.5997062686634631,0.6470588235294118,0.582010582010582,0.5441345007514018,0.3941176470588235,0.7790697674418605
oc_12_1000_2000_2_0_p019_0830_1,30.404907975460123,0.8681365805626445,0.9626912092205508,0.6427109127224722,0.4877930424953589,0.7361963190184049,0.35294117647058826,0.5927026159946294,0.5521472392638037,0.6617647058823529
oc_12_1000_2000_2_0_p019_0870_1,32.82119205298013,0.8496654925888006,0.9590934599569219,0.3978971622149894,0.3157152766919364,0.4503311258278146,0.2595419847328244,0.3715344640305424,0.2781456953642384,0.5316455696202531
oc_12_1000_2000_2_0_p019_0880_1,33.714285714285715,0.6481708825766036,0.8893005291005291,0.2079207364238308,0.1217211057892436,0.40816326530612246,0.07662835249042145,0.21694441399607756,0.2789115646258503,0.211340206185567
oc_12_1000_2000_2_0_p019_0900_1,35.65467625899281,0.7336774562680286,0.9180666339548577,0.40177850162653106,0.22973300312067693,0.5827338129496403,0.12558139534883722,0.43986263317551816,0.39568345323741005,0.5188679245283019
oc_12_1000_2000_2_0_p019_0920_1,39.96774193548387,0.7368411116495531,0.926158937007874,0.15478203618880126,0.11956287494797858,0.29838709677419356,0.08447488584474885,0.16079913256375256,0.20161290322580644,0.16666666666666666
oc_12_1000_2500_2_6_p019_0710_1,28.982456140350877,0.8009396688190948,0.9433866198556661,0.3280260475898552,0.25569886861046737,0.4502923976608187,0.19012345679012346,0.3875598432085274,0.2982456140350877,0.5425531914893617
oc_12_1000_2500_2_6_p019_0770_1,29.5,0.9073175032045062,0.9764623145979703,0.6158285383629265,0.5298734734661837,0.5535714285714286,0.5375722543352601,0.5363724352723359,0.3333333333333333,0.8888888888888888
oc_12_1000_2500_2_6_p019_0800_1,30.782608695652176,0.9004970255383069,0.9773971858510846,0.5289750559644617,0.5148581068028965,0.45962732919254656,0.6065573770491803,0.5239083132291542,0.36645962732919257,0.7763157894736842
oc_12_1000_2500_2_6_p019_0830_1,32.18181818181818,0.8779559380119135,0.9710116242661448,0.44866379315117455,0.44657763912664394,0.4935064935064935,0.4367816091954023,0.46633399827417144,0.35064935064935066,0.6506024096385542
oc_12_1000_2500_2_6_p019_0870_1,34.179310344827584,0.5954665553500043,0.878827700450892,0.1937316315378983,0.10011811926667394,0.3724137931034483,0.06674907292954264,0.1794615407457895,0.2896551724137931,0.15384615384615385
oc_12_1000_2500_2_6_p019_0880_1,35.148936170212764,0.8227026444518974,0.9507153619776338,0.3317246404008565,0.26004638265100316,0.4397163120567376,0.19135802469135801,0.4204311789727026,0.3191489361702128,0.5844155844155844
oc_12_1000_2500_2_6_p019_0900_1,37.54545454545455,0.8627642712904698,0.9639598073899371,0.36715156945408,0.3213024098972959,0.4393939393939394,0.26851851851851855,0.3812546238735069,0.25,0.6111111111111112
oc_12_1000_2500_2_6_p019_0920_1,42.724137931034484,0.7951280425883068,0.9499955047318612,0.04337561551337421,0.03800300973867846,0.08620689655172414,0.05128205128205128,0.059181579026217575,0.07758620689655173,0.08256880733944955
oc_12_1000_3000_3_1_p019_0710_1,35.148936170212764,0.8640853321989361,0.9636104571316461,0.49219345842477746,0.4028214389409678,0.5957446808510638,0.30324909747292417,0.5042001305750531,0.41134751773049644,0.6444444444444445
oc_12_1000_3000_3_1_p019_0770_1,36.71111111111111,0.8029318683106942,0.9453267530936947,0.34257511630148396,0.25493000345103056,0.4666666666666667,0.175,0.37897909417604747,0.4,0.391304347826087
oc_12_1000_3000_3_1_p019_0800_1,37.54545454545455,0.8565495353995336,0.9630133844339622,0.46551655877336073,0.3884949535431846,0.553030303030303,0.3029045643153527,0.42509885911950457,0.42424242424242425,0.45528455284552843
oc_12_1000_3000_3_1_p019_0830_1,39.648,0.8088427602221773,0.9447930328675458,0.3363190970304878,0.2326837817314966,0.472,0.14824120603015076,0.32426073682355555,0.248,0.45588235294117646
oc_12_1000_3000_3_1_p019_0870_1,43.095652173913045,0.7674103192393232,0.927329047525143,0.41815458919323156,0.23460091272764388,0.6,0.12062937062937062,0.4077555927758333,0.41739130434782606,0.4247787610619469
oc_12_1000_3000_3_1_p019_0880_1,44.648648648648646,0.8472548595903399,0.9662074995066114,0.06953004375855609,0.07998153693173264,0.09009009009009009,0.10752688172043011,0.0937176825596627,0.08108108108108109,0.14516129032258066
oc_12_1000_3000_3_1_p019_0900_1,47.2,0.8632541864502743,0.9696687018375815,0.07850727464416263,0.09653925458394305,0.10476190476190476,0.12359550561797752,0.11022928206203962,0.08571428571428572,0.17647058823529413
oc_12_1000_3000_3_1_p019_0920_1,55.68539325842696,0.8763523685074199,0.9712971456888008,0.1355455810673989,0.1449537271095827,0.1797752808988764,0.14545454545454545,0.17817762125735145,0.14606741573033707,0.24528301886792453
oc_12_1000_3500_3_5_p019_0710_1,40.95867768595041,0.7942034543991618,0.9422837305495372,0.3609362124162133,0.23328570993724076,0.47107438016528924,0.14805194805194805,0.38682743036323786,0.4297520661157025,0.37681159420289856
oc_12_1000_3500_3_5_p019_0770_1,43.473684210526315,0.9023303164522476,0.9747930177514793,0.5336312871276429,0.4264530731993596,0.5526315789473685,0.3539325842696629,0.528595198211924,0.3684210526315789,0.7777777777777778
oc_12_1000_3500_3_5_p019_0800_1,44.25,0.9266610840602016,0.9839666929755327,0.5108262598221239,0.5266870375292313,0.45535714285714285,0.6296296296296297,0.5174789674575151,0.3125,0.875
oc_12_1000_3500_3_5_p019_0830_1,48.116504854368934,0.9334892632262708,0.9844234236015023,0.6384185483126459,0.5439543774214021,0.5825242718446602,0.5263157894736842,0.500219930446743,0.34951456310679613,0.7346938775510204
oc_12_1000_3500_3_5_p019_0870_1,53.869565217391305,0.8375955438448159,0.9526200475435816,0.41152152092619354,0.24647374992041052,0.5108695652173914,0.14329268292682926,0.29486131369457946,0.29347826086956524,0.32142857142857145
oc_12_1000_3500_3_5_p019_0880_1,55.68539325842696,0.7425156949831109,0.9276599603567889,0.0593716449751468,0.005994425946700479,0.0898876404494382,0.020356234096692113,0.0403254262071734,0.07865168539325842,0.04861111111111111
oc_12_1000_3500_3_5_p019_0900_1,60.4390243902439,0.7182540326041357,0.9308772131798333,0.027780538626001716,-0.033722440210943214,0.0,0.0,-0.02628898483995788,0.0,0.0
oc_12_1000_3500_3_5_p019_0920_1,72.88235294117646,0.923519018709182,0.9807135151273886,0.53407500189713,0.3632240822469769,0.5441176470588235,0.25874125874125875,0.5197344913037779,0.4411764705882353,0.625
oc_12_1000_4000_4_0_p019_0710_1,49.06930693069307,0.8996099825698809,0.9775699031046075,0.3464029000276866,0.34240209636006896,0.36633663366336633,0.34579439252336447,0.3938529956673597,0.297029702970297,0.5454545454545454
oc_12_1000_4000_4_0_p019_0770_1,52.16842105263158,0.8981632385053843,0.9751863987329241,0.4489133551403628,0.36860887998552916,0.49473684210526314,0.2974683544303797,0.4875228295915665,0.4,0.6129032258064516
oc_12_1000_4000_4_0_p019_0800_1,54.46153846153846,0.876898522808007,0.964405547850208,0.5208345613169876,0.329661736507096,0.6043956043956044,0.20146520146520147,0.5409569625605832,0.4945054945054945,0.6081081081081081
oc_12_1000_4000_4_0_p019_0830_1,58.305882352941175,0.9126497823764999,0.9815728030152747,0.27090948328720954,0.2382867525593542,0.18823529411764706,0.32653061224489793,0.24590197373384023,0.15294117647058825,0.41935483870967744
oc_12_1000_4000_4_0_p019_0870_1,67.89041095890411,0.7676098180823767,0.9405521376019089,0.0046471512462006315,0.004529417334636154,0.0684931506849315,0.016666666666666666,0.017027256370845265,0.0547945205479452,0.025974025974025976
oc_12_1000_4000_4_0_p019_0880_1,71.82608695652173,0.5949065247916443,0.9140298507462686,0.40693216530791665,0.2208187607665861,0.6231884057971014,0.0957683741648107,0.2208187607665861,0.6231884057971014,0.0957683741648107
oc_12_1000_4000_4_0_p019_0900_1,79.93548387096774,0.9118918824911484,0.9794162016739737,0.27005738253028266,0.2227302220415534,0.2903225806451613,0.18947368421052632,0.30086283667493136,0.20967741935483872,0.4482758620689655
oc_12_1000_4000_4_0_p019_0920_1,99.12,0.812473751769824,0.9549803435876948,0.007011356676152158,-0.011072279421956039,0.02,0.004739336492890996,-0.004853158026035806,0.02,0.007142857142857143
oc_12_1000_500_0_5_p019_0710_1,27.38121546961326,0.8862814599968597,0.9699800272532606,0.8944320649225628,0.6453079145716891,0.9281767955801105,0.47058823529411764,0.8564529661895617,0.9171270718232044,0.8097560975609757
oc_12_1000_500_0_5_p019_0770_1,28.32,0.9227377537180936,0.9803183395049698,0.9197605650209555,0.7232890912662082,0.9371428571428572,0.5754385964912281,0.8720242924199634,0.9371428571428572,0.82
oc_12_1000_500_0_5_p019_0800_1,29.152941176470588,0.8431525264242995,0.9538811939133828,0.9053689448104008,0.535723221094463,0.9470588235294117,0.32790224032586557,0.7913552379955889,0.9294117647058824,0.6869565217391305
oc_12_1000_500_0_5_p019_0830_1,30.404907975460123,0.9247242726270738,0.9816922836491502,0.9203215793758472,0.7351528957174275,0.9570552147239264,0.5799256505576208,0.8441864357294466,0.9386503067484663,0.7688442211055276
oc_12_1000_500_0_5_p019_0870_1,32.82119205298013,0.7638879685518514,0.9257311533189739,0.8825309370749419,0.40431113420432113,0.9403973509933775,0.2,0.7472340969578769,0.9205298013245033,0.6205357142857143
oc_12_1000_500_0_5_p019_0880_1,33.714285714285715,0.96278276064923,0.9924150695669214,0.9642015111322697,0.857205031662015,0.9795918367346939,0.7578947368421053,0.9055907931965514,0.9387755102040817,0.8789808917197452
oc_12_1000_500_0_5_p019_0900_1,35.65467625899281,0.8672319989502217,0.9607326594700687,0.91207152193468,0.5499040257446968,0.9784172661870504,0.3285024154589372,0.8085970221888663,0.9136690647482014,0.7257142857142858
oc_12_1000_500_0_5_p019_0920_1,39.96774193548387,0.8559588134472957,0.9572372637795276,0.8698106756670971,0.49176703536762845,0.9354838709677419,0.27817745803357313,0.7313513695051005,0.8951612903225806,0.6098901098901099
oc_12_2500_1000_1_0_p019_0710_1,10.964601769911505,0.8765435442355002,0.9667297522189349,0.8710021186525756,0.7677533213720878,0.9402654867256637,0.6630265210608425,0.849551991461537,0.8915929203539823,0.8343685300207039
oc_12_2500_1000_1_0_p019_0770_1,11.36697247706422,0.865791297778307,0.9626388353115727,0.8903254663340733,0.7522415486541522,0.9587155963302753,0.6266866566716641,0.8686138702501188,0.9220183486238532,0.8392484342379958
oc_12_2500_1000_1_0_p019_0800_1,11.71631205673759,0.7933676241777422,0.9402636363636363,0.8687471489595959,0.6417713355017376,0.9408983451536643,0.48655256723716384,0.8086199023657239,0.91725768321513,0.7418738049713193
oc_12_2500_1000_1_0_p019_0830_1,12.176904176904177,0.866187277387906,0.9649695319783703,0.8956414700439423,0.7622270288840318,0.9582309582309583,0.639344262295082,0.8489040985155,0.9361179361179361,0.7920997920997921
oc_12_2500_1000_1_0_p019_0870_1,13.145888594164456,0.8748381148266183,0.9648296831051941,0.8891460291770426,0.7276388096822979,0.946949602122016,0.5940099833610649,0.8863993641039409,0.8992042440318302,0.889763779527559
oc_12_2500_1000_1_0_p019_0880_1,13.467391304347826,0.9002560915676547,0.9751629789631856,0.8808503246155774,0.7980483902978159,0.9347826086956522,0.7078189300411523,0.8392433736678835,0.8858695652173914,0.8170426065162907
oc_12_2500_1000_1_0_p019_0900_1,14.323699421965317,0.9205044257824978,0.9815152961146737,0.9206253786279898,0.8357543160082446,0.9566473988439307,0.7505668934240363,0.8773155957888165,0.9219653179190751,0.8506666666666667
oc_12_2500_1000_1_0_p019_0920_1,15.987096774193548,0.8461778652105606,0.9582464109380935,0.8206644576045491,0.6623597142000035,0.9,0.5234521575984991,0.7862194259893271,0.867741935483871,0.736986301369863
oc_12_2500_1500_1_5_p019_0710_1,10.964601769911505,0.8716484966745464,0.9658195081360946,0.7660698745564245,0.7424580881747519,0.838495575221239,0.6992619926199262,0.7991529238108771,0.7566371681415929,0.8769230769230769
oc_12_2500_1500_1_5_p019_0770_1,11.36697247706422,0.8769442767644546,0.9678999629080118,0.8212091530774401,0.7680283666945462,0.8922018348623854,0.6971326164874552,0.810751515206928,0.8279816513761468,0.8242009132420092
oc_12_2500_1500_1_5_p019_0800_1,11.71631205673759,0.847687730975808,0.9594250790109686,0.803693385163614,0.7180462386359426,0.8912529550827423,0.6200657894736842,0.7663355124760349,0.8226950354609929,0.75
oc_12_2500_1500_1_5_p019_0830_1,12.176904176904177,0.8453967896177552,0.9551285288085027,0.7784545567419056,0.6764047770500988,0.8845208845208845,0.5625,0.7697357370000606,0.7911547911547911,0.7834549878345499
oc_12_2500_1500_1_5_p019_0870_1,13.145888594164456,0.8304099469497945,0.9508723232702044,0.784317525654567,0.6457972451706951,0.8885941644562334,0.5145929339477726,0.805397691680881,0.7771883289124668,0.861764705882353
oc_12_2500_1500_1_5_p019_0880_1,13.467391304347826,0.8528561635110232,0.9594854996243426,0.7153880949212887,0.6570601853418527,0.8070652173913043,0.580078125,0.7600895702479565,0.6875,0.8724137931034482
oc_12_2500_1500_1_5_p019_0900_1,14.323699421965317,0.8603406290729436,0.9602115616748397,0.7895960112703235,0.6782742126811147,0.8872832369942196,0.5571687840290381,0.7713070667331399,0.7745664739884393,0.7976190476190477
oc_12_2500_1500_1_5_p019_0920_1,15.987096774193548,0.871845320372672,0.967574135966578,0.7342162710424671,0.6710892137476178,0.7612903225806451,0.6293333333333333,0.7002344774408956,0.6838709677419355,0.75177304964539
oc_12_2500_2000_2_0_p019_0710_1,10.964601769911505,0.8497967616256676,0.9570556213017751,0.7284739264581188,0.6807824018496819,0.8252212389380531,0.6124794745484401,0.7663813746479783,0.6880530973451328,0.8911174785100286
oc_12_2500_2000_2_0_p019_0770_1,11.36697247706422,0.864347958114037,0.9640285608308605,0.7595275784594254,0.7367932221702008,0.8394495412844036,0.6879699248120301,0.7632334935065284,0.7408256880733946,0.8239795918367347
oc_12_2500_2000_2_0_p019_0800_1,11.71631205673759,0.7986877194205363,0.9445765755716676,0.6561177657985107,0.6102026333911573,0.7730496453900709,0.5396039603960396,0.6960126595184378,0.6903073286052009,0.7487179487179487
oc_12_2500_2000_2_0_p019_0830_1,12.176904176904177,0.8241663601685795,0.9534719187022189,0.6846214755297224,0.651042625849609,0.7813267813267813,0.5932835820895522,0.6959959497787703,0.6977886977886978,0.7395833333333334
oc_12_2500_2000_2_0_p019_0870_1,13.145888594164456,0.8569712822828922,0.9598024751546972,0.718187184381071,0.6564990771501923,0.8169761273209549,0.5735567970204841,0.7433548164848601,0.636604774535809,0.9022556390977443
oc_12_2500_2000_2_0_p019_0880_1,13.467391304347826,0.8270089940507325,0.9507454169797145,0.6787713487388101,0.6005559169676697,0.7934782608695652,0.5060658578856152,0.7153414319444786,0.6684782608695652,0.803921568627451
oc_12_2500_2000_2_0_p019_0900_1,14.323699421965317,0.8426562712209573,0.9542999434175783,0.709671447489812,0.62638860129246,0.8265895953757225,0.52,0.7327427437795304,0.6791907514450867,0.8245614035087719
oc_12_2500_2000_2_0_p019_0920_1,15.987096774193548,0.8650806493359658,0.9633185719711356,0.713206736585491,0.6361385126925747,0.7612903225806451,0.5728155339805825,0.6568101243508424,0.6096774193548387,0.7470355731225297
oc_12_2500_2500_2_6_p019_0710_1,11.552447552447552,0.8334047407193018,0.9539943546889508,0.663673319143607,0.6386656743100488,0.7715617715617715,0.5837742504409171,0.7149069200225225,0.5804195804195804,0.9222222222222223
oc_12_2500_2500_2_6_p019_0770_1,11.85645933014354,0.8285351404189839,0.953904056568664,0.6600778142662368,0.6408397655793352,0.7631578947368421,0.5918367346938775,0.6925622829404261,0.5885167464114832,0.8601398601398601
oc_12_2500_2500_2_6_p019_0800_1,12.359102244389028,0.8168201734641772,0.9482140190405077,0.6498608905060067,0.6046145613474756,0.7755610972568578,0.5271186440677966,0.6925617929042269,0.5785536159600998,0.8721804511278195
oc_12_2500_2500_2_6_p019_0830_1,12.973821989528796,0.8339159678901437,0.9559452791307606,0.6158426678307628,0.6078141094576743,0.6989528795811518,0.5829694323144105,0.6592822510938592,0.5654450261780105,0.8150943396226416
oc_12_2500_2500_2_6_p019_0870_1,14.0,0.8394194437394488,0.9540490583804143,0.6428236805815652,0.5915134783117237,0.7542372881355932,0.5154440154440154,0.7219764962473935,0.5932203389830508,0.9130434782608695
oc_12_2500_2500_2_6_p019_0880_1,14.11965811965812,0.8811445810850109,0.9690470699076691,0.687493667417748,0.676866876268448,0.6951566951566952,0.7011494252873564,0.663257745442021,0.5042735042735043,0.9123711340206185
oc_12_2500_2500_2_6_p019_0900_1,15.249230769230769,0.8692990972973373,0.9669598182162469,0.6237546638998364,0.6381587796975998,0.6646153846153846,0.6565349544072948,0.647832880761897,0.48307692307692307,0.9075144508670521
oc_12_2500_2500_2_6_p019_0920_1,16.5752508361204,0.8049441612512803,0.9440400190294957,0.5473616818168956,0.46887163437917684,0.6655518394648829,0.3864077669902913,0.6711715419241235,0.5652173913043478,0.8325123152709359
oc_12_2500_3000_3_1_p019_0710_1,13.805013927576601,0.9114833986494728,0.9776502163687677,0.7786135268252057,0.7628724579389955,0.7632311977715878,0.7942028985507247,0.7325210426874373,0.5821727019498607,0.954337899543379
oc_12_2500_3000_3_1_p019_0770_1,14.619469026548673,0.8670929749285329,0.9681440793201133,0.6445417105531825,0.6747544882495744,0.6784660766961652,0.7120743034055728,0.7132101893003827,0.616519174041298,0.8600823045267489
oc_12_2500_3000_3_1_p019_0800_1,15.018181818181818,0.8593473622290517,0.9630912977676882,0.652840141540926,0.6500985856303356,0.7333333333333333,0.618925831202046,0.7072354069757782,0.5848484848484848,0.8894009216589862
oc_12_2500_3000_3_1_p019_0830_1,15.634069400630915,0.8969290016029341,0.9751896453631709,0.7048272684756842,0.7313291874476786,0.7066246056782335,0.7887323943661971,0.7274925530457315,0.5993690851735016,0.9134615384615384
oc_12_2500_3000_3_1_p019_0870_1,17.512367491166078,0.7849474340761156,0.9364101736972704,0.521470949651974,0.4210076070820337,0.6713780918727915,0.32040472175379425,0.6013936010691986,0.4452296819787986,0.8513513513513513
oc_12_2500_3000_3_1_p019_0880_1,17.7,0.8593785134046703,0.9625688311688312,0.6088584464933919,0.5770997304412468,0.6928571428571428,0.5243243243243243,0.6536911167928856,0.5071428571428571,0.8765432098765432
oc_12_2500_3000_3_1_p019_0900_1,19.284046692607003,0.9129182405316234,0.9800206982543641,0.7020409103601484,0.7165497345418629,0.6653696498054474,0.7990654205607477,0.6663259211693063,0.4980544747081712,0.920863309352518
oc_12_2500_3000_3_1_p019_0920_1,22.026666666666667,0.8490906091610059,0.9609011580775912,0.48751962923218484,0.48263837775255936,0.5555555555555556,0.46296296296296297,0.5334494802899002,0.41333333333333333,0.7265625
oc_12_2500_3500_3_5_p019_0710_1,16.630872483221477,0.9040910219834553,0.976927331556909,0.73491216290888,0.738674346995148,0.7483221476510067,0.7585034013605442,0.7409946721226087,0.6241610738255033,0.9073170731707317
oc_12_2500_3500_3_5_p019_0770_1,17.389473684210525,0.9062254861721659,0.9769864148063346,0.7269693001718763,0.7295418967444092,0.7508771929824561,0.7379310344827587,0.73383834823034,0.6,0.9243243243243243
oc_12_2500_3500_3_5_p019_0800_1,18.087591240875913,0.8817464320881316,0.9692508413001912,0.6725954229533855,0.6519273017579821,0.7372262773722628,0.6121212121212121,0.7312230617948503,0.6313868613138686,0.8737373737373737
oc_12_2500_3500_3_5_p019_0830_1,19.06153846153846,0.8929553280155794,0.9738292177914111,0.6632792174261433,0.6811293833139181,0.7038461538461539,0.690566037735849,0.7009449041859452,0.5846153846153846,0.8685714285714285
oc_12_2500_3500_3_5_p019_0870_1,21.17948717948718,0.8919889868802842,0.9730399421965318,0.6229005139102071,0.6454253084642231,0.6452991452991453,0.6771300448430493,0.5619347308993816,0.358974358974359,0.9130434782608695
oc_12_2500_3500_3_5_p019_0880_1,22.425339366515836,0.8866602244566251,0.9727841027622175,0.5561671935225834,0.5787648547873359,0.5520361990950227,0.6421052631578947,0.5675041436541401,0.3665158371040724,0.9101123595505618
oc_12_2500_3500_3_5_p019_0900_1,24.17560975609756,0.8946183225701835,0.974072660337144,0.5653531648981387,0.544653676003539,0.5170731707317073,0.6091954022988506,0.49141309081585227,0.2682926829268293,0.9322033898305084
oc_12_2500_3500_3_5_p019_0920_1,28.982456140350877,0.8350262124948284,0.9549754827384436,0.34724747075994244,0.318089719286654,0.43859649122807015,0.2737226277372263,0.3391721785534461,0.19883040935672514,0.6181818181818182
oc_12_2500_4000_4_0_p019_0710_1,19.284046692607003,0.8724287531502494,0.9658494532898523,0.6594772075658628,0.6070913582789452,0.7354085603112841,0.5384615384615384,0.737850385477912,0.622568093385214,0.898876404494382
oc_12_2500_4000_4_0_p019_0770_1,21.27038626609442,0.8997803975018047,0.975077972634419,0.7006530014718737,0.6641045741639456,0.7253218884120172,0.6377358490566037,0.6845623057627613,0.5965665236051502,0.8128654970760234
oc_12_2500_4000_4_0_p019_0800_1,21.736842105263158,0.9172588357293955,0.9798291666666666,0.7489059176034027,0.730162995804346,0.7807017543859649,0.7063492063492064,0.7600443141307555,0.6578947368421053,0.8982035928143712
oc_12_2500_4000_4_0_p019_0830_1,23.826923076923077,0.8401093699673459,0.9566577265685515,0.5368278465117012,0.4650888692372937,0.625,0.3869047619047619,0.49751563067442856,0.4230769230769231,0.624113475177305
oc_12_2500_4000_4_0_p019_0870_1,27.23076923076923,0.8572207256526617,0.9628789606850915,0.5019706234616272,0.45689393935451983,0.5879120879120879,0.39194139194139194,0.5677167110279931,0.4175824175824176,0.8
oc_12_2500_4000_4_0_p019_0880_1,28.813953488372093,0.9053114523249824,0.9780688182527301,0.538800773897093,0.5601755731214672,0.5058139534883721,0.6492537313432836,0.5254048364526309,0.32558139534883723,0.875
oc_12_2500_4000_4_0_p019_0900_1,32.18181818181818,0.8974129606813352,0.9754517612524461,0.4809960826496348,0.4559127848073511,0.45454545454545453,0.48951048951048953,0.48232193560201225,0.3116883116883117,0.7741935483870968
oc_12_2500_4000_4_0_p019_0920_1,39.648,0.8446942760316889,0.9586217476874631,0.2569026573986549,0.22026496135259602,0.328,0.18385650224215247,0.24369386822082365,0.176,0.3728813559322034
oc_12_2500_500_0_5_p019_0710_1,10.964601769911505,0.9336136317100511,0.9852412167159763,0.9309238847016879,0.8898345078424584,0.9535398230088495,0.8484251968503937,0.915715995789418,0.9380530973451328,0.9079229122055674
oc_12_2500_500_0_5_p019_0770_1,11.36697247706422,0.9684636864234253,0.9946441580118695,0.969293512167241,0.9606742580224908,0.9770642201834863,0.9508928571428571,0.9624245310432142,0.9610091743119266,0.9699074074074074
oc_12_2500_500_0_5_p019_0800_1,11.71631205673759,0.956431492392935,0.9917458263617773,0.9686193684084001,0.9391855521282365,0.983451536643026,0.906318082788671,0.9550936425400612,0.9810874704491725,0.9367945823927766
oc_12_2500_500_0_5_p019_0830_1,12.176904176904177,0.9524030107912403,0.9907516501957859,0.9517165824944153,0.92751977146591,0.9680589680589681,0.8995433789954338,0.9399562670193642,0.9606879606879607,0.9287410926365796
oc_12_2500_500_0_5_p019_0870_1,13.145888594164456,0.8965655097031172,0.9714237764860304,0.9533011595938363,0.775198076754532,0.9761273209549072,0.6444833625218914,0.9314482792903894,0.9681697612732095,0.9057071960297767
oc_12_2500_500_0_5_p019_0880_1,13.467391304347826,0.9430224090045334,0.9870906836964688,0.9414833145680117,0.8889506297363207,0.967391304347826,0.8317757009345794,0.9324527033337505,0.9510869565217391,0.9234828496042217
oc_12_2500_500_0_5_p019_0900_1,14.323699421965317,0.9589973711811115,0.9921562806488118,0.9647590981290567,0.92857341580196,0.976878612716763,0.8918205804749341,0.937461287523542,0.953757225433526,0.9295774647887324
oc_12_2500_500_0_5_p019_0920_1,15.987096774193548,0.9386857727299341,0.9859276110900114,0.9382016563915966,0.8607318478955251,0.967741935483871,0.78125,0.9169943994403877,0.9483870967741935,0.8963414634146342
oc_12_5000_1000_1_0_p019_0710_1,5.482300884955753,0.8886613753720689,0.970966109215017,0.908060998075695,0.871809269194421,0.9657079646017699,0.8251417769376181,0.9090387150545299,0.9369469026548672,0.9097744360902256
oc_12_5000_1000_1_0_p019_0770_1,5.690011481056257,0.866967361097991,0.9660524969967393,0.9031195802253946,0.8598651885478963,0.9690011481056258,0.8030447193149381,0.8949575786842855,0.9414466130884042,0.8817204301075269
oc_12_5000_1000_1_0_p019_0800_1,5.858156028368795,0.8566250430310755,0.9633401240951396,0.9045945804799695,0.8417198537492677,0.9680851063829787,0.7755681818181818,0.8943863569353833,0.9456264775413712,0.8762322015334063
oc_12_5000_1000_1_0_p019_0830_1,6.095940959409594,0.890130168684683,0.9710507886982146,0.9048937345481932,0.8587992563468263,0.9606396063960639,0.8059855521155831,0.9139909948807329,0.933579335793358,0.9188861985472155
oc_12_5000_1000_1_0_p019_0870_1,6.572944297082228,0.89658263801433,0.973069649737303,0.8982397622640405,0.8629058242520391,0.9496021220159151,0.8192219679633868,0.9148721239394622,0.9217506631299734,0.9303882195448461
oc_12_5000_1000_1_0_p019_0880_1,6.742857142857143,0.908825631578058,0.9778828149710068,0.9115191449886357,0.8900080319160795,0.9551020408163265,0.8571428571428571,0.9093337256449897,0.9292517006802721,0.9131016042780749
oc_12_5000_1000_1_0_p019_0900_1,7.172214182344429,0.8895657728124196,0.972386470692403,0.9042096307231003,0.8556032009296565,0.9565846599131693,0.7992744860943168,0.8982167302113055,0.9363241678726484,0.8863013698630137
oc_12_5000_1000_1_0_p019_0920_1,8.019417475728156,0.8779011047296824,0.9680813598851812,0.8832169671371356,0.822741810956258,0.948220064724919,0.7512820512820513,0.8797172954073894,0.912621359223301,0.8744186046511628
oc_12_5000_1500_1_5_p019_0710_1,5.482300884955753,0.8596521902672639,0.9607858532423208,0.8550495011859225,0.8265964323274918,0.9280973451327433,0.787793427230047,0.8675423033131835,0.8849557522123894,0.89086859688196
oc_12_5000_1500_1_5_p019_0770_1,5.690011481056257,0.8453337085986491,0.9591952291058864,0.8476801802930419,0.8174437026977683,0.9242250287026407,0.7755298651252408,0.8476055851979731,0.8886337543053962,0.8533627342888643
oc_12_5000_1500_1_5_p019_0800_1,5.858156028368795,0.8650643226098029,0.9646346604619097,0.8446948918397439,0.8355859803259956,0.9184397163120568,0.8068535825545171,0.8510543122210185,0.8605200945626478,0.8845686512758202
oc_12_5000_1500_1_5_p019_0830_1,6.095940959409594,0.8170717037093053,0.9476755243543075,0.8016792691014376,0.7549924362966033,0.906519065190652,0.6939736346516008,0.8268568623986069,0.8474784747847478,0.8548387096774194
oc_12_5000_1500_1_5_p019_0870_1,6.572944297082228,0.8106783008781204,0.9458134325744308,0.7852722633422372,0.7304358060210762,0.8846153846153846,0.6703517587939698,0.8335586920695646,0.8289124668435013,0.8815232722143864
oc_12_5000_1500_1_5_p019_0880_1,6.742857142857143,0.8647299112851776,0.9624967668248111,0.8168022270608747,0.7962789843320859,0.891156462585034,0.7625145518044237,0.842251301037359,0.8244897959183674,0.9004457652303121
oc_12_5000_1500_1_5_p019_0900_1,7.172214182344429,0.844144679468217,0.9567492296794758,0.8180898430171849,0.7822385543965517,0.9204052098408104,0.7154105736782902,0.8264613525175517,0.8350217076700435,0.8599105812220567
oc_12_5000_1500_1_5_p019_0920_1,8.019417475728156,0.8501028508413607,0.9588550412630068,0.8235692378176025,0.7734586366464479,0.912621359223301,0.7032418952618454,0.8215221560805318,0.8592233009708737,0.8245341614906833
oc_12_5000_2000_2_0_p019_0710_1,5.482300884955753,0.8202841468741249,0.9476077474402731,0.7823575332097468,0.7569422824298765,0.8871681415929203,0.7173524150268337,0.8485390055442718,0.8053097345132744,0.9393548387096774
oc_12_5000_2000_2_0_p019_0770_1,5.690011481056257,0.8384321121573771,0.956211343744637,0.7798109721032749,0.7968775129855762,0.8656716417910447,0.7928496319663512,0.8135938254689395,0.7818599311136625,0.9007936507936508
oc_12_5000_2000_2_0_p019_0800_1,5.858156028368795,0.8196156927271074,0.9476927611168563,0.7936705210262358,0.7610517657817402,0.8936170212765957,0.7145557655954632,0.8308136568938513,0.8274231678486997,0.8827238335435057
oc_12_5000_2000_2_0_p019_0830_1,6.095940959409594,0.8290861552446218,0.9522777604437511,0.7975666116069289,0.7707986130566434,0.8905289052890529,0.729103726082578,0.8280013219264432,0.8314883148831488,0.8722580645161291
oc_12_5000_2000_2_0_p019_0870_1,6.572944297082228,0.8353037628761403,0.9538773555166374,0.7499698637172942,0.7484994420801774,0.8474801061007957,0.7253121452894438,0.8013199660607183,0.7241379310344828,0.9365351629502573
oc_12_5000_2000_2_0_p019_0880_1,6.742857142857143,0.8398469900350873,0.9561025303110174,0.740223586349872,0.7591318451618826,0.817687074829932,0.7656050955414013,0.7997216614538337,0.7360544217687075,0.9185059422750425
oc_12_5000_2000_2_0_p019_0900_1,7.172214182344429,0.8218313610816759,0.9483377191429078,0.7327224555849001,0.7080683545937556,0.8321273516642547,0.6709451575262544,0.7995310329461238,0.7452966714905933,0.9050966608084359
oc_12_5000_2000_2_0_p019_0920_1,8.019417475728156,0.8490988842317164,0.9586234660925727,0.7663998250215128,0.7599306454960487,0.8527508090614887,0.7289073305670816,0.807395572825996,0.7702265372168284,0.8880597014925373
oc_12_5000_2500_2_6_p019_0710_1,5.7560975609756095,0.8352045313012862,0.9562376138903215,0.7270009873412229,0.7773166164578545,0.7909407665505227,0.8284671532846716,0.7661533222908729,0.6492450638792102,0.967128027681661
oc_12_5000_2500_2_6_p019_0770_1,6.0,0.8655460336124053,0.9654883777239709,0.7781670085934809,0.8223890571303583,0.8268765133171913,0.8678526048284625,0.7890417516302111,0.6840193704600485,0.9658119658119658
oc_12_5000_2500_2_6_p019_0800_1,6.171855541718555,0.8015087470897102,0.9467344851536725,0.6841142675332497,0.7185192625275175,0.7783312577833126,0.7396449704142012,0.7553600616165387,0.6575342465753424,0.9312169312169312
oc_12_5000_2500_2_6_p019_0830_1,6.4363636363636365,0.8135688858895578,0.9514255501222494,0.6923439442784134,0.7451992583237619,0.7805194805194805,0.7784974093264249,0.7506656068781311,0.6597402597402597,0.9169675090252708
oc_12_5000_2500_2_6_p019_0870_1,6.912133891213389,0.8075273053810348,0.9457168693812797,0.677184056412649,0.6869948149346999,0.7866108786610879,0.6762589928057554,0.745929905587249,0.6290097629009763,0.9435146443514645
oc_12_5000_2500_2_6_p019_0880_1,7.130935251798562,0.8456519330543278,0.9602426827110246,0.7120599023312946,0.7638450242453224,0.7453237410071942,0.839546191247974,0.7124906247764984,0.5755395683453237,0.9456264775413712
oc_12_5000_2500_2_6_p019_0900_1,7.54337899543379,0.8516954562266804,0.9612167290219135,0.7265151636369137,0.7665732962254939,0.7945205479452054,0.7933130699088146,0.7473850387817808,0.6149162861491628,0.9619047619047619
oc_12_5000_2500_2_6_p019_0920_1,8.414261460101867,0.8433547362235383,0.9570212984670875,0.6760871539590354,0.7007002621318572,0.7402376910016978,0.7254575707154742,0.7228885750696022,0.5704584040747029,0.968299711815562
oc_12_5000_3000_3_1_p019_0710_1,6.96067415730337,0.8568814579417322,0.9639263232180664,0.7552112334896669,0.7908381597686247,0.8033707865168539,0.8301886792452831,0.7887012175831483,0.6910112359550562,0.9498069498069498
oc_12_5000_3000_3_1_p019_0770_1,7.235036496350365,0.8442352716983716,0.9586478638539266,0.7532801443592103,0.7628775431628362,0.8437956204379562,0.7458064516129033,0.8048899950549828,0.7284671532846715,0.9344569288389513
oc_12_5000_3000_3_1_p019_0800_1,7.577981651376147,0.8324633450645958,0.9569203565062389,0.7193135876515998,0.7528308839184644,0.8012232415902141,0.7638483965014577,0.770560679468151,0.7064220183486238,0.8918918918918919
oc_12_5000_3000_3_1_p019_0830_1,7.904306220095694,0.8351188702716289,0.9565965789002329,0.6932600279117349,0.7323371210561092,0.7655502392344498,0.759493670886076,0.7405526912864907,0.6236044657097288,0.9331742243436754
oc_12_5000_3000_3_1_p019_0870_1,8.74074074074074,0.8496142788616159,0.958869762810067,0.6952994849033626,0.7057478126865262,0.7566137566137566,0.717391304347826,0.763701116041952,0.6490299823633157,0.9435897435897436
oc_12_5000_3000_3_1_p019_0880_1,8.881720430107526,0.8793754289354618,0.9697399709829525,0.7421559424037538,0.7849081436986464,0.7544802867383512,0.8591836734693877,0.7488094412462161,0.6039426523297491,0.9739884393063584
oc_12_5000_3000_3_1_p019_0900_1,9.660818713450292,0.8699181855505399,0.9665615834704699,0.7280242777715662,0.7605377294233983,0.7719298245614035,0.7935871743486974,0.7313788713058998,0.6101364522417154,0.9233038348082596
oc_12_5000_3000_3_1_p019_0920_1,10.964601769911505,0.8914804750498319,0.9735730214497041,0.7564560364631239,0.7946719772582564,0.7809734513274337,0.8424821002386634,0.7160669651198729,0.5530973451327433,0.9689922480620154
oc_12_5000_3500_3_5_p019_0710_1,8.301507537688442,0.8784245779200023,0.9681403205474518,0.7763648447827227,0.7902764348751806,0.8190954773869347,0.806930693069307,0.7934853338110791,0.6934673366834171,0.9495412844036697
oc_12_5000_3500_3_5_p019_0770_1,8.694736842105263,0.8681369136499529,0.9647067318132465,0.7653060671158419,0.778613894868994,0.8333333333333334,0.7723577235772358,0.7997248528395416,0.7035087719298245,0.9479905437352246
oc_12_5000_3500_3_5_p019_0800_1,8.945848375451263,0.8729110560730484,0.9664097640653357,0.7522187868679301,0.7640087062269968,0.7870036101083032,0.7884267631103075,0.7687630700547989,0.6787003610108303,0.9148418491484185
oc_12_5000_3500_3_5_p019_0830_1,9.53076923076923,0.8447730430071944,0.9603533601168737,0.6903983591161674,0.7192384711811867,0.7576923076923077,0.7350746268656716,0.7451965134555618,0.6673076923076923,0.8784810126582279
oc_12_5000_3500_3_5_p019_0870_1,10.63519313304721,0.8703537705021291,0.9665175765400221,0.7256321981121683,0.7405014156333926,0.7811158798283262,0.7459016393442623,0.7724063980302839,0.6630901287553648,0.9363636363636364
oc_12_5000_3500_3_5_p019_0880_1,11.0625,0.8891496070696545,0.9714760177646188,0.7409037668479017,0.7630077391602798,0.7745535714285714,0.7904328018223234,0.7697159765737505,0.640625,0.959866220735786
oc_12_5000_3500_3_5_p019_0900_1,12.206896551724139,0.8599175158722367,0.9628091383812011,0.6386001616517603,0.6574531415904279,0.6674876847290641,0.6984536082474226,0.6338287306260898,0.458128078817734,0.9253731343283582
oc_12_5000_3500_3_5_p019_0920_1,14.576470588235294,0.8893017555417639,0.9708971299093656,0.7001721947760355,0.6797446018035923,0.6588235294117647,0.7417218543046358,0.5909253968105056,0.3941176470588235,0.9305555555555556
oc_12_5000_4000_4_0_p019_0710_1,9.698630136986301,0.8795199458983803,0.9689486372782148,0.7364924728138258,0.7671324971593202,0.776908023483366,0.8004032258064516,0.7889864051940211,0.6829745596868885,0.9483695652173914
oc_12_5000_4000_4_0_p019_0770_1,10.433684210526316,0.8796652201373786,0.9703319646473946,0.7301170655120591,0.773463478603616,0.7768421052631579,0.8092105263157895,0.7863223692331828,0.6778947368421052,0.9470588235294117
oc_12_5000_4000_4_0_p019_0800_1,10.916299559471366,0.8902934921329516,0.9721813678373382,0.7425275928681452,0.7720559559124699,0.7731277533039648,0.8087557603686636,0.7772904776059482,0.6541850220264317,0.9580645161290322
oc_12_5000_4000_4_0_p019_0830_1,11.913461538461538,0.8921762830073603,0.9725461653015637,0.7305216253094747,0.7551532638324414,0.7548076923076923,0.7929292929292929,0.7475786320420909,0.6009615384615384,0.9652509652509652
oc_12_5000_4000_4_0_p019_0870_1,13.578082191780823,0.8629605259400208,0.9632599135500846,0.643997447691288,0.6492168934781198,0.7013698630136986,0.6481012658227848,0.7288282654537764,0.5972602739726027,0.923728813559322
oc_12_5000_4000_4_0_p019_0880_1,14.200573065902578,0.9009361189284976,0.9753878039585296,0.7242481764592454,0.7446882220877304,0.7249283667621776,0.7981072555205048,0.7279301659762349,0.5702005730659025,0.961352657004831
oc_12_5000_4000_4_0_p019_0900_1,16.249180327868853,0.9064711428961721,0.9775001140467592,0.7164848096104071,0.7333332546258853,0.7049180327868853,0.7933579335793358,0.6858615263516913,0.5180327868852459,0.9404761904761905
oc_12_5000_4000_4_0_p019_0920_1,19.824,0.9263488571668003,0.9820231079523627,0.7531348730926164,0.7543599620970409,0.736,0.7965367965367965,0.6719351778515623,0.472,0.9833333333333333
oc_12_5000_500_0_5_p019_0710_1,5.482300884955753,0.9293948264611167,0.9826884982935153,0.9664534964022671,0.9201864541459606,0.9811946902654868,0.887,0.9543997455352021,0.9778761061946902,0.9454545454545454
oc_12_5000_500_0_5_p019_0770_1,5.690011481056257,0.9323863801876677,0.9833495795435043,0.9624392784222552,0.9204397913543272,0.9873708381171068,0.8811475409836066,0.9548702441361722,0.9770378874856487,0.946607341490545
oc_12_5000_500_0_5_p019_0800_1,5.858156028368795,0.9070453438342316,0.9769235953119614,0.956012345315979,0.8945117015430806,0.9810874704491725,0.845213849287169,0.9364271500118669,0.9739952718676123,0.9186176142697882
oc_12_5000_500_0_5_p019_0830_1,6.095940959409594,0.9596487980830528,0.992460859767724,0.967819007257616,0.9653481255325967,0.981549815498155,0.9591346153846154,0.9692326259105065,0.974169741697417,0.972972972972973
oc_12_5000_500_0_5_p019_0870_1,6.572944297082228,0.9123258242292733,0.9771133625218914,0.9589780737802346,0.8818436360318004,0.9814323607427056,0.8222222222222222,0.9541334845834794,0.9748010610079576,0.9459459459459459
oc_12_5000_500_0_5_p019_0880_1,6.742857142857143,0.9284061169025543,0.982364979792655,0.9694322341228063,0.9066591399957284,0.9850340136054422,0.8578199052132701,0.9593674184575691,0.9809523809523809,0.9486842105263158
oc_12_5000_500_0_5_p019_0900_1,7.172214182344429,0.9542086381471007,0.9912722330440942,0.9648567900996746,0.9565767300580204,0.9826338639652678,0.941747572815534,0.9591281659974679,0.9725036179450073,0.9559032716927454
oc_12_5000_500_0_5_p019_0920_1,8.019417475728156,0.889586915843912,0.969832508073197,0.9478246144446818,0.830860359214238,0.9757281553398058,0.7426108374384236,0.9301561108758044,0.9627831715210357,0.9139784946236559
oc_12_500_1000_1_0_p019_0710_1,55.06666666666667,0.4960667013334291,0.8277856520015854,0.18256577270358,0.06084207209399563,0.4666666666666667,0.031180400890868598,0.16149612919341264,0.25555555555555554,0.12994350282485875
oc_12_500_1000_1_0_p019_0770_1,56.96551724137931,0.9399414886474382,0.9888262938726948,0.3907023831510701,0.5815691822588891,0.40229885057471265,0.8536585365853658,0.5953405220747583,0.39080459770114945,0.918918918918919
oc_12_500_1000_1_0_p019_0800_1,59.0,0.9265033310655455,0.9827580753968254,0.6735566318963874,0.535442522551013,0.7261904761904762,0.40939597315436244,0.6015235213244332,0.6190476190476191,0.5977011494252874
oc_12_500_1000_1_0_p019_0830_1,61.18518518518518,0.8963178062501551,0.9748483224141354,0.7271490999721313,0.48028700629355314,0.7654320987654321,0.3163265306122449,0.5050517433215,0.6419753086419753,0.4126984126984127
oc_12_500_1000_1_0_p019_0870_1,66.08,0.7080242580765672,0.9052979328165375,0.3467880659131952,0.15920726309438044,0.6,0.061813186813186816,0.24255612215705638,0.36,0.18493150684931506
oc_12_500_1000_1_0_p019_0880_1,67.89041095890411,0.80804599157543,0.9419391131437661,0.3489263068681361,0.17705749078328367,0.4794520547945205,0.0857843137254902,0.2751491323195543,0.3698630136986301,0.225
oc_12_500_1000_1_0_p019_0900_1,71.82608695652173,0.7930013416624191,0.9400099701492537,0.25680977976398345,0.13660737494092706,0.391304347826087,0.06801007556675064,0.20776071083221065,0.3188405797101449,0.15602836879432624
oc_12_500_1000_1_0_p019_0920_1,79.93548387096774,0.7137230452723198,0.9083122957353528,0.21302352044263229,0.08987354820188186,0.41935483870967744,0.036931818181818184,0.1680596053098709,0.24193548387096775,0.13636363636363635
oc_12_500_1500_1_5_p019_0710_1,55.06666666666667,0.7381530268051771,0.9212253269916766,0.2025222890595213,0.10735470401042424,0.34444444444444444,0.059845559845559844,0.17273037696585028,0.26666666666666666,0.13953488372093023
oc_12_500_1500_1_5_p019_0770_1,56.96551724137931,0.93182710648402,0.9872378742811818,0.28103763501725243,0.5072458225599632,0.3103448275862069,0.84375,0.5046559636465352,0.2988505747126437,0.8666666666666667
oc_12_500_1500_1_5_p019_0800_1,59.0,0.8241062262224748,0.9488966071428572,0.3849941907853699,0.22369810770406032,0.5,0.12280701754385964,0.3322034171031836,0.42857142857142855,0.27906976744186046
oc_12_500_1500_1_5_p019_0830_1,61.18518518518518,0.8678597753872336,0.9654975580702799,0.5938664599587229,0.36482869580888844,0.6666666666666666,0.21774193548387097,0.42970534998034776,0.5432098765432098,0.35772357723577236
oc_12_500_1500_1_5_p019_0870_1,66.08,0.7197939656098467,0.9259681971774996,0.19288235962605893,0.09238725909656754,0.29333333333333333,0.05176470588235294,0.13600070779008672,0.28,0.08936170212765958
oc_12_500_1500_1_5_p019_0880_1,67.89041095890411,0.6998460359305598,0.9305528932193279,0.022160184292088658,-0.030999460756909826,0.0,0.0,-0.027050243215312134,0.0,0.0
oc_12_500_1500_1_5_p019_0900_1,71.82608695652173,0.5524713955852731,0.8906274029850747,0.038114598728751226,-0.041576854198900386,0.0,0.0,-0.03507591756931259,0.0,0.0
oc_12_500_1500_1_5_p019_0920_1,79.93548387096774,0.8568819651266253,0.9692169988043045,0.0016888446231300147,-0.0031845501735567262,0.016129032258064516,0.009900990099009901,-0.0008697759499650487,0.016129032258064516,0.011627906976744186
oc_12_500_2000_2_0_p019_0710_1,55.06666666666667,0.8236538852967848,0.9502109195402298,0.2881933138396684,0.19382760721894154,0.4111111111111111,0.11708860759493671,0.23622297781271187,0.2777777777777778,0.22727272727272727
oc_12_500_2000_2_0_p019_0770_1,56.96551724137931,0.837420212688627,0.9563727939718422,0.15717277291884257,0.12233472504133497,0.25287356321839083,0.08627450980392157,0.2055668967313581,0.19540229885057472,0.24285714285714285
oc_12_500_2000_2_0_p019_0800_1,59.0,0.878632218657888,0.9726587896825397,0.08105827488411022,0.07794221690751806,0.09523809523809523,0.09195402298850575,0.11788554044254898,0.09523809523809523,0.17391304347826086
oc_12_500_2000_2_0_p019_0830_1,61.18518518518518,0.8452657298759617,0.9584025809013301,0.23861209439676445,0.1328017642758864,0.25925925925925924,0.09333333333333334,0.164823381698218,0.19753086419753085,0.16326530612244897
oc_12_500_2000_2_0_p019_0870_1,66.08,0.5436292795380635,0.8844379447425958,0.04724917867728884,-0.04548172891883051,0.0,0.0,-0.036642823183530036,0.0,0.0
oc_12_500_2000_2_0_p019_0880_1,67.89041095890411,0.6813075484051201,0.8977861801551004,0.10597294587393946,0.005121583729633361,0.1506849315068493,0.016058394160583942,0.04626168147537248,0.0958904109589041,0.0457516339869281
oc_12_500_2000_2_0_p019_0900_1,71.82608695652173,0.775087113814485,0.9461231840796019,0.015179368015367567,-0.02607676659563476,0.0,0.0,-0.020980227450482575,0.0,0.0
oc_12_500_2000_2_0_p019_0920_1,79.93548387096774,0.8555894682031863,0.9651649860502192,0.05375327167114441,0.03286160585184688,0.08064516129032258,0.03289473684210526,0.05672888781170648,0.08064516129032258,0.06097560975609756
oc_12_500_2500_2_6_p019_0710_1,57.627906976744185,0.8055058079478172,0.9485306227687426,0.1288081231058148,0.10385270900040745,0.23255813953488372,0.07326007326007326,0.1241706436249137,0.1744186046511628,0.11627906976744186
oc_12_500_2500_2_6_p019_0770_1,60.4390243902439,0.8350466674296023,0.9597396585946805,0.18329489421300638,0.1541704742191573,0.2804878048780488,0.11004784688995216,0.1578432304540559,0.1951219512195122,0.15384615384615385
oc_12_500_2500_2_6_p019_0800_1,61.18518518518518,0.6525874623129122,0.8888090133015684,0.02896322696064535,-0.004135556600689201,0.16049382716049382,0.014942528735632184,0.1314435353909012,0.12345679012345678,0.16666666666666666
oc_12_500_2500_2_6_p019_0830_1,63.53846153846154,0.8124555452606893,0.947991319030592,0.12613461753323452,0.07054433074825572,0.19230769230769232,0.05016722408026756,0.11448438567082635,0.1282051282051282,0.1282051282051282
oc_12_500_2500_2_6_p019_0870_1,68.83333333333333,0.5135017838455459,0.8531245425616547,0.022354090352656786,0.00188022093997606,0.19444444444444445,0.014783526927138331,0.030796417929761302,0.1388888888888889,0.0273972602739726
oc_12_500_2500_2_6_p019_0880_1,69.80281690140845,0.8909541029405509,0.9776587427889397,0.022461955702064662,0.03834992513975162,0.04225352112676056,0.058823529411764705,0.043048262194095445,0.04225352112676056,0.06818181818181818
oc_12_500_2500_2_6_p019_0900_1,75.0909090909091,0.8051716688788481,0.9521108124253286,0.007800449007357435,-0.016311412268516977,0.015151515151515152,0.0045045045045045045,-0.006729852507613289,0.015151515151515152,0.008264462809917356
oc_12_500_2500_2_6_p019_0920_1,84.0,0.8799896448861225,0.9748245663010967,0.003940535923446009,-0.013260821112503802,0.0,0.0,-0.011802252296274485,0.0,0.0
oc_12_500_3000_3_1_p019_0710_1,69.80281690140845,0.8367346884630694,0.9608659439029242,0.08799290910951074,0.06955813379033018,0.14084507042253522,0.05747126436781609,0.08635256764923457,0.1267605633802817,0.08256880733944955
oc_12_500_3000_3_1_p019_0770_1,73.97014925373135,0.8792056496912598,0.9752694206649413,0.003096417477499891,-0.012998193076364168,0.0,0.0,-0.012120879509322129,0.0,0.0
oc_12_500_3000_3_1_p019_0800_1,75.0909090909091,0.7098672943731978,0.9081982875348467,0.02660473592491741,0.021085536275161867,0.19696969696969696,0.019230769230769232,0.20369658041535024,0.15151515151515152,0.29411764705882354
oc_12_500_3000_3_1_p019_0830_1,77.4375,0.47460056541626483,0.8878486055776893,0.4638763377691385,0.2169707174574074,0.734375,0.07925801011804384,0.2169707174574074,0.734375,0.07925801011804384
oc_12_500_3000_3_1_p019_0870_1,86.94736842105263,0.8149411015169006,0.9464855774985039,0.11335030341920926,0.06086451908887047,0.21052631578947367,0.03529411764705882,0.11768391568460053,0.12280701754385964,0.1320754716981132
oc_12_500_3000_3_1_p019_0880_1,85.44827586206897,0.7271278989347125,0.9324673913043479,0.013019586250037296,-0.014538160925380047,0.034482758620689655,0.0058309037900874635,-0.005243852259678566,0.034482758620689655,0.008968609865470852
oc_12_500_3000_3_1_p019_0900_1,97.17647058823529,0.7260803272114736,0.9177636309167166,0.002744182891966318,0.011106255773785637,0.13725490196078433,0.013461538461538462,0.052965079468426685,0.13725490196078433,0.037037037037037035
oc_12_500_3000_3_1_p019_0920_1,110.13333333333334,0.8494333989234311,0.9620839032193561,0.1324820821833308,0.07697146583560074,0.2,0.04433497536945813,0.09950268909272877,0.17777777777777778,0.07079646017699115
oc_12_500_3500_3_5_p019_0710_1,82.6,0.7219527785302207,0.917249461722488,0.03688568969559325,0.014949263843354122,0.15,0.0166358595194085,0.10387328484458322,0.11666666666666667,0.11290322580645161
oc_12_500_3500_3_5_p019_0770_1,85.44827586206897,0.897393861903514,0.9739978859194256,0.39196737284365235,0.21422030469193148,0.3620689655172414,0.14383561643835616,0.20725390886404332,0.1896551724137931,0.24444444444444444
oc_12_500_3500_3_5_p019_0800_1,90.10909090909091,0.39951852725054926,0.8306715625623629,0.0875663026923924,-0.04784271274739548,0.01818181818181818,0.000999000999000999,-0.03183416546909938,0.01818181818181818,0.0017452006980802793
oc_12_500_3500_3_5_p019_0830_1,95.3076923076923,0.4770359268810762,0.8883785942492013,0.5006556166468996,0.2076255645356668,0.7692307692307693,0.06814310051107325,0.2076255645356668,0.7692307692307693,0.06814310051107325
oc_12_500_3500_3_5_p019_0870_1,105.44680851063829,0.8222992929423453,0.9585884469318409,0.0064506394210887,-0.007937751837861004,0.02127659574468085,0.00546448087431694,-0.002657067410400662,0.02127659574468085,0.0078125
oc_12_500_3500_3_5_p019_0880_1,112.63636363636364,0.7361931594644092,0.92952968,0.059339048374324466,0.019119874254692637,0.13636363636363635,0.014814814814814815,0.03183119993887854,0.11363636363636363,0.02262443438914027
oc_12_500_3500_3_5_p019_0900_1,123.9,0.6372950416172635,0.9119137309847878,0.030082720069725566,-0.02829995037488829,0.0,0.0,-0.024468126920442753,0.0,0.0
oc_12_500_3500_3_5_p019_0920_1,137.66666666666666,0.8894930923708582,0.9706122996794871,0.20763177760741292,0.07506335539557474,0.19444444444444445,0.04093567251461988,0.11655247091125798,0.16666666666666666,0.09375
oc_12_500_4000_4_0_p019_0710_1,97.17647058823529,0.5081943567919494,0.8561724985020971,0.08497255113524316,-0.04661667835760923,0.0,0.0,-0.03033544290452643,0.0,0.0
oc_12_500_4000_4_0_p019_0770_1,103.25,0.9058852450930729,0.9800132094324541,0.08887693322664891,0.09062714961355299,0.125,0.0821917808219178,0.11514217053446113,0.125,0.12244897959183673
oc_12_500_4000_4_0_p019_0800_1,112.63636363636364,0.6535486438712015,0.89428548,0.019742165827216995,-0.0017862096637616047,0.13636363636363635,0.008391608391608392,0.032644134574221,0.11363636363636363,0.023148148148148147
oc_12_500_4000_4_0_p019_0830_1,118.0,0.4879617813586864,0.8907563025210083,0.5994322326329639,0.21388390811477523,0.8571428571428571,0.0625,0.21388390811477523,0.8571428571428571,0.0625
oc_12_500_4000_4_0_p019_0870_1,130.42105263157896,0.8874418347484034,0.9719598718462155,0.13527159511179676,0.07599481595267277,0.18421052631578946,0.0440251572327044,0.10901200727611092,0.15789473684210525,0.08823529411764706
oc_12_500_4000_4_0_p019_0880_1,145.76470588235293,0.6869848483761019,0.9340681362725451,0.04148347309950762,0.03962258247767923,0.17647058823529413,0.019543973941368076,0.03962258247767923,0.17647058823529413,0.019543973941368076
oc_12_500_4000_4_0_p019_0900_1,159.8709677419355,0.4976432945064201,0.8771116703428915,0.04870665604140012,-0.030969138165776827,0.0,0.0,-0.02613622094584188,0.0,0.0
oc_12_500_4000_4_0_p019_0920_1,198.24,0.82978200811476,0.9609869504115639,0.0021568925793128413,0.00031172135778555514,0.04,0.005128205128205128,0.004500572220353923,0.04,0.00684931506849315
oc_12_500_500_0_5_p019_0710_1,55.06666666666667,0.8972492632872179,0.9729265953230282,0.7744354747144249,0.5029539491473921,0.8222222222222222,0.3231441048034934,0.6925200504797615,0.8,0.6101694915254238
oc_12_500_500_0_5_p019_0770_1,56.96551724137931,0.970452676461631,0.9953339083878644,0.8283436903684993,0.8441573013526911,0.7701149425287356,0.9305555555555556,0.8092912885932599,0.7126436781609196,0.9253731343283582
oc_12_500_500_0_5_p019_0800_1,59.0,0.8924254769961416,0.969563492063492,0.7455659457381373,0.4430721139072982,0.8214285714285714,0.25461254612546125,0.6636925276016862,0.7380952380952381,0.6078431372549019
oc_12_500_500_0_5_p019_0830_1,61.18518518518518,0.9671369915562038,0.9945378796902918,0.8090144563489742,0.8169667146288282,0.8148148148148148,0.825,0.8257378962890279,0.8024691358024691,0.8552631578947368
oc_12_500_500_0_5_p019_0870_1,66.08,0.7831177867399892,0.931749970184854,0.800945993823772,0.295135837082678,0.8666666666666667,0.11586452762923351,0.5414825596250007,0.8533333333333334,0.35555555555555557
oc_12_500_500_0_5_p019_0880_1,67.89041095890411,0.9609735151071916,0.9924397693378405,0.828176179867749,0.7285930278870257,0.8493150684931506,0.6326530612244898,0.7636931020376574,0.7671232876712328,0.7671232876712328
oc_12_500_500_0_5_p019_0900_1,71.82608695652173,0.9482783797698876,0.9886943084577114,0.8168496037391456,0.6311708274772236,0.8405797101449275,0.48333333333333334,0.749154715885776,0.8405797101449275,0.6744186046511628
oc_12_500_500_0_5_p019_0920_1,79.93548387096774,0.9107638346697302,0.9774975886807493,0.7534074006033863,0.4704099321883916,0.8225806451612904,0.2802197802197802,0.5829135743659993,0.7741935483870968,0.4485981308411215
