Name,CI,LSR,BSL,HMS,MCC_5,TPR_5,PPV_5,MCC_9,TPR_9,PPV_9
1_00_1_31_8_35_53_01_9_61,1.0,0.9734032763929525,0.9943891891891892,1.0,0.9865765724632495,1.0,0.9866666666666667,0.9865765724632495,1.0,0.9866666666666667
1_00_2_65_10_68_37_88_45_07,1.0,0.9589015570509946,0.9932432432432432,0.9783860148148149,0.9865765724632495,1.0,0.9866666666666667,0.9865765724632495,1.0,0.9866666666666667
10_00_1_79_9_26_24_89_96_49,10.0,0.9442743569450572,0.9893987714987715,0.9800542394515127,0.9322272357358043,1.0,0.8809523809523809,0.9448189915688975,1.0,0.9024390243902439
10_00_7_49_4_56_48_53_74_08,10.0,0.9660943410199294,0.9947520884520884,0.9757808909829375,0.9707321956020502,0.9864864864864865,0.9605263157894737,0.9630887388030251,0.972972972972973,0.96
100_00_4_51_5_21_22_99_1_70,100.0,0.7699258492037242,0.9253119079475515,0.8278128141996759,0.26954395434350076,0.9864864864864865,0.08295454545454546,0.40381291144682174,0.8243243243243243,0.20748299319727892
101_00_0_85_0_38_3_08_19_93,101.0,0.9674804870189309,0.9936675278219396,0.9436087794122018,0.7159361353630669,0.9459459459459459,0.546875,0.8166799298640002,0.9324324324324325,0.71875
102_00_6_47_6_17_2_56_9_35,102.0,0.5338232364130692,0.8492436237208082,0.07607841425611017,-0.04504546043686636,0.0,0.0,-0.009936840293539312,0.0,0.0
103_00_0_13_0_92_41_41_10_35,103.0,0.9641542216907635,0.9934428534303534,0.991560780514513,0.7430236158625575,1.0,0.556390977443609,0.8000105529063368,1.0,0.6434782608695652
103_00_0_55_1_45_13_42_0_67,103.0,0.6056634599142756,0.8592639682952183,0.8048430848095784,0.17553070131585918,1.0,0.04013015184381779,0.3546296900449784,0.5135135135135135,0.25675675675675674
104_00_0_00_4_03_32_13_5_55,104.0,0.9480917828552585,0.988272084942085,0.9602789490398054,0.6279397771583766,0.9864864864864865,0.40555555555555556,0.6952111618997354,0.918918918918919,0.53125
105_00_1_36_0_00_8_68_4_15,105.0,0.6250507530797331,0.8683226925038245,0.42954685989897856,0.15123191433725877,0.9054054054054054,0.035318924617817604,-0.010805486439762186,0.0,0.0
106_00_0_00_2_68_29_45_20_98,106.0,0.9401791201833332,0.9855940894165193,0.9731321648302049,0.5786164309593693,1.0,0.34101382488479265,0.70135443456277,0.9864864864864865,0.503448275862069
106_00_0_45_7_36_30_11_9_13,106.0,0.976049271864639,0.9965378504672897,0.975254066612239,0.831096235179353,0.972972972972973,0.7128712871287128,0.8376558428814692,0.9459459459459459,0.7446808510638298
107_00_1_46_1_03_17_91_2_52,107.0,0.909295669738418,0.9757345595595596,0.9779724106546097,0.46218413227847205,1.0,0.2208955223880597,0.6280067860815566,1.0,0.4
108_00_0_00_1_97_1_80_6_07,108.0,0.517841955224271,0.8310622365484751,0.08183814577612503,-0.05426316181156833,0.02702702702702703,0.0008845643520566122,-0.011157085436583274,0.0,0.0
109_00_1_44_4_40_4_14_16_40,109.0,0.954403753819433,0.9903506388206388,0.9068635712343531,0.6278124716628961,0.9324324324324325,0.42857142857142855,0.701422046421086,0.8783783783783784,0.5652173913043478
109_00_2_45_0_97_30_43_1_85,109.0,0.9298064894121363,0.9823308845208846,0.9884468819375866,0.5191129901962022,1.0,0.27611940298507465,0.6764383248600345,1.0,0.4625
11_00_4_88_9_02_7_94_27_55,11.0,0.952750850919059,0.9911404279279279,0.9619592719431145,0.9428365123077749,0.972972972972973,0.9230769230769231,0.9418474535367248,0.9594594594594594,0.9342105263157895
110_00_0_07_2_83_1_88_34_57,110.0,0.9502042066771021,0.9886032748965181,0.9423685189683122,0.5748445215957159,0.8918918918918919,0.37714285714285717,0.6644678561616143,0.8648648648648649,0.5161290322580645
110_00_5_54_0_00_13_69_37_78,110.0,0.9072282155264736,0.9732850742634527,0.9912770929939797,0.4299584011069077,1.0,0.19220779220779222,0.6481224389918658,1.0,0.42528735632183906
111_00_0_00_2_08_4_65_13_14,111.0,0.9587394508182013,0.9910887427606178,0.9450682445374231,0.646477846490011,0.9594594594594594,0.4409937888198758,0.6967106131473612,0.8648648648648649,0.5663716814159292
112_00_4_91_2_09_9_29_28_55,112.0,0.9564118656368165,0.989875221238938,0.9854463226547931,0.6317067942080059,1.0,0.40437158469945356,0.7756492977684816,0.9864864864864865,0.6134453781512605
112_00_5_20_2_60_12_26_13_54,112.0,0.902435065019788,0.9737010762975364,0.9686513803302976,0.44356321694899997,1.0,0.20385674931129477,0.5922488497107499,0.9864864864864865,0.3613861386138614
113_00_0_00_0_96_7_64_11_08,113.0,0.6807778654588053,0.8903585467045994,0.8989530262888052,0.20344347990202105,1.0,0.04979811574697174,0.45829388091369583,0.9594594594594594,0.22611464968152867
114_00_0_78_2_63_1_32_16_68,114.0,0.7847238363023288,0.931813231492362,0.8227609166051386,0.2624746675317491,0.9594594594594594,0.08022598870056497,0.39571805913586205,0.8648648648648649,0.1893491124260355
115_00_0_00_0_87_2_88_2_07,115.0,0.8523686003717383,0.9638914492078285,0.0009415203223888113,0.002839302368555268,0.04054054054054054,0.01,0.0031012664956949474,0.02702702702702703,0.010526315789473684
115_00_2_38_3_32_1_36_5_93,115.0,0.7630925473354343,0.9247942101584343,0.391046740274671,0.1251693166514344,0.5135135135135135,0.042600896860986545,0.13185295664482807,0.3108108108108108,0.06948640483383686
116_00_0_00_0_30_13_40_22_52,116.0,0.9323487057801522,0.9823268191268191,0.9922430500975602,0.506946469835751,1.0,0.26334519572953735,0.706484492250388,1.0,0.5034013605442177
116_00_0_00_6_30_15_40_2_82,116.0,0.6557988067950256,0.8787904712404713,0.7395116261090988,0.17561017919711067,0.972972972972973,0.04020100502512563,0.09709631392546451,0.14864864864864866,0.07801418439716312
116_00_2_77_2_71_13_53_43_39,116.0,0.9827233512895577,0.9981934511434511,0.9935358913594683,0.8885720220145541,0.9864864864864865,0.8021978021978022,0.9179795702609922,0.972972972972973,0.8674698795180723
117_00_3_94_5_31_12_50_5_67,117.0,0.9522453749996677,0.9899374026568942,0.8768632282413403,0.5836402494191099,0.8513513513513513,0.4064516129032258,0.6303183488716628,0.7972972972972973,0.5042735042735043
118_00_0_00_0_55_15_53_12_18,118.0,0.9718269097724729,0.9952959005223712,0.9038679009075852,0.7269229267408958,0.8648648648648649,0.6153846153846154,0.7634966421164721,0.8108108108108109,0.7228915662650602
118_00_0_98_0_71_7_33_1_22,118.0,0.6374365008920603,0.8739333522598228,0.5827064272707408,0.16629084928220325,0.9459459459459459,0.03783783783783784,-0.011869465233274116,0.0,0.0
119_00_1_18_1_32_14_60_2_11,119.0,0.7096213764610928,0.9093754504504504,0.0023322518162166572,-0.011153261576051914,0.08108108108108109,0.005597014925373134,-0.017376439650766486,0.0,0.0
12_00_4_88_5_43_54_59_12_08,12.0,0.9481464678777924,0.9898909563409564,0.9808364806655815,0.9213236181181537,1.0,0.8604651162790697,0.9379909290566607,0.9864864864864865,0.9012345679012346
120_00_0_02_4_30_8_59_15_24,120.0,0.9401373768406844,0.9852429863748046,0.9187548633754413,0.5197449898432714,0.9324324324324325,0.296137339055794,0.6500005747847456,0.9054054054054054,0.47183098591549294
120_00_5_09_6_15_3_72_27_57,120.0,0.9225288190387342,0.9799471632789815,0.9703088813867945,0.4836616290637199,1.0,0.24025974025974026,0.6198179633830373,0.9864864864864865,0.3945945945945946
121_00_0_07_1_44_11_78_3_75,121.0,0.9094576326044015,0.9749545635799735,0.9766258322798634,0.43073405199537274,1.0,0.19220779220779222,0.6428606632670487,1.0,0.4180790960451977
122_00_0_00_1_67_7_31_6_41,122.0,0.797297173382392,0.9394920566908371,0.7616526160896894,0.24782447030999208,0.8513513513513513,0.08087291399229782,0.2177232855044523,0.527027027027027,0.10103626943005181
122_00_0_00_8_26_10_77_24_46,122.0,0.9803726178533204,0.997493484948363,0.958444710638336,0.8384706651049926,0.9054054054054054,0.7790697674418605,0.8488615179969419,0.8783783783783784,0.8227848101265823
123_00_0_54_2_42_28_12_6_02,123.0,0.9373053540362972,0.9850949760244115,0.990243100402558,0.5478513489848862,1.0,0.30578512396694213,0.6878740667500971,1.0,0.4774193548387097
124_00_3_86_2_05_11_88_4_79,124.0,0.6793829044386315,0.888313718918919,0.8946481648100733,0.1906261410532191,1.0,0.04404761904761905,0.4334433432459373,0.8918918918918919,0.21782178217821782
125_00_0_48_1_61_10_04_6_96,125.0,0.9781780032612123,0.9968978335478336,0.883259154413197,0.7861315493856749,0.8243243243243243,0.7530864197530864,0.7878286323418745,0.7567567567567568,0.8235294117647058
126_00_0_15_1_54_8_86_29_97,126.0,0.9022428086748842,0.9714415088316664,0.9762997812744981,0.3949577539689515,1.0,0.16263736263736264,0.6104186670978873,1.0,0.37755102040816324
127_00_4_55_2_77_16_27_9_69,127.0,0.9371251056921116,0.9848610430743243,0.9790548119518575,0.5345639077950765,1.0,0.29133858267716534,0.6563898343487701,1.0,0.43529411764705883
128_00_0_21_1_18_27_07_14_12,128.0,0.9245128981981021,0.9794452964592499,0.9967178476332395,0.4592294403515856,1.0,0.21700879765395895,0.6623919525495424,1.0,0.4431137724550898
129_00_0_00_1_69_9_42_8_72,129.0,0.6357604514530217,0.8746824948024948,0.562852972522234,0.14408571167447895,0.8513513513513513,0.032984293193717276,0.048055707348752044,0.13513513513513514,0.02976190476190476
13_00_6_08_9_79_33_18_20_56,13.0,0.9439437529872797,0.9891747104247104,0.9312556665418685,0.9138521077088091,0.9324324324324325,0.9078947368421053,0.9038253624079866,0.8918918918918919,0.9295774647887324
130_00_2_12_2_68_25_82_15_07,130.0,0.9338254617299385,0.9827200639570869,0.9875341247777363,0.4941970955304869,1.0,0.25,0.6624424746672015,1.0,0.4431137724550898
131_00_0_87_2_55_1_26_0_41,131.0,0.8248139232975025,0.9481021703521704,0.5041873729838633,0.10070726676248003,0.35135135135135137,0.040498442367601244,0.02923250881820061,0.08108108108108109,0.022813688212927757
131_00_1_87_0_33_16_05_0_79,131.0,0.741021530121838,0.9157236895986895,0.8109187972260461,0.22433786355338908,0.972972972972973,0.059113300492610835,0.3452533764140925,0.8918918918918919,0.14102564102564102
131_00_6_32_0_87_9_78_0_00,131.0,0.6626884816950073,0.8836783886158887,0.3493914524473972,-0.034113073727048616,0.02702702702702703,0.0011661807580174927,-0.014013948016684766,0.0,0.0
132_00_1_31_3_98_6_22_1_14,132.0,0.7556853937890222,0.9258193863035968,0.023873029867027773,0.008311983352706213,0.12162162162162163,0.009750812567713976,-0.017202558830099385,0.0,0.0
132_00_2_82_2_60_18_82_0_64,132.0,0.8558810738152374,0.9565940560861613,0.9695888845727118,0.3225552916441841,1.0,0.11077844311377245,0.5086375145544431,1.0,0.2642857142857143
133_00_0_64_0_94_5_09_3_30,133.0,0.7336302144933566,0.913193344090359,0.8644774566668765,0.22044601759419763,0.9864864864864865,0.05645784996133024,0.35034572508189515,0.8783783783783784,0.14705882352941177
134_00_0_10_2_85_4_89_27_70,134.0,0.9002064878746232,0.9713856056056056,0.9719823050794703,0.3905389334112861,1.0,0.15879828326180256,0.5677285015170833,0.9864864864864865,0.33181818181818185
134_00_0_40_1_36_8_83_20_14,134.0,0.9128427393482392,0.9747608308308309,0.9758134827268495,0.4063396858522528,1.0,0.1712962962962963,0.6204172125874523,1.0,0.3894736842105263
135_00_3_57_0_00_2_94_1_61,135.0,0.9377540322553971,0.9882509340222575,0.0014222122917816327,-0.005958083378359687,0.0,0.0,-0.005228155187960666,0.0,0.0
136_00_1_95_0_87_9_37_26_93,136.0,0.9262274351669346,0.9797915663839022,0.9642172258128641,0.452128433435518,1.0,0.21022727272727273,0.6185989720284613,0.9864864864864865,0.3924731182795699
136_00_4_21_0_22_3_50_6_15,136.0,0.7424975904248079,0.9153045373840994,0.8912034770157176,0.22067004232726403,1.0,0.055639097744360905,0.41565755836472845,0.9594594594594594,0.18635170603674542
137_00_0_00_1_05_2_63_7_18,137.0,0.5738489392289037,0.8702268507638073,0.1642966182355452,-0.03720677793343937,0.0,0.0,-0.007446860227253259,0.0,0.0
137_00_0_00_3_02_15_97_20_50,137.0,0.9134301374293697,0.9754770172346259,0.9868543966373896,0.4079877252715235,1.0,0.17249417249417248,0.6221680132633574,1.0,0.3915343915343915
137_00_2_80_1_27_6_21_3_49,137.0,0.5640808597597267,0.84795455346651,0.08961203556377584,0.04636749425819419,0.47297297297297297,0.014227642276422764,0.0017368356775396912,0.013513513513513514,0.008620689655172414
138_00_0_58_1_89_9_93_2_99,138.0,0.6067341476890702,0.8619779311685787,0.8625052463149728,0.1580019418581766,1.0,0.03197925669835782,0.3814962849032473,0.8243243243243243,0.18373493975903615
139_00_0_00_0_83_9_16_1_78,139.0,0.877554416953846,0.9690848938223938,0.37240412399874767,0.10926760936187772,0.2702702702702703,0.055710306406685235,0.030017472857038444,0.06756756756756757,0.025252525252525252
14_00_9_99_9_25_46_28_11_15,14.0,0.9568218124185152,0.9923948648648648,0.9767113723943674,0.9450143832058956,0.9864864864864865,0.9125,0.9297495671431432,0.9594594594594594,0.9102564102564102
140_00_0_00_0_18_1_88_2_78,140.0,0.5475135141637475,0.8362733371669542,0.4442589187864957,0.1311907361766285,0.9594594594594594,0.025186236253990777,-0.008602818938293984,0.0,0.0
141_00_0_00_2_49_3_04_16_31,141.0,0.9621454105387258,0.9923508374571754,0.9597658034250031,0.6240824646622122,0.9594594594594594,0.41040462427745666,0.7192834911341652,0.918918918918919,0.5666666666666667
142_00_4_78_2_70_17_94_5_53,142.0,0.8152547297735189,0.9435830372330373,0.739828097243331,0.24448440550057038,0.8783783783783784,0.07540603248259861,0.2656842961511397,0.6216216216216216,0.12234042553191489
143_00_0_34_0_00_5_14_16_08,143.0,0.617385952149617,0.8703939283033033,0.7475943102870644,0.15939227851240698,1.0,0.03217391304347826,-0.009401302275177156,0.0,0.0
144_00_3_18_2_92_3_02_22_39,144.0,0.6295255595931241,0.8706989561975769,0.48052669250886226,0.1392726417747536,0.918918918918919,0.028404344193817876,-0.010187525767057806,0.0,0.0
145_00_0_00_5_22_18_31_8_79,145.0,0.857112458795386,0.9547275268419104,0.9913045133620482,0.29287882565854517,1.0,0.09203980099502487,0.5384769370478004,1.0,0.2948207171314741
146_00_0_00_0_32_15_48_6_47,146.0,0.8977223633277729,0.9706595330023902,0.9529940835527811,0.37744272175814597,1.0,0.14829659318637275,0.5162779554019464,0.972972972972973,0.27906976744186046
146_00_0_00_1_40_15_82_2_23,146.0,0.7319244774945113,0.9108324140466998,0.9153963795262638,0.2044900109113199,1.0,0.048334421946440234,0.4329712000726856,0.972972972972973,0.19834710743801653
146_00_0_70_3_08_26_42_5_10,146.0,0.9793412389351088,0.9974407427836,0.9901285877237648,0.8216211178400038,0.9324324324324325,0.7263157894736842,0.7928598493542885,0.8513513513513513,0.7411764705882353
147_00_0_16_0_55_28_02_0_00,147.0,0.9815035418950481,0.9978189371804237,0.918352548318665,0.8260804322700838,0.8918918918918919,0.7674418604651163,0.8121196346038592,0.8243243243243243,0.8026315789473685
147_00_1_10_3_45_16_40_2_82,147.0,0.8927263016513405,0.968695726807889,0.9846820383791215,0.35563614365865887,1.0,0.13237924865831843,0.5569856635336008,1.0,0.3148936170212766
148_00_1_58_5_89_40_00_4_82,148.0,0.8973814559668879,0.9702512878650462,0.9945220084358141,0.3629312327073409,1.0,0.137546468401487,0.5815072232145106,1.0,0.3425925925925926
149_00_0_00_0_88_26_55_26_10,149.0,0.9369473442017627,0.9832893513513513,0.9804057926714883,0.4732106890425838,1.0,0.22910216718266255,0.6557573487093018,0.9864864864864865,0.4397590361445783
15_00_3_20_2_70_85_33_15_91,15.0,0.9597043162204,0.9930774493243243,0.9845303462820771,0.9403921253379307,1.0,0.891566265060241,0.9465384088084295,1.0,0.9024390243902439
15_00_3_39_10_29_66_64_48_48,15.0,0.9770321113577356,0.9966141047297298,0.987684153630832,0.9648503262549915,0.9864864864864865,0.948051948051948,0.9785389737736913,0.9864864864864865,0.9733333333333334
150_00_3_55_0_53_9_16_24_58,150.0,0.9038734152418856,0.9726535618399856,0.9750686582942779,0.38414038726623695,1.0,0.15320910973084886,0.5441982740854799,1.0,0.3008130081300813
151_00_0_00_0_00_18_98_3_16,151.0,0.9275783966321113,0.9809359263869132,0.9779559728626243,0.44186828536894224,1.0,0.2005420054200542,0.6139429382829696,0.9864864864864865,0.3862433862433862
151_00_4_10_0_00_2_11_12_58,151.0,0.8397947886250987,0.951460090682788,0.6633677561311573,0.2255079019419632,0.7702702702702703,0.07364341085271318,0.28752510268652837,0.6621621621621622,0.13279132791327913
152_00_4_22_1_50_11_08_6_57,152.0,0.6840283854293356,0.8915939498321851,0.8846565689117278,0.175165934788274,1.0,0.03701850925462731,0.4402003036384448,0.918918918918919,0.21656050955414013
153_00_0_00_0_56_28_71_6_48,153.0,0.9385573832629948,0.9842475517725517,0.9654085572431945,0.4736102293300553,0.9864864864864865,0.23248407643312102,0.6370395044215768,0.972972972972973,0.42105263157894735
153_00_0_92_0_48_22_06_9_77,153.0,0.8478719441058098,0.9522383818883818,0.9738592981821403,0.2838651867583182,1.0,0.08654970760233918,0.4883401398526057,1.0,0.24342105263157895
154_00_0_39_2_43_3_19_0_47,154.0,0.5476931199987265,0.8381116739319965,0.6036618093834059,0.1265233615711611,1.0,0.022356495468277945,-0.006449199260368398,0.0,0.0
155_00_4_24_2_86_1_81_18_11,155.0,0.796276982275996,0.9346022782397783,0.977543571615147,0.23872037095323637,1.0,0.06303236797274275,0.4445178414378958,1.0,0.20273972602739726
156_00_0_00_1_06_3_21_23_51,156.0,0.7942669809980967,0.9326555000860733,0.9626526383577686,0.23309987185163109,1.0,0.06035889070146819,0.4477309046324175,1.0,0.20555555555555555
157_00_0_00_0_00_4_43_12_39,157.0,0.8829016935843167,0.9675820646595963,0.8802881999349143,0.33594549668960993,0.9459459459459459,0.1252236135957066,0.4364824738014212,0.8918918918918919,0.21926910299003322
158_00_0_47_0_00_1_43_20_73,158.0,0.829357980987061,0.9463034846166921,0.9573764963586214,0.2660080447960517,1.0,0.07660455486542443,0.44090159149356123,1.0,0.19946091644204852
159_00_0_00_4_70_28_67_7_13,159.0,0.9178472702541368,0.9772568581081081,0.9674201514888374,0.403670976526527,1.0,0.16818181818181818,0.5753349662905657,0.972972972972973,0.3444976076555024
16_00_6_65_8_35_6_28_45_83,16.0,0.9402911327869672,0.9876864069952305,0.960537540677433,0.8827395597162949,0.9594594594594594,0.8255813953488372,0.9023308853893397,0.9324324324324325,0.8846153846153846
160_00_1_96_2_81_7_46_17_67,160.0,0.9424953759728536,0.9860241228806447,0.9771916605843906,0.4987570166361929,1.0,0.2534246575342466,0.6500229565158231,0.9864864864864865,0.4319526627218935
161_00_0_19_0_64_0_00_0_96,161.0,0.6690541705113022,0.8865681097764431,0.4537681995244742,0.12705096210873723,0.7837837837837838,0.027898027898027897,-0.014849435909502795,0.0,0.0
162_00_1_63_0_25_15_08_20_33,162.0,0.9074928446390981,0.9725053888244072,0.9920295290862248,0.3597912297773722,1.0,0.13479052823315119,0.5931209805982511,1.0,0.3557692307692308
163_00_0_00_1_24_23_12_22_85,163.0,0.9264104980430793,0.9802761288727753,0.9823085867727426,0.423716677768458,1.0,0.18453865336658354,0.6161468881893534,1.0,0.38341968911917096
164_00_0_00_0_24_7_35_30_40,164.0,0.8438049594622955,0.9510687223587224,0.9771575426868637,0.27386855484697575,1.0,0.08061002178649238,0.4525620502360918,1.0,0.2096317280453258
164_00_1_46_0_39_4_24_11_16,164.0,0.7547040564126243,0.9191022440622441,0.9430444671481817,0.20755148045178853,1.0,0.0488771466314399,0.40843792712920673,0.9864864864864865,0.17422434367541767
165_00_0_28_2_15_13_36_11_08,165.0,0.9511554733546314,0.9880311055030935,0.9756055264502624,0.5101966967011189,0.9864864864864865,0.26838235294117646,0.695318103123934,0.9864864864864865,0.49324324324324326
166_00_1_77_0_00_3_96_6_96,166.0,0.7695580314484067,0.9285354345363328,0.6811192359827039,0.1879979014563417,0.8243243243243243,0.04963384865744508,0.22010704210337953,0.6216216216216216,0.0856610800744879
167_00_0_00_0_17_9_07_22_45,167.0,0.8865737716467534,0.9655227799227799,0.996042428844549,0.31584020545804153,1.0,0.10511363636363637,0.5562813126580332,1.0,0.3135593220338983
168_00_0_21_0_61_2_60_2_33,168.0,0.7456589201966461,0.9193892691508077,0.24207643946802815,0.0036735870298823543,0.12162162162162163,0.006731488406881077,-0.015076580313776896,0.0,0.0
169_00_0_00_2_83_9_28_0_93,169.0,0.9722226872210171,0.9958608426073132,0.5507825062448862,0.5831015926424771,0.527027027027027,0.65,0.6048530823570882,0.5135135135135135,0.7169811320754716
17_00_4_01_7_64_31_07_8_61,17.0,0.9384254747261698,0.9865635885885886,0.9329317997043007,0.8485092356687914,0.918918918918919,0.8,0.8241726825986891,0.8108108108108109,0.8571428571428571
17_00_4_49_12_39_43_63_31_96,17.0,0.9667943923657532,0.9941246996996997,0.9819545527882172,0.9333065515047985,0.9864864864864865,0.8902439024390244,0.9284578696343402,0.9324324324324325,0.9324324324324325
170_00_1_04_2_55_15_96_23_72,170.0,0.9141618723115178,0.9761401454085664,0.969425428111004,0.3887854582402634,1.0,0.15611814345991562,0.5369620989838814,1.0,0.2924901185770751
171_00_8_89_2_90_3_76_11_91,171.0,0.8808164451945191,0.9666109522313011,0.901191114093777,0.3303464811013867,0.9864864864864865,0.11587301587301588,0.39891776298206555,0.8378378378378378,0.19558359621451105
172_00_0_74_1_62_20_83_14_41,172.0,0.9549390220303309,0.9892760428058116,0.9956368917577267,0.5380930330514704,1.0,0.29365079365079366,0.7099170091803284,1.0,0.5068493150684932
172_00_1_86_0_20_10_34_11_58,172.0,0.8548290379069046,0.956929542259022,0.8764126609306193,0.28360990688686305,0.972972972972973,0.08812729498164015,0.3934527348128488,0.9054054054054054,0.1763157894736842
173_00_0_00_1_34_6_65_0_00,173.0,0.8683986365825859,0.9632373718546132,0.4272326186873532,0.1444753190764236,0.44594594594594594,0.05527638190954774,0.1582295090409374,0.33783783783783783,0.08305647840531562
173_00_1_36_0_00_31_25_3_71,173.0,0.9837135945928036,0.9983781842187015,0.9479108041980684,0.8414633011388173,0.8648648648648649,0.8205128205128205,0.8247097284218662,0.7972972972972973,0.855072463768116
174_00_0_00_0_98_4_24_1_12,174.0,0.610566971323793,0.8674471969111969,0.09334019582139585,-0.036453612934959856,0.0,0.0,-0.016884130645959495,0.0,0.0
175_00_5_65_1_15_8_04_1_34,175.0,0.5730827355440684,0.8484283323095823,0.9532153041607716,0.1244540376557044,1.0,0.021082621082621083,0.47427809490134026,0.9864864864864865,0.23248407643312102
176_00_0_00_0_19_10_30_0_28,176.0,0.8589802273482172,0.9605054817529394,0.582615045202761,0.1945303220338917,0.6216216216216216,0.06824925816023739,0.2375168366619947,0.5675675675675675,0.10687022900763359
176_00_0_00_2_31_4_86_3_36,176.0,0.506337121695328,0.8238839441136051,0.9018786054984824,0.11454572068740242,1.0,0.01869631126831733,0.21359753296429504,0.3108108108108108,0.1554054054054054
176_00_0_45_0_14_13_41_7_37,176.0,0.9200370038538869,0.9776948923499771,0.9904395373571383,0.38731061090439123,1.0,0.15481171548117154,0.6084234244018565,1.0,0.37373737373737376
177_00_0_00_5_00_13_18_1_93,177.0,0.9583701019316918,0.9917421879744913,0.8717204997657878,0.5381810787246694,0.8378378378378378,0.3502824858757062,0.5561251392274594,0.7297297297297297,0.42857142857142855
178_00_1_74_2_26_7_22_3_34,178.0,0.709530945235303,0.9019599426241884,0.5430073140562894,0.1430977969479399,0.8243243243243243,0.03123399897593446,0.09263885592954936,0.2702702702702703,0.04081632653061224
178_00_2_37_1_85_17_03_14_39,178.0,0.612261138746349,0.8642814132568323,0.950936983939063,0.1342705641006798,1.0,0.023514458214172227,0.5243513109111184,0.918918918918919,0.30357142857142855
179_00_0_36_6_59_6_44_3_40,179.0,0.7507030461871126,0.9222133333333333,0.02672219126142361,-0.024976805022192808,0.0,0.0,-0.015125230866293343,0.0,0.0
18_00_3_39_6_74_20_34_49_30,18.0,0.9303147037932081,0.9855515647226174,0.9724424900142697,0.8706904454809711,1.0,0.7708333333333334,0.8959957046818376,1.0,0.8131868131868132
180_00_2_32_3_85_1_74_2_02,180.0,0.9449182311658578,0.9895581753023742,0.0018099178095141166,-0.005479554880958802,0.0,0.0,-0.004697940262899574,0.0,0.0
181_00_2_41_1_70_1_24_16_45,181.0,0.6215262224446878,0.8691786753786754,0.9394889277275222,0.13860778993641296,1.0,0.024601063829787235,0.4628546177709628,0.9459459459459459,0.23102310231023102
181_00_2_58_1_08_0_99_6_73,181.0,0.5956897683413664,0.8568221487971488,0.5316404333288185,0.13488840954796233,1.0,0.023589416640102008,0.004257443464901482,0.04054054054054054,0.007263922518159807
182_00_2_57_0_15_4_56_13_72,182.0,0.860037545354697,0.9574154851572885,0.9413351650247644,0.2811733300980759,1.0,0.08409090909090909,0.4423156906258019,0.9864864864864865,0.20277777777777778
183_00_0_56_1_47_2_44_8_08,183.0,0.7633259714124356,0.9214349735605171,0.8606994393966865,0.1952667097220974,0.9864864864864865,0.04394942805538832,0.3375953777384249,0.8513513513513513,0.13938053097345132
183_00_3_69_1_54_2_65_2_08,183.0,0.5617210618569886,0.8405732226792009,0.619506279908294,0.11867918817110476,1.0,0.019442984760903836,0.04309728658758762,0.08108108108108109,0.032432432432432434
184_00_0_58_0_01_3_94_0_09,184.0,0.5642823580120078,0.8423307304601899,0.3737903104841078,0.09458047502774096,0.8378378378378378,0.01683867463335144,-0.002508338834653134,0.013513513513513514,0.004048582995951417
184_00_4_76_0_00_0_00_2_40,184.0,0.6726882114289143,0.8858276625273922,0.6903122444475575,0.1512609304919711,0.972972972972973,0.028938906752411574,0.16807518199677118,0.35135135135135137,0.08873720136518772
185_00_0_00_0_11_17_23_2_94,185.0,0.930353042988677,0.9819320037779715,0.9629133344581688,0.42661473973165465,1.0,0.18639798488664988,0.5550022776533794,0.9864864864864865,0.31601731601731603
186_00_5_01_0_84_1_97_17_78,186.0,0.9214245949698332,0.9781589752854458,0.95175277061435,0.379495623066671,1.0,0.14859437751004015,0.5596256335407112,0.9594594594594594,0.3302325581395349
187_00_0_60_0_16_10_97_11_23,187.0,0.943850898130011,0.9854619680851063,0.9602610051983635,0.44955454533568007,0.9864864864864865,0.20916905444126074,0.6267656589671378,0.9594594594594594,0.4127906976744186
188_00_1_01_0_00_16_30_7_03,188.0,0.9187154707257886,0.9779236951236951,0.9937654325475864,0.3787718113935922,1.0,0.148,0.5690836033643484,1.0,0.3274336283185841
189_00_0_04_1_48_17_27_7_03,189.0,0.44842397908005505,0.8041305192034139,0.3902492869903109,0.07260105648620264,0.8378378378378378,0.012282091917591125,-0.002212834749728394,0.0,0.0
19_00_2_43_3_62_51_21_86_63,19.0,0.963535828423166,0.9937333783783784,0.980537665620885,0.9337097744463216,0.9864864864864865,0.8902439024390244,0.9322944450820391,0.972972972972973,0.9
190_00_0_00_0_13_19_37_16_06,190.0,0.9324276675337972,0.9819395712466393,0.9752064485124284,0.41711939048986674,1.0,0.1783132530120482,0.5869073132630765,0.9864864864864865,0.3526570048309179
191_00_3_15_0_00_15_23_4_33,191.0,0.7837674489254112,0.9337369298986486,0.5558853185566652,0.0985045479852322,0.47297297297297297,0.028067361668003207,0.019704865457441306,0.0945945945945946,0.012089810017271158
192_00_0_00_0_95_2_68_5_69,192.0,0.7293734778746572,0.9100977244083461,0.8633239361916454,0.1764884565669979,1.0,0.03616813294232649,0.2947707797439599,0.6756756756756757,0.1347708894878706
192_00_2_11_1_36_6_88_2_30,192.0,0.8592013474624454,0.9578047192269991,0.9660467680522731,0.2816390406929129,1.0,0.08409090909090909,0.415117446072088,1.0,0.1766109785202864
193_00_0_05_0_00_2_16_6_76,193.0,0.6795540284256953,0.8886198244636389,0.5636941288021502,0.1427655787801812,0.918918918918919,0.02763104429093864,0.1063278436229604,0.2972972972972973,0.04631578947368421
194_00_0_00_0_01_9_11_19_44,194.0,0.9392194886437388,0.98444,0.9905494910617761,0.4395405286076129,1.0,0.19733333333333333,0.6166372029759574,1.0,0.38341968911917096
195_00_0_00_0_00_3_11_5_95,195.0,0.652100534104636,0.8791317843353558,0.924172922609505,0.14094290376945778,1.0,0.02486559139784946,0.3556528143365462,0.7432432432432432,0.1757188498402556
196_00_1_84_3_30_0_00_0_00,196.0,0.5571957220144561,0.8449161681986554,0.5165156653240447,0.11486957693531866,1.0,0.018204182041820418,-0.007873439747096941,0.0,0.0
197_00_0_00_1_76_5_23_10_28,197.0,0.6832829694922354,0.8928510442260442,0.8569436961142529,0.15869395663043118,0.9864864864864865,0.030518394648829432,0.32285674208106385,0.9054054054054054,0.12007168458781362
197_00_0_37_2_19_21_38_3_97,197.0,0.8905841576217423,0.9679145440895441,0.9828513044452954,0.3082623136045608,1.0,0.09959623149394348,0.5113738290694465,1.0,0.26523297491039427
197_00_0_72_1_19_15_11_12_47,197.0,0.9474148792152595,0.9864915711165712,0.994050490803898,0.4541126227178398,1.0,0.21022727272727273,0.6717262047689789,1.0,0.4539877300613497
198_00_0_00_1_89_22_21_2_24,198.0,0.7178967924073104,0.9051235569740594,0.8916836759247072,0.17141114540971267,1.0,0.03425925925925926,0.35063769743652856,0.9459459459459459,0.1346153846153846
199_00_1_06_1_35_6_62_12_91,199.0,0.8341923916404343,0.9472514932432432,0.9639980328131871,0.23693024896001777,1.0,0.06085526315789474,0.4292345601354796,0.972972972972973,0.1935483870967742
2_00_13_64_11_55_46_65_34_22,2.0,0.961819029426399,0.9927918918918919,0.9878379093333328,0.9797297297297297,0.9864864864864865,0.9864864864864865,0.9695416610201966,0.972972972972973,0.9863013698630136
20_00_0_50_3_86_40_30_15_74,20.0,0.8933701479456501,0.9767797297297297,0.8211174261058752,0.7302481244817914,0.7972972972972973,0.6941176470588235,0.7426213222522495,0.7702702702702703,0.7402597402597403
200_00_3_10_0_65_0_29_0_00,200.0,0.637381828864631,0.8789224216754068,0.07623275757233705,-0.027035184671782064,0.02702702702702703,0.0007864726700747149,-0.008792187237628507,0.013513513513513514,0.0018181818181818182
21_00_0_96_6_96_13_89_64_82,21.0,0.9608965901359477,0.9930911547911548,0.9750241405919278,0.9280833211255717,0.9864864864864865,0.8795180722891566,0.9113838196943193,0.9459459459459459,0.8860759493670886
21_00_6_49_5_58_65_22_8_31,21.0,0.9875910937850466,0.9993047911547912,0.9986040170087692,0.9929913121632767,1.0,0.9866666666666667,0.9858429858429858,0.9864864864864865,0.9864864864864865
22_00_1_00_8_60_82_87_39_03,22.0,0.9269511238375683,0.982624500587544,0.979987629577243,0.815048211041491,1.0,0.6788990825688074,0.8867990258333417,1.0,0.7956989247311828
22_00_11_64_4_48_70_83_51_40,22.0,0.9767252244129653,0.9966979435957697,0.9919961304237288,0.9599952651398387,1.0,0.925,0.9655596888173973,0.9864864864864865,0.948051948051948
23_00_2_15_8_94_3_73_9_79,23.0,0.8890466489123168,0.9762010135135135,0.6566388389431059,0.6632342945831371,0.6486486486486487,0.7058823529411765,0.6531607618094915,0.5945945945945946,0.7457627118644068
23_00_3_20_4_54_58_38_45_70,23.0,0.9559203363553114,0.992113063063063,0.9834065773340671,0.9078176454451269,1.0,0.8314606741573034,0.911210050159574,0.9864864864864865,0.8488372093023255
24_00_2_24_5_87_72_22_40_62,24.0,0.935836161913218,0.985331945945946,0.9389705933973878,0.8087597327420769,0.9594594594594594,0.696078431372549,0.8564474939809509,0.918918918918919,0.8095238095238095
25_00_2_97_6_20_21_00_67_37,25.0,0.9641361174279565,0.9937186590436591,0.9729126586678304,0.9115200162563266,0.9864864864864865,0.8488372093023255,0.9195921240530448,0.9594594594594594,0.8875
26_00_8_50_10_40_48_78_40_50,26.0,0.9758483715037568,0.9966478978978979,0.990938780260576,0.9529792073789796,0.9864864864864865,0.9240506329113924,0.9529792073789796,0.9864864864864865,0.9240506329113924
27_00_0_00_8_21_5_42_17_01,27.0,0.9213937021349083,0.9823750965250966,0.9111287614717093,0.7504846792612199,0.918918918918919,0.6296296296296297,0.7308490027103784,0.7702702702702703,0.7125
28_00_6_04_11_69_5_92_18_30,28.0,0.9087789303981693,0.975802935694315,0.9037495053489478,0.6900696545532485,0.9459459459459459,0.5223880597014925,0.7333078456907837,0.8243243243243243,0.6703296703296703
29_00_1_61_7_29_73_12_13_59,29.0,0.9333960219767965,0.9839224324324324,0.9848722963032348,0.7768193328323317,1.0,0.6166666666666667,0.8831179340268508,1.0,0.7872340425531915
3_00_4_45_11_36_12_41_41_29,3.0,0.9066638847165694,0.9801753378378378,0.949714500855667,0.9486832980505139,1.0,0.925,0.9381113878124424,0.972972972972973,0.935064935064935
3_00_6_36_10_10_38_36_53_64,3.0,0.89670138455368,0.9797908783783784,0.9496320060151252,0.9486832980505139,1.0,0.925,0.9486832980505139,1.0,0.925
30_00_4_57_4_32_53_47_22_81,30.0,0.94359584825741,0.9877930688753269,0.9757085405590782,0.8254140846962531,1.0,0.6915887850467289,0.8756843958809352,0.9864864864864865,0.7849462365591398
31_00_2_57_8_37_55_93_13_06,31.0,0.9749101515371368,0.9961403716216216,0.9942757534346567,0.9365426499506849,1.0,0.8809523809523809,0.9543545006668386,1.0,0.9135802469135802
32_00_0_00_13_69_4_03_33_51,32.0,0.930317595094935,0.9856626126126126,0.6690963753763255,0.692526237668314,0.581081081081081,0.8431372549019608,0.6944240567853348,0.5405405405405406,0.9090909090909091
32_00_3_68_11_43_7_29_7_89,32.0,0.8144705921529791,0.9446877559377559,0.7782252073793839,0.48503162970901376,0.918918918918919,0.2809917355371901,0.5140478743557031,0.6891891891891891,0.4112903225806452
33_00_0_88_4_49_5_91_16_41,33.0,0.9568832291369139,0.9916471383147853,0.9767934152384291,0.8570923367972645,0.9864864864864865,0.7525773195876289,0.8887699365056783,0.972972972972973,0.8181818181818182
34_00_4_42_6_01_38_14_16_18,34.0,0.9738112607466568,0.9960693436293436,0.9826766182808897,0.9278536952443953,0.972972972972973,0.8888888888888888,0.9388050502198967,0.9594594594594594,0.922077922077922
35_00_2_28_7_32_11_41_9_78,35.0,0.9471669176168602,0.9887507507507507,0.86384855105949,0.7479791651827546,0.7702702702702703,0.7402597402597403,0.7162688141885675,0.6621621621621622,0.7903225806451613
35_00_3_10_8_84_11_89_27_17,35.0,0.9011352379751243,0.9737881381381381,0.8970095351198617,0.6356809248717755,0.9324324324324325,0.45098039215686275,0.7077651094590937,0.8783783783783784,0.5855855855855856
36_00_2_15_5_63_8_62_45_17,36.0,0.9593536004514635,0.992577465303141,0.9843498519576874,0.874338374196508,1.0,0.7708333333333334,0.8711729556776378,0.9594594594594594,0.797752808988764
37_00_14_80_2_89_15_49_34_73,37.0,0.8975694225141909,0.9720140469416785,0.8958450026254118,0.6146980135798665,0.9459459459459459,0.4166666666666667,0.7196865568695304,0.8918918918918919,0.5945945945945946
37_00_2_73_4_78_19_82_41_02,37.0,0.9822632428418864,0.9980346017069701,0.9951895484325425,0.9607148239581677,1.0,0.925,0.9597817095357031,0.9864864864864865,0.9358974358974359
37_00_3_47_7_62_8_75_11_62,37.0,0.9616124953933528,0.9928874466571835,0.9382773481346828,0.8585832084660454,0.9459459459459459,0.7865168539325843,0.880538037771322,0.918918918918919,0.85
38_00_0_69_6_69_5_61_12_52,38.0,0.9606809265571905,0.9921276507276507,0.9789129191283729,0.8531463144301816,0.9864864864864865,0.7448979591836735,0.8325950801367495,0.8918918918918919,0.7857142857142857
38_00_5_02_3_27_5_40_4_26,38.0,0.7100130905957962,0.9163037768537768,0.22843691051718862,0.1745989595572411,0.43243243243243246,0.10666666666666667,0.15566780381739043,0.25675675675675674,0.13380281690140844
39_00_8_47_7_40_19_22_10_17,39.0,0.6658828820870455,0.8849538175675675,0.6260835921931257,0.27947450548932595,0.8783783783783784,0.1146384479717813,0.4071907992465276,0.6351351351351351,0.2883435582822086
4_00_7_11_10_02_77_59_71_55,4.0,0.9523114692700531,0.991838918918919,0.9800677862665326,0.9753454266559625,1.0,0.961038961038961,0.9753454266559625,1.0,0.961038961038961
4_00_8_12_10_38_76_22_31_68,4.0,0.9599945603752068,0.9925467567567567,0.9867118540278764,0.9674179220468452,1.0,0.9487179487179487,0.9834151021607787,1.0,0.9736842105263158
40_00_4_49_1_89_11_07_7_47,40.0,0.9465328283427809,0.9895153922214898,0.8868490765380953,0.7759403058657346,0.8378378378378378,0.7294117647058823,0.7528832554089561,0.7432432432432432,0.7746478873239436
40_00_4_80_4_62_37_76_6_94,40.0,0.8914514589922838,0.9706277521423863,0.9466236599082645,0.6066343061080129,1.0,0.38341968911917096,0.7665114017622197,0.9594594594594594,0.6228070175438597
41_00_1_72_4_09_14_10_63_55,41.0,0.9184892283130109,0.9798592985842985,0.9692829260687671,0.686342826414494,1.0,0.48366013071895425,0.785552115545041,0.9864864864864865,0.6347826086956522
42_00_4_85_6_42_26_80_38_70,42.0,0.9138020455695457,0.977757228158391,0.9686631080360346,0.6556329587209321,1.0,0.4431137724550898,0.7821650966911746,0.9864864864864865,0.6293103448275862
43_00_0_00_6_76_4_88_5_25,43.0,0.955336856008919,0.9907005528255528,0.9646719793104263,0.8161025955784063,0.972972972972973,0.6923076923076923,0.8021948849955978,0.8648648648648649,0.7529411764705882
43_00_0_00_9_37_19_67_5_32,43.0,0.9420216395171226,0.9882776412776413,0.830962632731131,0.7246484003237421,0.7837837837837838,0.6823529411764706,0.7073094433023628,0.6891891891891891,0.7391304347826086
43_00_1_86_3_44_4_83_58_24,43.0,0.8988695461279641,0.9711090909090909,0.9764344872638223,0.5837697490080206,1.0,0.3557692307692308,0.7822992350280114,0.9864864864864865,0.6293103448275862
43_00_3_58_8_14_43_09_31_32,43.0,0.9694856405182031,0.994902242014742,0.9716514617334758,0.8768667794124768,0.9594594594594594,0.8068181818181818,0.8961630085585173,0.9459459459459459,0.8536585365853658
44_00_0_08_5_56_16_52_28_80,44.0,0.9641822754840031,0.9938144444444444,0.8369092262024465,0.8409277214658245,0.7972972972972973,0.8939393939393939,0.8219422318673654,0.7432432432432432,0.9166666666666666
44_00_4_60_4_79_15_42_4_80,44.0,0.9473928095303034,0.9893053153153153,0.896389547751496,0.7732340311141673,0.9054054054054054,0.67,0.7384749955853487,0.7837837837837838,0.7073170731707317
45_00_11_27_2_53_52_32_6_84,45.0,0.9726223403038418,0.99557276733255,0.9709187856781553,0.8821692369309471,0.9594594594594594,0.8160919540229885,0.9061211580058152,0.9324324324324325,0.8846153846153846
46_00_1_85_5_31_2_48_20_17,46.0,0.9581974393040325,0.99216843013226,0.8868992589800104,0.7956668061403428,0.8108108108108109,0.7894736842105263,0.7766020790693259,0.7432432432432432,0.8208955223880597
46_00_3_70_3_86_25_24_75_35,46.0,0.9832779733220297,0.9983746118458885,0.9974122921196343,0.9609212065603461,1.0,0.925,0.9734490852202621,1.0,0.9487179487179487
46_00_6_75_4_15_43_57_21_13,46.0,0.9652211779359791,0.9936194077055779,0.9578011103951575,0.823217588531509,0.9324324324324325,0.7340425531914894,0.8755659265961091,0.918918918918919,0.8395061728395061
47_00_0_00_7_39_33_49_9_44,47.0,0.9623097081514788,0.9933542511261261,0.9558264049704719,0.8362418607801757,0.9054054054054054,0.7790697674418605,0.8280905116470959,0.8648648648648649,0.8
48_00_1_59_2_73_4_46_29_77,48.0,0.8543048712108813,0.9588283783783784,0.9426325511785706,0.5018767425785694,1.0,0.26714801444043323,0.6688881641208572,0.9864864864864865,0.46496815286624205
49_00_1_99_4_53_35_10_24_32,49.0,0.9815462756267556,0.9980488378378378,0.9659673038903958,0.9456509941328728,0.9594594594594594,0.9342105263157895,0.9448428019856592,0.9459459459459459,0.9459459459459459
5_00_4_31_10_50_55_73_14_67,5.0,0.8888362385953975,0.9775051801801802,0.9511222130276432,0.9258200997725515,1.0,0.8809523809523809,0.9258200997725515,1.0,0.8809523809523809
5_00_4_73_11_26_98_38_59_75,5.0,0.979343983161526,0.9977301801801802,0.994569102341043,0.9919677414109795,1.0,0.9866666666666667,0.9919677414109795,1.0,0.9866666666666667
50_00_0_00_3_54_30_88_7_87,50.0,0.9265954248572347,0.9813673290937996,0.945766256874619,0.6439267018744679,0.9864864864864865,0.4319526627218935,0.7821170476474237,0.9594594594594594,0.6454545454545455
51_00_2_86_6_83_20_34_29_60,51.0,0.9553806647927313,0.9900850311850312,0.9861987938163699,0.7738493495602685,1.0,0.6065573770491803,0.8572642304355839,1.0,0.74
51_00_3_68_3_82_47_05_6_54,51.0,0.92266161444725,0.9799255457380457,0.9830571017222144,0.6493273137067704,1.0,0.4327485380116959,0.7771447601866265,1.0,0.6115702479338843
52_00_2_33_4_42_40_59_49_71,52.0,0.934862846855948,0.9844735084140744,0.9835041489765012,0.7002746713858894,1.0,0.5,0.7978860028717105,1.0,0.6434782608695652
53_00_0_00_2_70_21_30_15_66,53.0,0.9455892915864823,0.9881875625625626,0.9500940402789599,0.734009519842894,0.972972972972973,0.5625,0.7938814572456708,0.9324324324324325,0.6831683168316832
53_00_0_60_15_22_9_38_24_83,53.0,0.9439682029869465,0.9891810560560561,0.5997117970718726,0.6293109660264886,0.527027027027027,0.7647058823529411,0.6290199429413816,0.5,0.8043478260869565
54_00_3_14_6_15_3_28_4_83,54.0,0.9516760449103353,0.9904453808353808,0.6937753611322901,0.6923716806512699,0.7027027027027027,0.6933333333333334,0.7248296412053561,0.6621621621621622,0.8032786885245902
55_00_0_36_4_48_23_00_37_63,55.0,0.9653958486948753,0.9935799710424711,0.9611135480505035,0.8227549122840524,0.9459459459459459,0.7216494845360825,0.8469257208241591,0.9054054054054054,0.7976190476190477
55_00_6_09_3_52_2_80_15_16,55.0,0.7284818806095044,0.9176794401544401,0.30003580530540863,0.1458388692545272,0.43243243243243246,0.07476635514018691,0.21228700992059782,0.3918918918918919,0.1407766990291262
56_00_1_53_6_81_15_03_50_43,56.0,0.977244862832097,0.9968402797534377,0.9768334827014526,0.9028259523547578,0.9864864864864865,0.8295454545454546,0.9213570224259413,0.9594594594594594,0.8875
57_00_0_53_1_94_18_61_12_64,57.0,0.9778503966422345,0.9968825722273998,0.9811854452804183,0.894913349921086,0.9324324324324325,0.8625,0.9050903621402665,0.918918918918919,0.8947368421052632
58_00_0_00_2_13_16_83_21_84,58.0,0.8700534402139268,0.9626625973431058,0.9360034368440397,0.49227081861359784,1.0,0.25517241379310346,0.6407354780153586,0.9594594594594594,0.4382716049382716
59_00_0_84_1_91_34_41_10_20,59.0,0.9808576801585978,0.9976386261261261,0.9914010059756369,0.9156097767771432,0.9594594594594594,0.8765432098765432,0.9187101750176242,0.9324324324324325,0.9078947368421053
6_00_7_80_13_47_53_60_62_63,6.0,0.9860512615599206,0.9987175675675676,1.0,0.9921917377424812,1.0,0.9866666666666667,0.9841797932648546,0.972972972972973,1.0
60_00_5_49_1_95_6_14_31_56,60.0,0.9588291052425972,0.9918005981391227,0.8530093035055362,0.7510852861075391,0.8378378378378378,0.6813186813186813,0.716489187353986,0.7162162162162162,0.726027397260274
61_00_0_88_4_66_1_29_15_36,61.0,0.9413155999330878,0.9884860723626853,0.6077983864482861,0.589637504417456,0.5540540540540541,0.640625,0.5421694169671963,0.44594594594594594,0.673469387755102
62_00_4_26_5_77_33_09_23_15,62.0,0.9703688131491366,0.9949800943800944,0.9860444478319308,0.8459457403815553,0.9864864864864865,0.73,0.8802362464882364,0.972972972972973,0.8
62_00_5_67_5_76_18_69_63_81,62.0,0.9531602353576697,0.9900231231231231,0.9894051515935447,0.7439886165685452,1.0,0.5606060606060606,0.8326127946010766,1.0,0.6981132075471698
63_00_1_23_2_79_4_71_3_76,63.0,0.7093672823463223,0.9086440456081081,0.2764841752146273,0.1313355008710643,0.47297297297297297,0.05843071786310518,0.14701010795324815,0.28378378378378377,0.10047846889952153
64_00_3_44_7_03_56_49_15_10,64.0,0.9210568226836184,0.9797300831600831,0.9846158610628735,0.6001301942078903,1.0,0.37,0.7327990756640715,1.0,0.5441176470588235
65_00_1_39_3_54_24_95_24_83,65.0,0.9072848959940112,0.9751047502047502,0.9862131559281515,0.5444200890146266,1.0,0.3070539419087137,0.7384782814787744,1.0,0.5522388059701493
66_00_5_75_2_08_42_63_20_49,66.0,0.9355103560795466,0.9848060911657927,0.9827995194919728,0.6532518411106383,1.0,0.43529411764705883,0.7782576364290654,1.0,0.6115702479338843
67_00_0_37_2_73_35_47_3_47,67.0,0.9741191305867828,0.9957907591414944,0.9884048765592395,0.8549133380127633,0.9864864864864865,0.7448979591836735,0.8807726002724983,0.9459459459459459,0.8235294117647058
68_00_0_15_3_83_31_61_3_95,68.0,0.9244237318740228,0.9803250293772033,0.9419627768558556,0.5801785805564706,0.9864864864864865,0.35096153846153844,0.7154345927492657,0.9324324324324325,0.5564516129032258
68_00_3_45_2_23_7_03_37_62,68.0,0.9357487186783223,0.9850999608303956,0.957548530672855,0.6502745484824103,0.9864864864864865,0.437125748502994,0.7504838065000069,0.972972972972973,0.5853658536585366
68_00_4_44_1_58_20_03_8_48,68.0,0.9611589955948912,0.9925599294947121,0.8167033561269512,0.6943268711769847,0.6891891891891891,0.7083333333333334,0.6983438658945746,0.6216216216216216,0.7931034482758621
69_00_0_00_1_18_3_70_9_02,69.0,0.7841289201283701,0.9310581274131274,0.9373350588284288,0.34270219220515274,1.0,0.13005272407732865,0.5449873809682542,1.0,0.3070539419087137
69_00_1_30_2_88_9_35_34_51,69.0,0.9436117322329974,0.985989305019305,0.9777385177292195,0.6616275417605167,1.0,0.4457831325301205,0.7775851486048186,0.9864864864864865,0.6186440677966102
7_00_6_09_14_50_64_82_69_66,7.0,0.9796953330711234,0.9963300675675676,0.9960628734729937,0.9702535449004767,1.0,0.9487179487179487,0.9845559845559846,0.9864864864864865,0.9864864864864865
70_00_1_37_1_29_29_88_34_79,70.0,0.9437031409189575,0.9876196802436239,0.940944440108684,0.6673359735450364,0.9324324324324325,0.4859154929577465,0.720397327088931,0.8918918918918919,0.5892857142857143
71_00_0_28_2_69_23_91_10_19,71.0,0.9635513779879931,0.9936629504504505,0.734803452492036,0.6991650488399311,0.5945945945945946,0.8301886792452831,0.709157413867387,0.5675675675675675,0.8936170212765957
71_00_0_71_2_64_3_23_4_77,71.0,0.7553808819759438,0.9287791291291291,0.010756971529239268,-0.011263308542129716,0.05405405405405406,0.009411764705882352,-0.021870553724145415,0.0,0.0
72_00_2_09_3_57_7_20_12_88,72.0,0.9211392992655328,0.9798184005923732,0.974261578998328,0.5774616300295445,1.0,0.3425925925925926,0.7096083858739847,1.0,0.5103448275862069
72_00_6_96_5_27_54_16_4_62,72.0,0.9281036595711502,0.9823776379118845,0.9858822864798493,0.6106162736751911,1.0,0.38144329896907214,0.7333389037221593,1.0,0.5441176470588235
73_00_0_60_4_44_16_98_16_09,73.0,0.9074628469100666,0.9757567932797663,0.9570203247799923,0.5454920074153594,1.0,0.3070539419087137,0.6475508031014909,0.972972972972973,0.43902439024390244
74_00_0_94_2_68_34_22_6_73,74.0,0.9717276225173277,0.9954647567567567,0.9919175460940521,0.8330868239852358,1.0,0.6981132075471698,0.8830755095989274,0.9864864864864865,0.7934782608695652
75_00_1_15_5_61_25_65_18_33,75.0,0.9736904616361646,0.9957034495021337,0.9864422070978391,0.8356659146073154,0.9594594594594594,0.7319587628865979,0.8706091254412816,0.9459459459459459,0.8045977011494253
76_00_2_74_2_86_4_00_9_38,76.0,0.6474760473692163,0.8758301684801685,0.49336426636115116,0.16934394420941568,0.7972972972972973,0.05094991364421416,0.27369659017508857,0.47297297297297297,0.17587939698492464
77_00_3_17_1_92_17_31_13_99,77.0,0.9708209956671167,0.9954182259182259,0.9215562128033622,0.8122318543274378,0.8783783783783784,0.7558139534883721,0.8028428251548203,0.8108108108108109,0.8
78_00_1_75_5_11_3_16_49_54,78.0,0.9808101972916716,0.9977514539856313,0.9965479753995662,0.9158981733082908,1.0,0.8409090909090909,0.9321636713075556,1.0,0.8705882352941177
79_00_3_20_5_27_8_09_20_46,79.0,0.7209592881491612,0.9151971452702703,0.0444571249203749,-0.038063543028929996,0.0,0.0,-0.020207175225248872,0.0,0.0
8_00_2_40_9_87_66_46_34_50,8.0,0.965598934534977,0.9942162162162163,0.9859557353872778,0.970725343394151,1.0,0.9487179487179487,0.9700594190763804,0.9864864864864865,0.9605263157894737
80_00_3_13_6_15_3_44_3_96,80.0,0.7735784095826099,0.9346058725392059,0.2677009967500932,0.13977779816718375,0.4189189189189189,0.06471816283924843,0.09566687052340161,0.21621621621621623,0.0622568093385214
81_00_3_00_7_40_52_17_38_41,81.0,0.9474287544978657,0.9864372116018457,0.9908838977557791,0.6163375849447071,1.0,0.387434554973822,0.8215442007047656,1.0,0.6788990825688074
82_00_3_09_6_78_11_16_7_93,82.0,0.535213478716173,0.8352817160534027,0.6701950528171223,0.17501640980271788,1.0,0.04230989136649514,0.01997332314510202,0.04054054054054054,0.02857142857142857
83_00_0_00_4_21_9_38_36_80,83.0,0.964914032993657,0.9929811615186616,0.9845752468560598,0.7600323541762839,1.0,0.5826771653543307,0.8339892015090629,0.9864864864864865,0.7087378640776699
83_00_1_15_4_33_26_81_2_61,83.0,0.9746900971338947,0.9961849099099099,0.8880077352232872,0.807337836258036,0.7702702702702703,0.8507462686567164,0.7729353070723316,0.6621621621621622,0.9074074074074074
83_00_3_14_4_66_2_77_7_21,83.0,0.6813453100376948,0.9018731338481338,0.03411431035972079,-0.04050472918282478,0.0,0.0,-0.023299299868297006,0.0,0.0
83_00_4_17_0_92_6_02_8_40,83.0,0.5328623648534601,0.8489680501930502,0.10077848557969904,-0.05390912227027679,0.0,0.0,-0.010836456037158387,0.0,0.0
84_00_0_00_4_59_21_03_14_40,84.0,0.9588297168078437,0.991874546899841,0.8066143971526865,0.641226070780958,0.7162162162162162,0.5824175824175825,0.6582743917437104,0.6486486486486487,0.676056338028169
84_00_0_41_0_00_29_54_5_95,84.0,0.9312974863772931,0.9831812082670907,0.9396622094886378,0.5807808077571376,0.972972972972973,0.35467980295566504,0.6983027914861222,0.9594594594594594,0.5144927536231884
84_00_4_97_1_65_4_14_26_40,84.0,0.8686214159608203,0.9621592209856916,0.9691041478176559,0.42671693510933495,1.0,0.19170984455958548,0.6165566553040368,1.0,0.387434554973822
85_00_0_00_3_30_13_48_20_06,85.0,0.9604745837082062,0.9915481615336267,0.9771078097641711,0.7055161908475529,0.9864864864864865,0.5104895104895105,0.8219506485961214,0.9864864864864865,0.6886792452830188
86_00_0_70_4_04_15_53_3_01,86.0,0.9576379414659434,0.9914452625038832,0.9566365937277328,0.7041858992840158,0.9459459459459459,0.5303030303030303,0.7454172104074462,0.8918918918918919,0.6285714285714286
86_00_0_94_1_10_14_88_53_00,86.0,0.9827100133789041,0.9982956042249146,0.9965187151969365,0.9267376207056407,1.0,0.8604651162790697,0.930642621721463,0.9864864864864865,0.8795180722891566
86_00_2_30_1_62_17_93_3_67,86.0,0.785437623321965,0.9308619757688723,0.9688099571465764,0.3072568081629133,1.0,0.1048158640226629,0.5299016747319458,1.0,0.2890625
86_00_3_09_5_60_37_27_48_93,86.0,0.9286489837670054,0.9809700838769805,0.9947780765058417,0.5468056598146426,1.0,0.3070539419087137,0.7340413404342321,1.0,0.5441176470588235
87_00_0_08_10_08_5_38_22_88,87.0,0.7664963629641519,0.9275545147420148,0.5031076150840059,0.2114737899926918,0.7027027027027027,0.07749627421758569,0.271193209116105,0.5540540540540541,0.1474820143884892
88_00_2_11_1_84_3_28_2_31,88.0,0.879543385934023,0.972927968417856,0.007760553290112493,-0.014887702354493906,0.0,0.0,-0.011128346207069694,0.0,0.0
89_00_2_10_2_42_4_01_24_19,89.0,0.9739919529635688,0.9957924024024024,0.9700448645970374,0.8184971338409629,0.972972972972973,0.6923076923076923,0.8465375349090328,0.9459459459459459,0.7608695652173914
9_00_6_39_8_89_19_88_90_76,9.0,0.9673984925197616,0.9944687837837838,0.9874190857408206,0.9633626394698929,0.9864864864864865,0.948051948051948,0.9704332263467267,0.9864864864864865,0.9605263157894737
90_00_3_02_6_95_54_08_2_61,90.0,0.9184749232676125,0.9778244282744283,0.9807522861102185,0.51279914485397,1.0,0.27106227106227104,0.7007506362028524,1.0,0.4966442953020134
90_00_5_39_1_66_5_80_23_14,90.0,0.5804044127988803,0.8563106474606474,0.5166457501138695,0.14463030089644555,0.8108108108108109,0.03843689942344651,0.14769799418149196,0.1891891891891892,0.13333333333333333
91_00_0_00_1_37_25_92_3_66,91.0,0.948513057013024,0.9879971944770858,0.9430618948331355,0.6259227479023812,0.9594594594594594,0.4152046783625731,0.7567530794346734,0.9594594594594594,0.6016949152542372
91_00_0_30_0_56_6_08_3_72,91.0,0.8860436601444347,0.9702775851938895,0.8517264661380793,0.4255806341453213,0.8918918918918919,0.2129032258064516,0.45780303143092427,0.7432432432432432,0.2925531914893617
91_00_1_67_3_84_3_81_12_24,91.0,0.663134148738765,0.8849751909518214,0.6001365606703739,0.21154973761804305,0.9594594594594594,0.05744336569579288,0.05640973702106127,0.14864864864864866,0.03900709219858156
92_00_2_71_3_35_19_40_30_55,92.0,0.9340157736617565,0.9833655768671897,0.9839780847423284,0.5683998734597575,1.0,0.33035714285714285,0.7261482014780819,1.0,0.5323741007194245
93_00_0_69_0_91_2_27_27_25,93.0,0.916067267303319,0.9778008913168488,0.9118966854859273,0.49424784086478296,0.9594594594594594,0.26296296296296295,0.6278384030529219,0.918918918918919,0.4358974358974359
94_00_1_70_2_95_27_42_3_39,94.0,0.8821491429258292,0.9642185917496444,0.9904394962765141,0.398200438349535,1.0,0.167420814479638,0.6571831664108364,1.0,0.4378698224852071
94_00_1_87_2_82_17_19_18_49,94.0,0.9729194886624412,0.9954669559032717,0.8978018280854334,0.7607841444575738,0.8513513513513513,0.6847826086956522,0.7897361271635851,0.7972972972972973,0.7866666666666666
95_00_0_00_6_60_19_15_3_58,95.0,0.9150276805578161,0.9788049408783783,0.9395076694515957,0.5179709267254405,0.9864864864864865,0.2796934865900383,0.6193170922162134,0.9324324324324325,0.41818181818181815
95_00_1_16_2_85_19_48_11_32,95.0,0.8942528353675572,0.9703451295045045,0.9613032638552896,0.44536886449672153,1.0,0.20670391061452514,0.6103145253178782,0.9864864864864865,0.38421052631578945
96_00_0_81_2_01_21_67_1_58,96.0,0.9195062909623777,0.9790699219838395,0.9687318634818182,0.5233383989809163,1.0,0.2813688212927757,0.6410328938363712,0.972972972972973,0.42857142857142855
96_00_7_79_1_21_14_04_21_46,96.0,0.944897511224529,0.9875636667595431,0.8452799943520993,0.5324461405045778,0.7567567567567568,0.3835616438356164,0.5056346349895051,0.5945945945945946,0.44
97_00_1_40_1_09_37_43_2_87,97.0,0.4667355033811117,0.8175796607832322,0.3028335765355228,-0.06412935968873229,0.0,0.0,-0.0066526749955006445,0.0,0.0
98_00_0_66_3_51_17_58_7_66,98.0,0.9704036998767962,0.9949127081627082,0.9477215509070716,0.7684911822736274,0.8918918918918919,0.6666666666666666,0.795423783076832,0.8648648648648649,0.735632183908046
99_00_0_84_0_65_4_76_19_81,99.0,0.5915583233160616,0.856450054054054,0.9198093532416423,0.17733710212716414,1.0,0.04113396331295164,0.4972140579977836,0.972972972972973,0.26181818181818184
